0 Wheel Rim  6.4 x 11 with 8 Y-Shaped Spokes
0 Name: 93595.dat
0 Author: Philippe Hurbain [Philo]
0 !LDRAW_ORG Part UPDATE 2012-02
0 !LICENSE Redistributable under CCAL version 2.0 : see CAreadme.txt

0 BFC CERTIFY CW

0 !HISTORY 2012-08-09 [PTadmin] Official Update 2012-02

0 // Nomenclature: width_(mm) x rim_diameter_(mm) [optional qualifier]

1 16 0 0 0 1 0 0 0 1 0 0 0 1 s\93593s01.dat
2 24 -8.485 8.485 -2 -8.485 8.485 -5
2 24 8.485 8.485 -2 8.485 8.485 -5
2 24 8.485 8.485 -5 -8.485 8.485 -5
2 24 3.515 8.485 -2.352 8.485 8.485 -2
2 24 0 8.485 -2.439 3.515 8.485 -2.352
2 24 -3.515 8.485 -2.352 0 8.485 -2.439
2 24 -8.484 8.485 -2 -3.515 8.485 -2.352
4 16 -8.485 8.485 -2 8.485 8.485 -2 8.485 8.485 -5 -8.485 8.485 -5
2 24 -8.485 -8.485 -2 -8.485 -8.485 -5
2 24 8.485 -8.485 -2 8.485 -8.485 -5
2 24 8.485 -8.485 -5 -8.485 -8.485 -5
2 24 3.515 -8.485 -2.352 8.485 -8.485 -2
2 24 0 -8.485 -2.439 3.515 -8.485 -2.352
2 24 -3.515 -8.485 -2.352 0 -8.485 -2.439
2 24 -8.484 -8.485 -2 -3.515 -8.485 -2.352
4 16 -8.485 -8.485 -5 8.485 -8.485 -5 8.485 -8.485 -2 -8.485 -8.485 -2
4 16 -8.485 8.485 -5 8.485 8.485 -5 9.192 9.192 -5 -9.192 9.192 -5
1 16 0 0 -5 9.19239 0 -9.19239 -9.19239 0 -9.19239 0 1 0 1-4chrd.dat
4 16 8.485 -8.485 -5 -8.485 -8.485 -5 -9.192 -9.192 -5 9.192 -9.192 -5
1 16 0 0 -5 -9.19239 0 9.19239 9.19239 0 9.19239 0 1 0 1-4chrd.dat
1 16 0 0 -8 0.4 0 0 0 0 0.4 0 1 0 4-4rin34.dat
1 16 0 0 -5 0.28284 0 0.28284 -0.28284 0 0.28284 0 -1 0 1-4rin34.dat
1 16 0 0 -5 -0.28284 0 -0.28284 0.28284 0 -0.28284 0 -1 0 1-4rin34.dat
1 16 0 0 0 1 0 0 0 1 0 0 0 1 s\93595s01.dat
1 16 0 0 0 -1 0 0 0 1 0 0 0 1 s\93595s01.dat
1 16 0 0 0 0 1 0 -1 0 0 0 0 1 s\93595s01.dat
1 16 0 0 0 0 1 0 1 0 0 0 0 1 s\93595s01.dat
1 16 0 0 0 0 -1 0 1 0 0 0 0 1 s\93595s01.dat
1 16 0 0 0 0 -1 0 -1 0 0 0 0 1 s\93595s01.dat
1 16 0 0 0 1 0 0 0 -1 0 0 0 1 s\93595s01.dat
1 16 0 0 0 -1 0 0 0 -1 0 0 0 1 s\93595s01.dat
1 16 0 0 0 0.70711 -0.70711 0 0.70711 0.70711 0 0 0 1 s\93595s01.dat
1 16 0 0 0 -0.70711 -0.70711 0 -0.70711 0.70711 0 0 0 1 s\93595s01.dat
1 16 0 0 0 0.70711 0.70711 0 -0.70711 0.70711 0 0 0 1 s\93595s01.dat
1 16 0 0 0 -0.70711 0.70711 0 0.70711 0.70711 0 0 0 1 s\93595s01.dat
1 16 0 0 0 -0.70711 -0.70711 0 0.70711 -0.70711 0 0 0 1 s\93595s01.dat
1 16 0 0 0 0.70711 -0.70711 0 -0.70711 -0.70711 0 0 0 1 s\93595s01.dat
1 16 0 0 0 0.70711 0.70711 0 0.70711 -0.70711 0 0 0 1 s\93595s01.dat
1 16 0 0 0 -0.70711 0.70711 0 -0.70711 -0.70711 0 0 0 1 s\93595s01.dat
1 16 0 0 -5 5 0 0 0 0 5 0 -1 0 4-4disc.dat
1 16 0 0 -8 2.5 0 0 0 0 2.5 0 1 0 4-4ring1.dat
0 BFC INVERTNEXT
1 16 0 0 -8 2.5 0 0 0 0 2.5 0 -1 0 bump5000.dat
0 // Back "Spoke"
1 16 -1.5 9.35 5.5 0 1 0 -2.35 0 0 0 0 2.5 rect3.dat
1 16 1.5 9.35 5.5 0 -1 0 2.35 0 0 0 0 2.5 rect3.dat
4 16 1.5 7 8 -1.5 7 8 -1.5 12.2 8 1.5 12.2 8
2 24 -1.5 6.7 3 -1.5 7.7 3
2 24 -1.5 7.7 3 -1.5 11.7 5
2 24 1.5 6.7 3 1.5 7.7 3
2 24 1.5 7.7 3 1.5 11.7 5
