0 Minifig Torso with Train Chevron Pattern
0 Name: 973p19.dat
0 Author: Chris Dee [cwdee]
0 !LDRAW_ORG Part UPDATE 2001-01
0 !LICENSE Redistributable under CCAL version 2.0 : see CAreadme.txt

0 !HISTORY 1999-05-24 [PTadmin] Official Update 1999-04
0 !HISTORY 2000-11-05 [cwdee] Moved neck mark from s\973s01.dat
0 !HISTORY 2001-10-26 [PTadmin] Official Update 2001-01
0 !HISTORY 2007-07-28 [PTadmin] Header formatted for Contributor Agreement
0 !HISTORY 2008-07-01 [PTadmin] Official Update 2008-01

4 16 -12 0 -10 12 0 -10 12.586 0.5 -10 -12.586 0.5 -10
4 7 -12.586 0.5 -10 -14.345 2 -10 -15.121 6.5 -10 -9 0.5 -10
4 4 -9 0.5 -10 -15.121 6.5 -10 -16.069 12 -10 -4.5 0.5 -10
4 7 -4.5 0.5 -10 -16.069 12 -10 -17.017 17.5 -10 0 0.5 -10
4 4 0 0.5 -10 -17.017 17.5 -10 -17.966 23 -10 0 5 -10
4 7 0 5 -10 -17.966 23 -10 -18.914 28.5 -10 0 9.5 -10
4 4 0 9.5 -10 -18.914 28.5 -10 -18 32 -10 0 14 -10
4 4 -18.914 28.5 -10 -19 29 -10 -19 32 -10 -18 32 -10
4 7 0 14 -10 -18 32 -10 -13.5 32 -10 0 18.5 -10
4 4 0 18.5 -10 -13.5 32 -10 -9 32 -10 0 23 -10
4 7 0 23 -10 -9 32 -10 -4.5 32 -10 0 27.5 -10
3 4 0 27.5 -10 -4.5 32 -10 0 32 -10
4 7 12.586 0.5 -10 14.345 2 -10 15.121 6.5 -10 9 0.5 -10
4 4 9 0.5 -10 15.121 6.5 -10 16.069 12 -10 4.5 0.5 -10
4 7 4.5 0.5 -10 13.5 9.5 -10 9 9.5 -10 0 0.5 -10
3 7 13.5 9.5 -10 12 11 -10 10.5 9.5 -10
4 7 13.5 9.5 -10 16.069 12 -10 17.017 17.5 -10 11.25 11.75 -10
4 7 10 9.5 -10 11 10.7 -10 10.2 10.7 -10 9 9.5 -10
4 4 0 0.5 -10 9.25 9.75 -10 4.75 9.75 -10 0 5 -10
4 4 9.25 9.75 -10 10.2 10.7 -10 8.25 10.7 -10 8.25 9.5 -10
3 4 4.5 9.5 -10 5.75 9.5 -10 5.75 10.7 -10
4 4 11 11.3 -10 10 12.5 -10 8.25 12.5 -10 8.25 11.3 -10
3 4 10.5 12.5 -10 9 14 -10 7.5 12.5 -10
4 4 11.25 11.75 -10 17.017 17.5 -10 17.966 23 -10 9 14 -10
4 4 8.25 9.75 -10 8.25 10.7 -10 8.191 10.7 -10 8.155 10.522 -10
3 4 8.25 9.75 -10 8.155 10.522 -10 7.884 10.116 -10
3 4 8.25 9.75 -10 7.884 10.116 -10 7.478 9.845 -10
3 4 8.25 9.75 -10 7.478 9.845 -10 7 9.75 -10
3 4 5.75 9.75 -10 7 9.75 -10 6.522 9.845 -10
3 4 5.75 9.75 -10 6.522 9.845 -10 6.116 10.116 -10
3 4 5.75 9.75 -10 6.116 10.116 -10 5.845 10.522 -10
4 4 5.75 9.75 -10 6.116 10.116 -10 5.809 10.7 -10 5.75 10.7 -10 
4 7 7.5 12.5 -10 17.966 23 -10 18.914 28.5 -10 3 12.5 -10
4 7 0 9 -10 3.5 12.5 -10 3 12.5 -10 0 9.5 -10
4 7 0 5 -10 4 9 -10 2 11 -10 0 9.5 -10
3 7 4 9 -10 4.5 9.5 -10 3.5 9.5 -10
4 7 3 11.3 -10 5.75 11.3 -10 5.75 12.5 -10 4 12.5 -10 
4 7 4.5 9.5 -10 5.7 10.7 -10 3 10.7 -10 4 9.5 -10
4 7 5.75 12.25 -10 5.75 11.3 -10 5.809 11.3 -10 5.845 11.478 -10
3 7 5.75 12.25 -10 5.845 11.478 -10 6.116 11.884 -10
3 7 5.75 12.25 -10 6.116 11.884 -10 6.522 12.155 -10
3 7 5.75 12.25 -10 6.522 12.155 -10 7 12.25 -10
4 7 5.75 12.25 -10 5.75 12.5 -10 7.5 12.5 -10 7.2 12.211 -10
4 4 0 9.5 -10 18.914 28.5 -10 18 32 -10 0 14 -10
4 4 18.914 28.5 -10 19 29 -10 19 32 -10 18 32 -10
4 7 0 14 -10 18 32 -10 13.5 32 -10 0 18.5 -10
4 4 0 18.5 -10 13.5 32 -10 9 32 -10 0 23 -10
4 7 0 23 -10 9 32 -10 4.5 32 -10 0 27.5 -10
3 4 0 27.5 -10 4.5 32 -10 0 32 -10
4 4 8.25 12.25 -10 8.25 12.5 -10 7.5 12.5 -10 7.25 12.25 -10
4 4 8.25 12.25 -10 7.25 12.25 -10 7.2 12.211 -10 7.478 12.155 -10
3 4 8.25 12.25 -10 7.478 12.155 -10 7.884 11.884 -10
3 4 8.25 12.25 -10 7.884 11.884 -10 8.155 11.478 -10
4 4 8.25 12.25 -10 8.155 11.478 -10 8.191 11.3 -10 8.25 11.3 -10
1 4 7 11 -10  0.25 0 0 0 0 -0.25 0 1 0 ring1.dat
1 4 7 11 -10  0.25 0 0 0 0 -0.25 0 1 0 ring2.dat
4 0 10 9.5 -10 10.5 9.5 -10 12 11 -10 11 10.7 -10
4 0 10 12.5 -10 10.5 12.5 -10 12 11 -10 11 11.3 -10
3 0 12 11 -10 11 10.7 -10 11 11.3 -10
4 0 11 10.7 -10 11 11.3 -10 8 11.3 -10 8 10.7 -10
1 0 7 11 -10  0.25 0 0 0 0 -0.25 0 1 0 ring3.dat
1 0 7 11 -10  0.25 0 0 0 0 -0.25 0 1 0 ring4.dat
1 0 7 11 -10  0.25 0 0 0 0 -0.25 0 1 0 4-4disc.dat
4 0 4 9.5 -10 3.5 9.5 -10 2 11 -10 3 10.7 -10
4 0 4 12.5 -10 3.5 12.5 -10 2 11 -10 3 11.3 -10
3 0 2 11 -10 3 10.7 -10 3 11.3 -10
4 0 3 10.7 -10 3 11.3 -10 6 11.3 -10 6 10.7 -10

2 0 11.5 11 -10 10.25 9.5 -10
2 0 11.5 11 -10 10.25 12.5 -10
2 0 11.5 11 -10 8 11 -10
2 0 2.5 11 -10 3.75 9.5 -10
2 0 2.5 11 -10 3.75 12.5 -10
2 0 2.5 11 -10 6 11 -10
2 0 6 11 -10 6.293 10.293 -10
2 0 6.293 10.293 -10 7 10 -10
2 0 7 10 -10 7.707 10.293 -10
2 0 7.707 10.293 -10 8 11 -10
2 0 8 11 -10 7.707 11.707 -10
2 0 7.707 11.707 -10 7 12 -10
2 0 7 12 -10 6.293 11.707 -10
2 0 6.293 11.707 -10 6 11 -10

4 16 12 0 10 -12 0 10 -14.345 2 10 14.345 2 10
4 16 14.345 2 10 -14.345 2 10 -19 29 10 19 29 10
4 16 19 29 10 -19 29 10 -19 32 10 19 32 10
1 0 0 -4 0 4.243 0 -4.243 0 -8 0 -4.243 0 -4.243 1-4cyli.dat
1 16 0 0 0 1 0 0 0 1 0 0 0 1 s\973s01.dat
0