0 Minifig Torso with Suspenders and Red Bowtie Pattern
0 Name: 973pa1.dat
0 Author: Franklin W. Cain [fwcain]
0 !LDRAW_ORG Part UPDATE 2002-03
0 !LICENSE Redistributable under CCAL version 2.0 : see CAreadme.txt

0 !KEYWORDS Adventurers, Dr. Kilroy, Prof. Kilroy, doctor, professor, old man
0 !KEYWORDS shirt, collar, belt, belt buckle, buttons, Dr. Lightning, bands
0 !CMDLINE -c15

0 !HISTORY 2002-06-11 [PTadmin] Official Update 2002-03
0 !HISTORY 2007-07-29 [PTadmin] Header formatted for Contributor Agreement
0 !HISTORY 2008-07-01 [PTadmin] Official Update 2008-01

 1 16 0 0 0 1 0 0 0 1 0 0 0 1 s\973s01.dat
0
 1 0 0 -4 0 4.243 0 -4.243 0 -8 0 -4.243 0 -4.243 1-4cyli.dat
0
 4 16 -12 0 10 12 0 10 14.345 2 10 -14.345 2 10
 4 16 -19 29 10 19 29 10 14.345 2 10 -14.345 2 10
 4 16 -19 29 10 19 29 10 19 32 10 -19 32 10
0
0 collar and bowtie
0
 1 4 0 3.500 -10 2.250 0 0 0 0 2.250 0 1 0 4-4disc.dat
0
 1 0 0 3.500 -10 -0.250 0 0 0 0 -0.250 0 1 0 1-4ring9.dat
 1 0 0 3.500 -10 0.250 0 0 0 0 -0.250 0 1 0 1-4ring9.dat
 1 0 0 3.500 -10 -0.250 0 0 0 0 0.250 0 1 0 1-4ring9.dat
 1 0 0 3.500 -10 0.250 0 0 0 0 0.250 0 1 0 1-4ring9.dat
0
 1 8 0 3.500 -10 0 0 -2.375 -2.375 0 0 0 1 0 4-4edge.dat
0
 1 16 0 3.500 -10 0 0 -2.500 -2.500 0 0 0 1 0 1-8ndis.dat
 1 16 0 3.500 -10 0 0 2.500 -2.500 0 0 0 1 0 1-8ndis.dat
 1 16 0 3.500 -10 0 0 -2.500 2.500 0 0 0 1 0 1-8ndis.dat
 1 16 0 3.500 -10 0 0 2.500 2.500 0 0 0 1 0 1-8ndis.dat
0
 4 16 -2.500 0 -10 2.500 0 -10 2.500 1 -10 -2.500 1 -10
 4 16 -2.500 6 -10 2.500 6 -10 2.500 7.500 -10 -2.500 7.500 -10
0
 3 16 -2.500 0 -10 -4 0 -10 -2.500 1 -10
 3 16 2.500 0 -10 4 0 -10 2.500 1 -10
 3 16 -4 0 -10 -2.500 1 -10 -1.768 1.732 -10
 3 16 4 0 -10 2.500 1 -10 1.768 1.732 -10
 4 0 -4 0 -10 -4.100 0.250 -10 -1.949 2.002 -10 -1.768 1.732 -10
 4 0 4 0 -10 4.100 0.250 -10 1.949 2.002 -10 1.768 1.732 -10
 2 0 -1.858 1.867 -10 -4.050 0.125 -10
 2 0 1.858 1.867 -10 4.050 0.125 -10
 4 0 -4 0 -10 -6 0 -10 -5.900 0.250 -10 -4.100 0.250 -10
 4 0 4 0 -10 6 0 -10 5.900 0.250 -10 4.100 0.250 -10
 2 0 -4.050 0.125 -10 -5.950 0.125 -10
 2 0 4.050 0.125 -10 5.950 0.125 -10
 4 0 -6 0 -10 -5.900 0.250 -10 -7.340 2 -10 -7.401 1.700 -10
 4 0 6 0 -10 5.900 0.250 -10 7.340 2 -10 7.401 1.700 -10
 2 0 -5.950 0.125 -10 -7.371 1.850 -10
 2 0 5.950 0.125 -10 7.371 1.850 -10
 2 0 -7.246 1.850 -10 -7.371 1.850 -10
 2 0 7.246 1.850 -10 7.371 1.850 -10
 3 16 -6 0 -10 -7.750 0 -10 -7.401 1.700 -10
 3 16 6 0 -10 7.750 0 -10 7.401 1.700 -10
 4 0 -7.750 0 -10 -8 0 -10 -6 9.750 -10 -5.750 9.750 -10
 4 0 7.750 0 -10 8 0 -10 6 9.750 -10 5.750 9.750 -10
 2 0 -7.875 0 -10 -5.875 9.750 -10
 2 0 7.875 0 -10 5.875 9.750 -10
 3 16 -8 0 -10 -6 9.750 -10 -8 10 -10
 3 16 8 0 -10 6 9.750 -10 8 10 -10
 4 0 -1.949 4.998 -10 -1.768 5.268 -10 -2.500 6 -10 -2.700 5.800 -10
 4 0 1.949 4.998 -10 1.768 5.268 -10 2.500 6 -10 2.700 5.800 -10
 2 0 -1.858 5.133 -10 -2.600 5.900 -10
 2 0 1.858 5.133 -10 2.600 5.900 -10
 4 0 -2.700 5.800 -10 -2.500 6 -10 -5 8 -10 -5 7.700 -10
 4 0 2.700 5.800 -10 2.500 6 -10 5 8 -10 5 7.700 -10
 2 0 -2.600 5.900 -10 -5 7.850 -10
 2 0 2.600 5.900 -10 5 7.850 -10
 3 16 -2.500 6 -10 -5 8 -10 -2.500 10 -10
 3 16 2.500 6 -10 5 8 -10 2.500 10 -10
 4 0 -5 7.700 -10 -5.250 7.700 -10 -5.250 8 -10 -5 8 -10
 4 0 5 7.700 -10 5.250 7.700 -10 5.250 8 -10 5 8 -10
 2 0 -5 7.850 -10 -5.250 7.850 -10
 2 0 5 7.850 -10 5.250 7.850 -10
 4 0 -6.376 6.700 -10 -6.314 7 -10 -5.250 8 -10 -5.250 7.700 -10
 4 0 6.376 6.700 -10 6.314 7 -10 5.250 8 -10 5.250 7.700 -10
 2 0 -6.345 6.850 -10 -5.250 7.850 -10
 2 0 6.345 6.850 -10 5.250 7.850 -10
 2 0 -6.345 6.850 -10 -6.470 6.850 -10
 2 0 6.345 6.850 -10 6.470 6.850 -10
 3 16 -6.314 7 -10 -5.250 8 -10 -5.750 9.750 -10
 3 16 6.314 7 -10 5.250 8 -10 5.750 9.750 -10
 4 0 -5 8 -10 -5.250 8 -10 -5.750 9.750 -10 -5.500 9.750 -10
 4 0 5 8 -10 5.250 8 -10 5.750 9.750 -10 5.500 9.750 -10
 2 0 -5.125 7.850 -10 -5.125 8 -10
 2 0 5.125 7.850 -10 5.125 8 -10
 2 0 -5.125 8 -10 -5.625 9.750 -10
 2 0 5.125 8 -10 5.625 9.750 -10
 3 16 -5 8 -10 -5.500 9.750 -10 -2.500 10 -10
 3 16 5 8 -10 5.500 9.750 -10 2.500 10 -10
 4 0 -5.500 9.750 -10 -6 9.750 -10 -5.875 10 -10 -5.625 10 -10
 4 0 5.500 9.750 -10 6 9.750 -10 5.875 10 -10 5.625 10 -10
 2 0 -5.875 9.750 -10 -5.750 9.875 -10
 2 0 5.875 9.750 -10 5.750 9.875 -10
 2 0 -5.625 9.750 -10 -5.750 9.875 -10
 2 0 5.625 9.750 -10 5.750 9.875 -10
 3 16 -5.500 9.750 -10 -2.500 10 -10 -5.625 10 -10
 3 16 5.500 9.750 -10 2.500 10 -10 5.625 10 -10
 3 16 -6 9.750 -10 -5.875 10 -10 -8 10 -10
 3 16 6 9.750 -10 5.875 10 -10 8 10 -10
 4 16 -8 0 -10 -8 10 -10 -9 10 -10 -9 0 -10
 4 16 8 0 -10 8 10 -10 9 10 -10 9 0 -10
0
 4 0 -2.310 2.543 -10 -2.373 2.862 -10 -5.100 2.300 -10 -5 2 -10
 4 0 2.310 2.543 -10 2.373 2.862 -10 5.100 2.300 -10 5 2 -10
 2 0 -2.342 2.702 -10 -5.050 2.150 -10
 2 0 2.342 2.702 -10 5.050 2.150 -10
 3 4 -1.949 2.002 -10 -2.310 2.543 -10 -5 2 -10
 3 4 1.949 2.002 -10 2.310 2.543 -10 5 2 -10
 3 4 -5 2 -10 -7.340 2 -10 -5.100 2.300 -10
 3 4 5 2 -10 7.340 2 -10 5.100 2.300 -10
 3 4 -5.100 2.300 -10 -2.373 2.862 -10 -2.500 3.500 -10
 3 4 5.100 2.300 -10 2.373 2.862 -10 2.500 3.500 -10
 3 4 -5.100 2.300 -10 -2.500 3.500 -10 -5.100 5.200 -10
 3 4 5.100 2.300 -10 2.500 3.500 -10 5.100 5.200 -10
 3 4 -2.500 3.500 -10 -2.373 4.138 -10 -5.100 5.200 -10
 3 4 2.500 3.500 -10 2.373 4.138 -10 5.100 5.200 -10
 4 0 -2.310 4.457 -10 -2.373 4.138 -10 -5.100 5.200 -10 -5 5.500 -10
 4 0 2.310 4.457 -10 2.373 4.138 -10 5.100 5.200 -10 5 5.500 -10
 2 0 -2.342 4.298 -10 -5.050 5.350 -10
 2 0 2.342 4.298 -10 5.050 5.350 -10
 3 4 -2.310 4.457 -10 -1.949 4.998 -10 -5 5.500 -10
 3 4 2.310 4.457 -10 1.949 4.998 -10 5 5.500 -10
 3 4 -1.949 4.998 -10 -5 5.500 -10 -6.376 6.700 -10
 3 4 1.949 4.998 -10 5 5.500 -10 6.376 6.700 -10
 3 4 -5.100 5.200 -10 -5 5.500 -10 -6.376 6.700 -10
 3 4 5.100 5.200 -10 5 5.500 -10 6.376 6.700 -10
 4 4 -7.340 2 -10 -5.100 2.300 -10 -5.100 5.200 -10 -6.376 6.700 -10
 4 4 7.340 2 -10 5.100 2.300 -10 5.100 5.200 -10 6.376 6.700 -10
 4 4 -1.949 2.002 -10 -4.100 0.250 -10 -5.900 0.250 -10 -7.340 2 -10
 4 4 1.949 2.002 -10 4.100 0.250 -10 5.900 0.250 -10 7.340 2 -10
 3 4 -1.949 4.998 -10 -2.700 5.800 -10 -6.376 6.700 -10
 3 4 1.949 4.998 -10 2.700 5.800 -10 6.376 6.700 -10
 4 4 -2.700 5.800 -10 -5 7.700 -10 -5.250 7.700 -10 -6.376 6.700 -10
 4 4 2.700 5.800 -10 5 7.700 -10 5.250 7.700 -10 6.376 6.700 -10
0
0 buttons (a column of seven)
0
 1 0 0 8.500 -10 1 0 0 0 0 1 0 1 0 4-4disc.dat
 1 0 0 11.500 -10 1 0 0 0 0 1 0 1 0 4-4disc.dat
 1 0 0 14.500 -10 1 0 0 0 0 1 0 1 0 4-4disc.dat
 1 0 0 17.500 -10 1 0 0 0 0 1 0 1 0 4-4disc.dat
 1 0 0 20.500 -10 1 0 0 0 0 1 0 1 0 4-4disc.dat
 1 0 0 23.500 -10 1 0 0 0 0 1 0 1 0 4-4disc.dat
 1 0 0 26.500 -10 1 0 0 0 0 1 0 1 0 4-4disc.dat
0
 1 16 0 8.500 -10 1 0 0 0 0 1 0 1 0 4-4ndis.dat
 1 16 0 11.500 -10 1 0 0 0 0 1 0 1 0 4-4ndis.dat
 1 16 0 14.500 -10 1 0 0 0 0 1 0 1 0 4-4ndis.dat
 1 16 0 17.500 -10 1 0 0 0 0 1 0 1 0 4-4ndis.dat
 1 16 0 20.500 -10 1 0 0 0 0 1 0 1 0 4-4ndis.dat
 1 16 0 23.500 -10 1 0 0 0 0 1 0 1 0 4-4ndis.dat
 1 16 0 26.500 -10 1 0 0 0 0 1 0 1 0 4-4ndis.dat
0
 4 16 -1 9.500 -10 1 9.500 -10 1 10.500 -10 -1 10.500 -10
 4 16 -1 12.500 -10 1 12.500 -10 1 13.500 -10 -1 13.500 -10
 4 16 -1 15.500 -10 1 15.500 -10 1 16.500 -10 -1 16.500 -10
 4 16 -1 18.500 -10 1 18.500 -10 1 19.500 -10 -1 19.500 -10
 4 16 -1 21.500 -10 1 21.500 -10 1 22.500 -10 -1 22.500 -10
 4 16 -1 24.500 -10 1 24.500 -10 1 25.500 -10 -1 25.500 -10
 4 16 -1 27.500 -10 1 27.500 -10 1 28 -10 -1 28 -10
0
0 suspenders
0
 4 0 -9 0 -10 -9 26 -10 -9.250 26 -10 -9.250 0 -10
 4 0 9 0 -10 9 26 -10 9.250 26 -10 9.250 0 -10
 2 0 -9.125 0 -10 -9.125 26 -10
 2 0 9.125 0 -10 9.125 26 -10
 4 0 -11.750 0 -10 -11.750 26 -10 -12 26 -10 -12 0 -10
 4 0 11.750 0 -10 11.750 26 -10 12 26 -10 12 0 -10
 2 0 -11.875 0 -10 -11.875 26 -10
 2 0 11.875 0 -10 11.875 26 -10
0
 4 6 -9.250 0 -10 -9.250 15 -10 -11.750 15 -10 -11.750 0 -10
 4 6 9.250 0 -10 9.250 15 -10 11.750 15 -10 11.750 0 -10
 4 0 -9.250 15 -10 -9.250 16 -10 -11.750 16 -10 -11.750 15 -10
 4 0 9.250 15 -10 9.250 16 -10 11.750 16 -10 11.750 15 -10
 4 6 -9.250 16 -10 -9.250 24 -10 -11.750 24 -10 -11.750 16 -10
 4 6 9.250 16 -10 9.250 24 -10 11.750 24 -10 11.750 16 -10
 4 0 -9.250 24 -10 -9.250 26 -10 -11.750 26 -10 -11.750 24 -10
 4 0 9.250 24 -10 9.250 26 -10 11.750 26 -10 11.750 24 -10
0
 4 16 -9.750 26 -10 -11.250 26 -10 -12.750 28.250 -10 -8.250 28.250 -10
 4 16 9.750 26 -10 11.250 26 -10 12.750 28.250 -10 8.250 28.250 -10
 4 6 -9 26 -10 -9.750 26 -10 -8.250 28.250 -10 -7.500 28.250 -10
 4 6 9 26 -10 9.750 26 -10 8.250 28.250 -10 7.500 28.250 -10
 2 6 -9.375 26 -10 -7.875 28.250 -10
 2 6 9.375 26 -10 7.875 28.250 -10
 4 6 -11.250 26 -10 -12 26 -10 -13.500 28.250 -10 -12.750 28.250 -10
 4 6 11.250 26 -10 12 26 -10 13.500 28.250 -10 12.750 28.250 -10
 2 6 -11.625 26 -10 -13.125 28.250 -10
 2 6 11.625 26 -10 13.125 28.250 -10
0
0 belt buckle
0
 4 0 -3 28 -10 3 28 -10 2.750 28.250 -10 -2.750 28.250 -10
 2 0 -2.875 28.125 -10 2.875 28.125 -10
 4 0 -3 32 -10 3 32 -10 2.750 31.750 -10 -2.750 31.750 -10
 2 0 -2.875 31.875 -10 2.875 31.875 -10
 4 0 -3 28 -10 -3 32 -10 -2.750 31.750 -10 -2.750 28.250 -10
 4 0 3 28 -10 3 32 -10 2.750 31.750 -10 2.750 28.250 -10
 2 0 -2.875 28.125 -10 -2.875 31.875 -10
 2 0 2.875 28.125 -10 2.875 31.875 -10
 4 14 -2.750 28.250 -10 2.750 28.250 -10 2 28.500 -10 -2 28.500 -10
 2 14 -2.125 28.375 -10 2.125 28.375 -10
 4 14 -2.750 31.750 -10 2.750 31.750 -10 2 31.500 -10 -2 31.500 -10
 2 14 -2.125 31.625 -10 2.125 31.625 -10
 4 14 -2.750 28.250 -10 -2.750 31.750 -10 -2 31.500 -10 -2 28.500 -10
 4 14 2.750 28.250 -10 2.750 31.750 -10 2 31.500 -10 2 28.500 -10
0
 4 0 -2 28.500 -10 2 28.500 -10 1.750 28.750 -10 -1.750 28.750 -10
 2 0 -1.875 28.625 -10 1.875 28.625 -10
 4 0 -2 31.500 -10 2 31.500 -10 1.750 31.250 -10 -1.750 31.250 -10
 2 0 -1.875 31.375 -10 1.875 31.375 -10
 4 0 -2 28.500 -10 -2 31.500 -10 -1.750 31.250 -10 -1.750 28.750 -10
 4 0 2 28.500 -10 2 31.500 -10 1.750 31.250 -10 1.750 28.750 -10
 2 0 -1.875 28.625 -10 -1.875 31.375 -10
 2 0 1.875 28.625 -10 1.875 31.375 -10
 4 14 -1.750 28.750 -10 1.750 28.750 -10 1.750 31.250 -10 -1.750 31.250 -10
0
0 belt
0
 4 0 -3 28.250 -10 -3 29 -10 -19 29 -10 -18.851 28.250 -10
 4 0 3 28.250 -10 3 29 -10 19 29 -10 18.851 28.250 -10
 4 0 -3 29 -10 -3 31.750 -10 -19 31.750 -10 -19 29 -10
 4 0 3 29 -10 3 31.750 -10 19 31.750 -10 19 29 -10
0
 4 16 -3 31.750 -10 -3 32 -10 -19 32 -10 -19 31.750 -10
 4 16 3 31.750 -10 3 32 -10 19 32 -10 19 31.750 -10
0
0 remainder of shirt
0
 4 16 -1 7.500 -10 -1 10 -10 -2.500 10 -10 -2.500 7.500 -10
 4 16 1 7.500 -10 1 10 -10 2.500 10 -10 2.500 7.500 -10
 4 16 -1 10 -10 -1 28 -10 -3 28 -10 -3 10 -10
 4 16 1 10 -10 1 28 -10 3 28 -10 3 10 -10
 4 16 -3 10 -10 -3 26 -10 -9 26 -10 -9 10 -10
 4 16 3 10 -10 3 26 -10 9 26 -10 9 10 -10
 4 16 -3 26 -10 -3 28.250 -10 -7.500 28.250 -10 -9 26 -10
 4 16 3 26 -10 3 28.250 -10 7.500 28.250 -10 9 26 -10
0
 3 16 -12 0 -10 -12 26 -10 -14.345 2 -10
 3 16 12 0 -10 12 26 -10 14.345 2 -10
 3 16 -12 26 -10 -14.345 2 -10 -18.851 28.250 -10
 3 16 12 26 -10 14.345 2 -10 18.851 28.250 -10
 3 16 -12 26 -10 -13.500 28.250 -10 -18.851 28.250 -10
 3 16 12 26 -10 13.500 28.250 -10 18.851 28.250 -10
0
0 COMMENT end of file
