0 Minifig Torso with Space Police II and Radio Pattern
0 Name: 973p69.dat
0 Author: Thomas Burger [grapeape]
0 !LDRAW_ORG Part UPDATE 2002-05
0 !LICENSE Redistributable under CCAL version 2.0 : see CAreadme.txt

0 !KEYWORDS Space Police, Police, Law enforcement, Blacktron 2, Space, Security
0 !CMDLINE -c15

0 !HISTORY 2002-11-30 [PTadmin] Official Update 2002-05
0 !HISTORY 2007-07-29 [PTadmin] Header formatted for Contributor Agreement
0 !HISTORY 2008-07-01 [PTadmin] Official Update 2008-01

1 16 0 0 0 1 0 0 0 1 0 0 0 1 s\973s01.dat
0 COMMENT neck mark
1 0 0 -4 0 4.243 0 -4.243 0 -8 0 -4.243 0 -4.243 1-4cyli.dat
0 COMMENT plain back
4 16 -19 32 10 19 32 10 19 29 10 -19 29 10
4 16 19 29 10 -19 29 10 -14.345 2 10 14.345 2 10
4 16 12 0 10 -12 0 10 -14.345 2 10 14.345 2 10
0 COMMENT front pattern
4 15 6.75 26.5 -10 6.75 29 -10 -6.25 29 -10 -6.25 26.5 -10
4 15 7.5 26.5 -10 11 26.5 -10 11 28.5 -10 7.5 28.5 -10
4 15 12 26.5 -10 12 29 -10 18.25 29 -10 18 26.5 -10
4 15 -7.75 26.5 -10 -7.75 29 -10 -18.25 29 -10 -18 26.5 -10
4 15 5.25 5.25 -10 7 5.25 -10 7 3.75 -10 5.25 3.75 -10
4 15 7 3.75 -10 9 3.75 -10 9 5.25 -10 7 5.25 -10
4 15 7 6.5 -10 7 8 -10 5.25 8 -10 5.25 6.5 -10
4 15 7 6.5 -10 9 6.5 -10 9 8 -10 7 8 -10
4 15 5.25 9.5 -10 7 9.5 -10 7 11 -10 5.25 11 -10
4 15 7 11 -10 9 11 -10 9 9.5 -10 7 9.5 -10
4 0 7 8 -10 7 9 -10 9 9 -10 9 8 -10
4 0 7 5.25 -10 7 6 -10 9 6 -10 9 5.25 -10
4 0 9 3.25 -10 7 3.25 -10 7 2.5 -10 9 2.5 -10
4 0 6.5 13.25 -10 8 13.25 -10 8 16 -10 6.5 16 -10
4 0 9 16 -10 10.25 16 -10 10.25 13.25 -10 9 13.25 -10
4 0 11.25 13.25 -10 11.25 16 -10 12.5 16 -10 12.5 13.25 -10
4 4 7 22 -10 9.5 22 -10 9.5 19.5 -10 7 19.5 -10
4 4 -7 24.75 -10 -9 24.75 -10 -9 23 -10 -7 23 -10
4 0 -10 24.75 -10 -10 23 -10 -12.75 23 -10 -12.75 24.75 -10
4 2 10.25 22.25 -10 12.75 22.25 -10 12.75 20 -10 10.25 20 -10
4 15 6.5 13.25 -10 5 12 -10 5 24.5 -10 6.5 16 -10
3 15 6.5 16 -10 7 19.5 -10 7 22 -10
3 15 7 22 -10 6.5 16 -10 5 24.5 -10
3 15 5 24.5 -10 7 22 -10 9.5 22 -10
3 15 9.5 22 -10 10.25 22.25 -10 5 24.5 -10
3 15 5 24.5 -10 10.25 22.25 -10 12.75 22.25 -10
3 15 12.75 22.25 -10 5 24.5 -10 13.75 24.5 -10
4 15 13.75 24.5 -10 12.75 22.25 -10 12.75 20 -10 13.75 12 -10
3 15 13.75 12 -10 12.5 13.25 -10 12.5 16 -10
3 15 12.5 16 -10 12.75 20 -10 13.75 12 -10
3 15 13.75 12 -10 12.5 12 -10 12.5 13.25 -10
3 15 12.5 13.25 -10 10.75 12 -10 12.5 12 -10
3 15 10.75 12 -10 11.25 13.25 -10 12.5 13.25 -10
3 15 11.25 13.25 -10 10.75 12 -10 10 12 -10
3 15 10 12 -10 10.25 13.25 -10 11.25 13.25 -10
3 15 10.25 13.25 -10 10 12 -10 9 12 -10
3 15 9 12 -10 9 13.25 -10 10.25 13.25 -10
3 15 9 13.25 -10 7 12 -10 9 12 -10
3 15 7 12 -10 8 13.25 -10 9 13.25 -10
4 15 7 12 -10 5 12 -10 6.5 13.25 -10 8 13.25 -10
4 15 8 13.25 -10 8 16 -10 9 16 -10 9 13.25 -10
4 15 10.25 13.25 -10 11.25 13.25 -10 11.25 16 -10 10.25 16 -10
4 15 9.5 19.5 -10 10.25 20 -10 10.25 22.25 -10 9.5 22 -10
4 15 12.75 20 -10 10.25 20 -10 11.25 16 -10 12.5 16 -10
4 15 11.25 16 -10 10.25 16 -10 9.5 19.5 -10 10.25 20 -10
4 15 9.5 19.5 -10 7 19.5 -10 9 16 -10 10.25 16 -10
3 15 9 16 -10 8 16 -10 7 19.5 -10
3 15 7 19.5 -10 8 16 -10 6.5 16 -10
3 15 -7 23 -10 -6.5 22 -10 -12.5 22 -10
3 15 -9 23 -10 -12.5 22 -10 -7 23 -10
3 15 -9 23 -10 -10 23 -10 -12.5 22 -10
3 15 -12.5 22 -10 -12.75 23 -10 -10 23 -10
3 15 -12.5 22 -10 -12.75 23 -10 -15 25.75 -10
3 15 -15 25.75 -10 -12.75 24.75 -10 -12.75 23 -10
3 15 -7 23 -10 -4 25.75 -10 -6.5 22 -10
3 15 -7 23 -10 -7 24.75 -10 -4 25.75 -10
3 15 -4 25.75 -10 -7 24.75 -10 -9 24.75 -10
3 15 -10 24.75 -10 -12.75 24.75 -10 -15 25.75 -10
4 15 -4 25.75 -10 -9 24.75 -10 -10 24.75 -10 -15 25.75 -10
4 15 -9 23 -10 -9 24.75 -10 -10 24.75 -10 -10 23 -10
1 15 11.5 4.75 -10 1.4 0 0 0 0 1.4 0 1.4 0 4-4disc.dat
3 15 10.75 12 -10 10.9642 6.0434 -10 11.5 6.15 -10
3 15 11.5 6.15 -10 12.0358 6.0434 -10 12.5 12 -10
3 15 12.5 12 -10 12.4899 5.7399 -10 12.0358 6.0434 -10
3 15 10.9642 6.0434 -10 10.5101 5.7399 -10 10.75 12 -10
3 15 11.5 6.15 -10 10.75 12 -10 12.5 12 -10
4 0 10.75 12 -10 10 12 -10 10 6 -10 10.5101 5.7399 -10
4 0 10.5101 5.7399 -10 10.2066 5.2858 -10 9.75 5.5 -10 10 6 -10
4 0 10.2066 5.2858 -10 10.1 4.75 -10 9.75 4.75 -10 9.75 5.5 -10
4 0 10.1 4.75 -10 10.2066 4.2142 -10 10 4.25 -10 9.75 4.75 -10
3 0 10 4.25 -10 10.2066 4.2142 -10 10.5101 3.7601 -10
4 0 9 11 -10 9 12 -10 7 12 -10 7 11 -10
4 0 5 12 -10 4.25 13 -10 4.25 25.5 -10 5 24.5 -10
3 0 4.25 25.5 -10 7 25.5 -10 5 24.5 -10
3 0 5 24.5 -10 9.5 25.5 -10 7 25.5 -10
3 0 9.5 25.5 -10 13 25.5 -10 13 24.5 -10
3 0 13 24.5 -10 9.5 25.5 -10 5 24.5 -10
3 0 7 25.5 -10 7 26.25 -10 9.5 26.25 -10
3 0 9.5 25.5 -10 9.5 26.25 -10 7 25.5 -10
3 0 9.5 26.25 -10 7.5 26.5 -10 7 26.25 -10
3 0 9.5 26.25 -10 11.5 26.25 -10 11 26.5 -10
3 0 11 26.5 -10 9.5 26.25 -10 7.5 26.5 -10
3 0 7 26.25 -10 6.75 26.5 -10 -3 26.25 -10
3 0 -3 26.25 -10 6.75 26.5 -10 -6.25 26.5 -10
4 0 -4 25.75 -10 -6.25 26.5 -10 -7.75 26.5 -10 -15 25.75 -10
3 0 -15 25.75 -10 -7.75 26.5 -10 -18 26.5 -10
4 0 -15 25.75 -10 -12.5 22 -10 -14 21.5 -10 -18 26.5 -10
4 0 -12.5 22 -10 -6.5 22 -10 -6 21.5 -10 -14 21.5 -10
4 0 -3 26.25 -10 -4 25.75 -10 -6.5 22 -10 -6 21.5 -10
3 0 -3 26.25 -10 -6.25 26.5 -10 -4 25.75 -10
4 0 -6.25 26.5 -10 -6.25 29 -10 -7.75 29 -10 -7.75 26.5 -10
4 0 -7.75 29 -10 -7.75 29.5 -10 -6.25 29.5 -10 -6.25 29 -10
4 0 -7.75 29 -10 -18.25 29 -10 -18.25 29.5 -10 -7.75 29.5 -10
3 0 11.5 26.25 -10 12 26.5 -10 12 26.25 -10
3 0 7.5 26.5 -10 7 26.25 -10 6.75 26.5 -10
3 0 11 26.5 -10 11.5 26.25 -10 12 26.5 -10
4 0 12 26.5 -10 12 29 -10 11 28.5 -10 11 26.5 -10
4 0 7.5 26.5 -10 6.75 26.5 -10 6.75 29 -10 7.5 28.5 -10
4 0 -6.25 29.5 -10 6.75 29.5 -10 6.75 29 -10 -6.25 29 -10
4 0 6.75 29 -10 12 29 -10 11 28.5 -10 7.5 28.5 -10
4 0 12 29 -10 12 29.5 -10 6.75 29.5 -10 6.75 29 -10
4 0 12 29.5 -10 18.25 29.5 -10 18.25 29 -10 12 29 -10
4 0 12 26.5 -10 18 26.5 -10 17.75 26.25 -10 12 26.25 -10
4 2 18.25 29.5 -10 18.25 31 -10 12 31 -10 12 29.5 -10
4 2 12 29.5 -10 12 31 -10 6.75 31 -10 6.75 29.5 -10
4 2 6.75 29.5 -10 6.75 31 -10 -6.25 31 -10 -6.25 29.5 -10
4 2 -6.25 29.5 -10 -7.75 29.5 -10 -7.75 31 -10 -6.25 31 -10
4 2 -7.75 29.5 -10 -18.25 29.5 -10 -18.25 31 -10 -7.75 31 -10
4 0 3.6 16.1 -10 3.6 14.5 -10 2.8 14.5 -10 2.8 16.1 -10
4 0 2 16.3 -10 1.7 14.6 -10 0.4 15 -10 1.3 16.4 -10
4 0 0.5 16.8 -10 0 17.6 -10 -1.6 16.8 -10 -0.7 15.6 -10
4 0 -1.9 17.7 -10 -0.3 18.3 -10 -0.4 18.9 -10 -2 18.8 -10
4 0 -2.1 20.2 -10 -0.5 20.2 -10 -0.5 21.4 -10 -2.1 21 -10
4 0 -2.4 22.2 -10 -0.6 22.5 -10 -1.3 23.6 -10 -2.6 22.9 -10
4 0 -3.2 23.5 -10 -2 24.6 -10 -2.7 25.2 -10 -3.9 24 -10
1 0 -10.8 6.1 -10 0 0 -0.5 0.5 0 0 0 0.5 0 2-4ring1.dat
1 0 -10.1 7.7 -10 0 0 0.5 -0.5 0 0 0 0.5 0 2-4ring1.dat
1 0 -7.3 6.1 -10 0 0 0.5 -0.5 0 0 0 0.5 0 2-4ring1.dat
1 0 -4.5 6.1 -10 -0.5 0 0 0 0 -0.5 0 0.5 0 2-4ring1.dat
1 4 -10.7 11 -10 0 0 0.5 -0.5 0 0 0 0.5 0 2-4ring1.dat
1 0 -0.8 7.1 -10 -0.6 0 0 0 0 -0.7 0 0.7 0 1-4ring2.dat
1 0 1.8 7 -10 -0.6 0 0 0 0 -0.7 0 0.7 0 1-4ring2.dat
1 4 -1.2 11.9 -10 -0.6 0 0 0 0 -0.7 0 0.7 0 1-4ring2.dat
1 4 1.8 12 -10 -0.6 0 0 0 0 -0.7 0 0.7 0 1-4ring2.dat
4 0 -10.1 6.7 -10 -10.8 6.6 -10 -10.8 7.1 -10 -10.1 7.2 -10
4 0 -10.8 5.6 -10 -9.4 5.6 -10 -9.4 5.1 -10 -10.8 5.1 -10
4 0 -10.1 8.2 -10 -11.8 8.2 -10 -11.8 8.7 -10 -10.1 8.7 -10
4 0 -8.4 8.7 -10 -7.9 8.7 -10 -7.9 7.8 -10 -8.4 7.8 -10
4 0 -7.3 6.6 -10 -8.4 6.6 -10 -8.4 7.1 -10 -7.3 7.1 -10
4 0 -7.3 5.6 -10 -8.4 5.6 -10 -8.4 5.1 -10 -7.3 5.1 -10
4 0 -5 6.1 -10 -5 6.6 -10 -5.5 7 -10 -5.5 6.1 -10
4 0 -4 6.1 -10 -4 6.6 -10 -3.5 7.1 -10 -3.5 6.1 -10
3 0 -5 6.6 -10 -5.5 7 -10 -5.5 7.1 -10
4 0 -5.5 7.1 -10 -3.5 7.1 -10 -4 6.6 -10 -5 6.6 -10
4 0 -5.5 7.8 -10 -4.9 7.8 -10 -4.9 8.6 -10 -5.5 8.6 -10
4 0 -3.5 7.8 -10 -4 7.8 -10 -4 8.6 -10 -3.5 8.6 -10
4 0 -2.5 7.8 -10 -1.8 7.8 -10 -1.5 8 -10 -2 8.4 -10
4 0 -2 8.4 -10 -1 8.6 -10 -1 8.2 -10 -1.5 8 -10
4 0 0.6 7 -10 0.6 7.1 -10 0 7.1 -10 0 7 -10
4 0 0.6 7.1 -10 1.8 7.1 -10 1.8 6.7 -10 0.6 7 -10
3 0 0.6913 6.4642 -10 0.8 6.7 -10 0.6 7 -10
3 0 0.6 7 -10 1.8 6.7 -10 0.8 6.7 -10
4 0 0.5 7.8 -10 0.6 8.1 -10 0 8.4 -10 -0.1 7.8 -10
4 0 0 8.4 -10 0.6 8.7 -10 0.7 8.2 -10 0.6 8.1 -10
4 0 0.6 8.7 -10 1.8 8.7 -10 1.8 8.2 -10 0.7 8.2 -10
4 4 -10.7 11.5 -10 -11.8 11.5 -10 -11.8 12 -10 -10.7 12 -10
4 4 -10.7 10.5 -10 -11.8 10.5 -10 -11.8 10 -10 -10.7 10 -10
4 4 -11.7 12.6 -10 -11.7 13.4 -10 -11.2 13.4 -10 -11.2 12.6 -10
4 4 -9 12 -10 -8.4 12 -10 -8.3 11.4 -10 -8.9 11.2 -10
4 4 -8.9 11.2 -10 -8.6 10.5 -10 -8.1 10.8 -10 -8.3 11.4 -10
4 4 -8.1 10.8 -10 -7.9 10.7 -10 -8 10 -10 -8.6 10.5 -10
4 4 -7.9 10.7 -10 -7.6 10.7 -10 -7.4 10 -10 -8 10 -10
4 4 -7.1 12 -10 -6.4 12 -10 -6.5 11.2 -10 -7.2 11.4 -10
4 4 -7.2 11.4 -10 -7.3 10.9 -10 -6.7 10.4 -10 -6.5 11.2 -10
4 4 -7.3 10.9 -10 -7.6 10.7 -10 -7.4 10 -10 -6.7 10.4 -10
4 4 -7.1 12.6 -10 -6.4 12.6 -10 -7 13.5 -10 -7.5 13 -10
4 4 -8 13 -10 -8.5 13.5 -10 -9 12.7 -10 -8.5 12.7 -10
4 4 -8 13 -10 -7.5 13 -10 -7 13.5 -10 -8.5 13.5 -10
4 4 -5.8 12 -10 -5.2 12 -10 -5.2 10 -10 -5.8 10 -10
4 4 -4 12 -10 -3.5 12 -10 -3.5 10 -10 -4 10 -10
4 4 -4 12.6 -10 -4 13.4 -10 -3.5 13.4 -10 -3.5 12.6 -10
4 4 -5.2 12.6 -10 -5.7 12.6 -10 -5.7 13.5 -10 -5.2 13 -10
4 4 -5.2 13 -10 -4.7 13 -10 -4.7 13.4 -10 -5.7 13.5 -10
3 4 -5.7 13.5 -10 -4.7 13.5 -10 -4.7 13.4 -10
3 4 -4 13.4 -10 -4 13.5 -10 -3.5 13.5 -10
3 4 -3.5 13.4 -10 -3.5 13.5 -10 -4 13.5 -10
4 4 -2.8 12.6 -10 -2.1 12.6 -10 -1.8 12.9 -10 -2.3 13.2 -10
4 4 -2.3 13.2 -10 -1.3 13.5 -10 -1.3 13 -10 -1.8 12.9 -10
4 4 0.6 12 -10 1.7 12 -10 1.7 11.5 -10 0.6913 11.4642 -10
4 4 0 12.7 -10 0.6 12.7 -10 0.7 12.9 -10 0 13.2 -10
4 4 0 13.2 -10 0.6 13.5 -10 0.8 13 -10 0.7 12.9 -10
4 4 0.6 13.5 -10 1.3 13.5 -10 1.7 13 -10 0.8 13 -10
3 2 -10.8 6.1 -10 -10.8 5.6 -10 -10.9913 5.6381 -10
3 2 -10.9913 5.6381 -10 -11.1536 5.7464 -10 -10.8 6.1 -10
3 2 -10.8 6.1 -10 -11.1536 5.7464 -10 -11.2619 5.9087 -10
3 2 -11.2619 5.9087 -10 -11.3 6.1 -10 -10.8 6.1 -10
3 2 -10.8 6.1 -10 -11.3 6.1 -10 -11.2619 6.2913 -10
3 2 -11.2619 6.2913 -10 -11.1536 6.4536 -10 -10.8 6.1 -10
3 2 -10.8 6.1 -10 -11.1536 6.4536 -10 -10.9913 6.5619 -10
3 2 -10.9913 6.5619 -10 -10.8 6.6 -10 -10.8 6.1 -10
3 2 -10.8 6.1 -10 -10.1 6.7 -10 -10.8 6.6 -10
3 2 -10.8 6.1 -10 -10.8 5.6 -10 -9.4 5.6 -10
3 2 -9.4 5.6 -10 -10.1 6.7 -10 -10.8 6.1 -10
3 16 -12 0 -10 -12.3888 1.4599 -10 -11.7 1.3 -10
3 16 -12.3888 1.4599 -10 -14.345 2 -10 -12 0 -10
3 16 -12.3888 1.4599 -10 -12.9728 1.9151 -10 -14.345 2 -10
3 16 -14.345 2 -10 -13.363 2.5964 -10 -12.9728 1.9151 -10
3 16 -13.363 2.5964 -10 -14.345 2 -10 -13.5 3.4 -10
3 2 -9.4 5.1 -10 -11.7 1.3 -10 0 1.3 -10
3 2 -9.4 5.1 -10 -10.8 5.1 -10 -11.7 1.3 -10
3 2 -11.7 1.3 -10 -12.3888 1.4599 -10 -10.8 5.1 -10
3 2 -10.8 5.1 -10 -11.1827 5.1761 -10 -12.3888 1.4599 -10
3 2 -12.3888 1.4599 -10 -12.9728 1.9151 -10 -11.1827 5.1761 -10
3 2 -11.1827 5.1761 -10 -12.9728 1.9151 -10 -13.363 2.5964 -10
3 2 -13.363 2.5964 -10 -13.5 3.4 -10 -11.1827 5.1761 -10
3 2 -11.1827 5.1761 -10 -11.5071 5.3929 -10 -13.5 3.4 -10
3 2 -13.5 3.4 -10 -11.7239 5.7173 -10 -11.5071 5.3929 -10
3 2 -9.4 5.1 -10 -8.4 5.1 -10 0 1.3 -10
3 2 0 1.3 -10 -7.3 5.1 -10 -8.4 5.1 -10
3 2 -7.3 5.1 -10 -6.9173 5.1761 -10 0 1.3 -10
3 2 -6.9173 5.1761 -10 -4.8827 5.1761 -10 0 1.3 -10
3 2 0 1.3 -10 -4.5 5.1 -10 -4.8827 5.1761 -10
3 2 -4.5 5.1 -10 -4.1173 5.1761 -10 0 1.3 -10
3 2 0 1.3 -10 -4.1173 5.1761 -10 -3.7929 5.3929 -10
3 2 -3.7929 5.3929 -10 -1.4888 5.1599 -10 0 1.3 -10
3 2 0 1.3 -10 -1.4888 5.1599 -10 -0.8 5 -10
3 2 -0.8 5 -10 1.1112 5.0599 -10 0 1.3 -10
4 2 -8.4 5.6 -10 -8.4 5.1 -10 -9.4 5.1 -10 -9.4 5.6 -10
4 2 -9.4 5.6 -10 -8.4 5.6 -10 -9.7173 6.7761 -10 -10.1 6.7 -10
4 2 -9.7173 6.7761 -10 -9.3929 6.9929 -10 -8.4 6.6 -10 -8.4 5.6 -10
4 2 -8.4 6.6 -10 -8.4 7.1 -10 -9.1761 7.3173 -10 -9.3929 6.9929 -10
4 2 -8.4 7.1 -10 -8.4 7.8 -10 -9.1 7.7 -10 -9.1761 7.3173 -10
4 2 -9.1 7.7 -10 -9.1761 8.0827 -10 -8.4 8.7 -10 -8.4 7.8 -10
4 2 -7.9 7.8 -10 -7.3 7.1 -10 -8.4 7.1 -10 -8.4 7.8 -10
3 2 -7.3 6.6 -10 -7.3 6.1 -10 -7.1087 6.5619 -10
3 2 -7.1087 6.5619 -10 -6.9464 6.4536 -10 -7.3 6.1 -10
3 2 -7.3 6.1 -10 -6.8381 6.2913 -10 -6.9464 6.4536 -10
3 2 -7.3 6.1 -10 -6.8 6.1 -10 -6.8381 6.2913 -10
3 2 -7.3 6.1 -10 -6.8 6.1 -10 -6.8381 5.9087 -10
3 2 -6.8381 5.9087 -10 -6.9464 5.7464 -10 -7.3 6.1 -10
3 2 -7.3 6.1 -10 -6.9464 5.7464 -10 -7.1087 5.6381 -10
3 2 -7.1087 5.6381 -10 -7.3 5.6 -10 -7.3 6.1 -10
3 2 -7.3 6.1 -10 -8.4 5.6 -10 -7.3 5.6 -10
3 2 -7.3 6.1 -10 -7.3 6.6 -10 -8.4 6.6 -10
3 2 -8.4 6.6 -10 -7.3 6.1 -10 -8.4 5.6 -10
3 2 -5 6.1 -10 -4.5 6.1 -10 -4.9619 5.9087 -10
3 2 -4.9619 5.9087 -10 -4.5 6.1 -10 -4.8536 5.7464 -10
3 2 -4.8536 5.7464 -10 -4.6913 5.6381 -10 -4.5 6.1 -10
3 2 -4.5 6.1 -10 -4.5 5.6 -10 -4.6913 5.6381 -10
3 2 -4.5 5.6 -10 -4.3087 5.6381 -10 -4.5 6.1 -10
3 2 -4.5 6.1 -10 -4.1464 5.7464 -10 -4.3087 5.6381 -10
3 2 -4.5 6.1 -10 -4.0381 5.9087 -10 -4.1464 5.7464 -10
3 2 -4.5 6.1 -10 -4 6.1 -10 -4.0381 5.9087 -10
3 2 -4.5 6.1 -10 -4 6.6 -10 -4 6.1 -10
3 2 -4.5 6.1 -10 -5 6.6 -10 -5 6.1 -10
3 2 -4.5 6.1 -10 -5 6.6 -10 -4 6.6 -10
4 2 -1.4888 5.1599 -10 -2.0728 5.6151 -10 -3.5761 5.7173 -10 -3.7929 5.3929 -10
4 2 -3.5761 5.7173 -10 -3.5 6.1 -10 -2.463 6.2964 -10 -2.0728 5.6151 -10
4 2 -2.463 6.2964 -10 -2.6 7.1 -10 -3.5 7.1 -10 -3.5 6.1 -10
4 2 -4.8827 5.1761 -10 -5.2071 5.3929 -10 -6.5929 5.3929 -10 -6.9173 5.1761 -10
4 2 -6.5929 5.3929 -10 -6.3761 5.7173 -10 -5.4239 5.7173 -10 -5.2071 5.3929 -10
4 2 -5.4239 5.7173 -10 -5.5 6.1 -10 -6.3 6.1 -10 -6.3761 5.7173 -10
4 2 -5.5 6.1 -10 -5.5 7 -10 -6.3761 6.4827 -10 -6.3 6.1 -10
4 2 -6.3761 6.4827 -10 -6.5929 6.8071 -10 -5.5 7.1 -10 -5.5 7 -10
4 2 -5.5 7.1 -10 -5.5 7.8 -10 -6.9173 7.0239 -10 -6.5929 6.8071 -10
4 2 -6.9173 7.0239 -10 -7.3 7.1 -10 -5.5 8.6 -10 -5.5 7.8 -10
4 2 -4.9 7.8 -10 -4 7.8 -10 -4 8.6 -10 -4.9 8.6 -10
4 2 -5.5 7.1 -10 -5.5 7.8 -10 -4.9 7.8 -10 -3.5 7.1 -10
3 2 -4.9 7.8 -10 -4 7.8 -10 -3.5 7.1 -10
3 2 -3.5 7.1 -10 -3.5 7.8 -10 -4 7.8 -10
3 2 -5.5 8.6 -10 -7.3 7.1 -10 -7.9 7.8 -10
3 2 -7.9 7.8 -10 -7.9 8.7 -10 -5.5 8.6 -10
3 2 -3.5 8.6 -10 -1 8.6 -10 -2 8.4 -10
3 2 -2 8.4 -10 -2.5 7.8 -10 -3.5 8.6 -10
3 2 -3.5 8.6 -10 -3.5 7.8 -10 -2.5 7.8 -10
3 2 -2.5 7.8 -10 -3.5 7.1 -10 -3.5 7.8 -10
3 2 -2.5 7.8 -10 -2.6 7.1 -10 -3.5 7.1 -10
4 2 -1.8 7.8 -10 -2 7.1 -10 -2.6 7.1 -10 -2.5 7.8 -10
4 2 -0.8 7.1 -10 -0.8 5.7 -10 -1.2592 5.8066 -10 -1.6485 6.1101 -10
3 2 -0.8 7.1 -10 -1.6485 6.1101 -10 -1.9087 6.5642 -10
3 2 -1.9087 6.5642 -10 -0.8 7.1 -10 -2 7.1 -10
3 2 -2 7.1 -10 -1.8 7.8 -10 -0.8 7.1 -10
3 2 -0.8 7.1 -10 -1.5 8 -10 -1.8 7.8 -10
3 2 -1.5 8 -10 -1 8.2 -10 -0.8 7.1 -10
3 2 -0.8 5.7 -10 -0.8 5 -10 1.1112 5.0599 -10
3 2 1.1112 5.0599 -10 0.5272 5.5151 -10 -0.8 5.7 -10
3 2 -0.8 5.7 -10 0.5272 5.5151 -10 0.137 6.1964 -10
3 2 0.137 6.1964 -10 0 7 -10 -0.8 5.7 -10
4 2 -0.8 7.1 -10 0 7.1 -10 0 7 -10 -0.8 5.7 -10
4 2 0 7.1 -10 -0.1 7.8 -10 -1 8.2 -10 -0.8 7.1 -10
4 2 -1 8.2 -10 -1 8.6 -10 0 8.4 -10 -0.1 7.8 -10
3 2 0.6 8.7 -10 0 8.4 -10 -1 8.6 -10
4 2 0.5 7.8 -10 0.6 7.1 -10 0 7.1 -10 -0.1 7.8 -10
4 2 0.5 7.8 -10 1.8 8.2 -10 1.8 7.1 -10 0.6 7.1 -10
3 2 0.6 8.1 -10 1.8 8.2 -10 0.5 7.8 -10
3 2 0.6 8.1 -10 0.7 8.2 -10 1.8 8.2 -10
3 2 1.8 6.7 -10 1.8 5.6 -10 1.3408 5.7066 -10
3 2 1.3408 5.7066 -10 0.9515 6.0101 -10 1.8 6.7 -10
3 2 1.8 6.7 -10 0.9515 6.0101 -10 0.6913 6.4642 -10
3 2 0.6913 6.4642 -10 0.8 6.7 -10 1.8 6.7 -10
3 2 -8.4 8.7 -10 -9.1761 8.0827 -10 -9.3929 8.4071 -10
3 2 -9.3929 8.4071 -10 -8.4 8.7 -10 -9.7173 8.6239 -10
3 2 -9.7173 8.6239 -10 -10.1 8.7 -10 -8.4 8.7 -10
3 2 -10.1 7.2 -10 -10.1 7.7 -10 -9.9087 7.2381 -10
3 2 -10.1 7.7 -10 -9.7464 7.3464 -10 -9.9087 7.2381 -10
3 2 -10.1 7.7 -10 -9.6381 7.5087 -10 -9.7464 7.3464 -10
3 2 -9.6381 7.5087 -10 -9.6 7.7 -10 -10.1 7.7 -10
3 2 -10.1 7.7 -10 -9.6381 7.8913 -10 -9.6 7.7 -10
3 2 -10.1 7.7 -10 -9.7464 8.0536 -10 -9.6381 7.8913 -10
3 2 -9.7464 8.0536 -10 -9.9087 8.1619 -10 -10.1 7.7 -10
3 2 -10.1 7.7 -10 -10.1 8.2 -10 -9.9087 8.1619 -10
3 2 -10.1 7.7 -10 -10.1 7.2 -10 -10.8 7.1 -10
3 2 -10.8 7.1 -10 -11.8 8.2 -10 -10.1 7.7 -10
3 2 -10.1 7.7 -10 -10.1 8.2 -10 -11.8 8.2 -10
3 2 -11.8 8.2 -10 -10.8 7.1 -10 -11.1827 7.0239 -10
3 2 -11.1827 7.0239 -10 -11.5071 6.8071 -10 -11.8 8.2 -10
3 2 -11.8 8.2 -10 -12.8 6.5 -10 -11.5071 6.8071 -10
3 2 -11.5071 6.8071 -10 -11.7239 6.4827 -10 -12.8 6.5 -10
3 2 -12.8 6.5 -10 -11.8 6.1 -10 -11.7239 6.4827 -10
3 2 -12.8 6.5 -10 -11.8 6.1 -10 -11.7239 5.7173 -10
3 2 -11.7239 5.7173 -10 -12.8 6.5 -10 -13.5 3.4 -10
4 2 -10.7 10 -10 -10.1 8.7 -10 -11.8 8.7 -10 -11.8 10 -10
4 2 -10.7 10 -10 -10.3173 10.0761 -10 -8.4 8.7 -10 -10.1 8.7 -10
3 2 -8.4 8.7 -10 -9.9929 10.2929 -10 -10.3173 10.0761 -10
3 2 -9.9929 10.2929 -10 -9.7761 10.6173 -10 -8.4 8.7 -10
3 2 -8.4 8.7 -10 -8.6 10.5 -10 -9.7761 10.6173 -10
3 2 -8.6 10.5 -10 -8 10 -10 -8.4 8.7 -10
3 2 -8.4 8.7 -10 -7.9 8.7 -10 -8 10 -10
3 2 -8 10 -10 -7.4 10 -10 -7.9 8.7 -10
3 2 -7.4 10 -10 -7.9 8.7 -10 -5.5 8.6 -10
3 2 -5.5 8.6 -10 -6.7 10.4 -10 -7.4 10 -10
3 2 -6.7 10.4 -10 -5.8 10 -10 -5.5 8.6 -10
3 2 -5.5 8.6 -10 -4.9 8.6 -10 -5.8 10 -10
3 2 -5.8 10 -10 -5.2 10 -10 -4.9 8.6 -10
3 2 -4.9 8.6 -10 -4 10 -10 -5.2 10 -10
3 2 -4 10 -10 -4 8.6 -10 -4.9 8.6 -10
4 2 -3.5 10 -10 -4 10 -10 -4 8.6 -10 -3.5 8.6 -10
4 2 -3.5 8.6 -10 -3.5 10 -10 -2.4728 10.4151 -10 -1.8888 9.9599 -10
4 2 -1.8888 9.9599 -10 -1.2 9.8 -10 -1 8.6 -10 -3.5 8.6 -10
4 2 -1.2 9.8 -10 0.5272 10.5151 -10 0.6 8.7 -10 -1 8.6 -10
4 2 0.6 8.7 -10 0.5272 10.5151 -10 1.1112 10.0599 -10 1.8 8.7 -10
3 2 1.8 9.9 -10 1.1112 10.0599 -10 1.8 8.7 -10
4 2 0.5272 10.5151 -10 0.137 11.1964 -10 -1.2 10.5 -10 -1.2 9.8 -10
4 2 -1.2 10.5 -10 0.137 11.1964 -10 0 12 -10 -1.2 11.9 -10
3 2 -1.2 11.9 -10 -1.2 10.5 -10 -1.6592 10.6066 -10
3 2 -1.6592 10.6066 -10 -2.0485 10.9101 -10 -1.2 11.9 -10
3 2 -1.2 11.9 -10 -2.0485 10.9101 -10 -2.3087 11.3642 -10
3 2 -2.3087 11.3642 -10 -2.4 11.9 -10 -1.2 11.9 -10
3 2 -1.2 11.9 -10 -2.1 12.6 -10 -2.4 11.9 -10
3 2 -1.2 11.9 -10 -1.8 12.9 -10 -2.1 12.6 -10
3 2 -1.8 12.9 -10 -1.3 13 -10 -1.2 11.9 -10
3 2 -1.2 11.9 -10 -1.3 13 -10 0 12.7 -10
3 2 0 12.7 -10 0 12 -10 -1.2 11.9 -10
4 2 0.6 12 -10 0.6 12.7 -10 0 12.7 -10 0 12 -10
4 2 0 12.7 -10 0 13.2 -10 -1.3 13.5 -10 -1.3 13 -10
4 2 -2.8 12.6 -10 -2.1 12.6 -10 -2.4 11.9 -10 -3 11.9 -10
4 2 -3 11.9 -10 -3.5 12 -10 -3.5 12.6 -10 -2.8 12.6 -10
4 2 -3.5 12.6 -10 -3.5 12 -10 -4 12 -10 -4 12.6 -10
4 2 -4 12.6 -10 -4.7 13 -10 -5.2 13 -10 -5.2 12.6 -10
4 2 -5.2 12.6 -10 -5.2 12 -10 -4 12 -10 -4 12.6 -10
4 2 -4 12.6 -10 -4 13.4 -10 -4.7 13.4 -10 -4.7 13 -10
4 2 -5.2 12 -10 -5.2 10 -10 -4 10 -10 -4 12 -10
4 4 -5.7 13.5 -10 -5.8 13.5 -10 -5.8 12.6 -10 -5.7 12.6 -10
4 2 -5.2 12.6 -10 -5.2 12 -10 -5.8 12 -10 -5.7 12.6 -10
3 2 -5.8 12.6 -10 -5.7 12.6 -10 -5.8 12 -10
3 2 -5.8 12 -10 -6.4 12 -10 -6.5 11.2 -10
3 2 -5.8 10 -10 -5.8 12 -10 -6.5 11.2 -10
3 2 -6.5 11.2 -10 -6.7 10.4 -10 -5.8 10 -10
3 2 -3.5 10 -10 -2.4728 10.4151 -10 -2.863 11.0964 -10
4 2 -3 11.9 -10 -2.863 11.0964 -10 -3.5 10 -10 -3.5 12 -10
4 2 -5.8 12 -10 -5.8 12.6 -10 -6.4 12.6 -10 -6.4 12 -10
4 2 -6.4 12 -10 -7.1 12 -10 -7.1 12.6 -10 -6.4 12.6 -10
4 2 -6.4 12.6 -10 -7 13.5 -10 -5.8 13.5 -10 -5.8 12.6 -10
4 2 -7.3 10.9 -10 -7.6 10.7 -10 -7.9 10.7 -10 -8.1 10.8 -10
4 2 -8.1 10.8 -10 -8.3 11.4 -10 -7.2 11.4 -10 -7.3 10.9 -10
4 2 -8.4 12 -10 -8.3 11.4 -10 -7.2 11.4 -10 -7.1 12 -10
4 2 -7.1 12.6 -10 -7.5 13 -10 -8 13 -10 -8.5 12.7 -10
4 2 -8.5 12.7 -10 -8.4 12 -10 -7.1 12 -10 -7.1 12.6 -10
4 2 -8.5 12.7 -10 -8.4 12 -10 -9 12 -10 -9 12.7 -10
4 2 -8.9 11.2 -10 -8.6 10.5 -10 -9.7761 10.6173 -10 -9.7 11 -10
4 2 -9.7 11 -10 -9.7761 11.3827 -10 -9 12 -10 -8.9 11.2 -10
3 2 -9 12 -10 -9 12.7 -10 -9.7761 11.3827 -10
3 2 -9.7761 11.3827 -10 -9.9929 11.7071 -10 -9 12.7 -10
3 2 -9 12.7 -10 -9.9929 11.7071 -10 -10.3173 11.9239 -10
3 2 -10.3173 11.9239 -10 -9 12.7 -10 -11.2 12.6 -10
3 2 -11.2 12.6 -10 -10.7 12 -10 -10.3173 11.9239 -10
4 2 -10.7 12 -10 -11.2 12.6 -10 -11.7 12.6 -10 -11.8 12 -10
3 2 -10.7 11 -10 -10.7 10.5 -10 -10.5087 10.5381 -10
3 2 -10.5087 10.5381 -10 -10.3464 10.6464 -10 -10.7 11 -10
3 2 -10.7 11 -10 -10.3464 10.6464 -10 -10.2381 10.8087 -10
3 2 -10.2381 10.8087 -10 -10.2 11 -10 -10.7 11 -10
3 2 -10.7 11 -10 -10.2381 11.1913 -10 -10.2 11 -10
3 2 -10.7 11 -10 -10.2381 11.1913 -10 -10.3464 11.3536 -10
3 2 -10.7 11 -10 -10.3464 11.3536 -10 -10.5087 11.4619 -10
3 2 -10.5087 11.4619 -10 -10.7 11.5 -10 -10.7 11 -10
3 2 -10.7 11 -10 -11.8 10.5 -10 -10.7 10.5 -10
3 2 -10.7 11 -10 -10.7 11.5 -10 -11.8 11.5 -10
3 2 -11.8 11.5 -10 -11.8 10.5 -10 -10.7 11 -10
4 2 -9 12.7 -10 -8.5 13.5 -10 -11.2 13.4 -10 -11.2 12.6 -10
4 2 -3.5 12.6 -10 -2.8 12.6 -10 -2.3 13.2 -10 -3.5 13.4 -10
4 2 -3.5 13.4 -10 -3.5 13.5 -10 -1.3 13.5 -10 -2.3 13.2 -10
4 2 -4 13.4 -10 -4 13.5 -10 -4.7 13.5 -10 -4.7 13.4 -10
3 2 0 13.2 -10 0.6 13.5 -10 -1.3 13.5 -10
3 2 1.7 11.5 -10 1.8 10.6 -10 1.3408 10.7066 -10
3 2 1.3408 10.7066 -10 0.9515 11.0101 -10 1.7 11.5 -10
3 2 1.7 11.5 -10 0.9515 11.0101 -10 0.6913 11.4642 -10
3 2 1.7 12 -10 0.6 12.7 -10 0.6 12 -10
3 2 1.7 12 -10 1.7 13 -10 0.8 13 -10
3 2 0.8 13 -10 0.7 12.9 -10 1.7 12 -10
3 2 1.7 12 -10 0.6 12.7 -10 0.7 12.9 -10
3 2 -12.8 6.5 -10 -13.5 3.4 -10 -14 21.5 -10
3 2 -14 21.5 -10 -13.5 3.4 -10 -18 26.5 -10
3 2 -11.8 8.2 -10 -11.8 8.7 -10 -12.8 6.5 -10
3 2 -12.8 6.5 -10 -11.8 8.7 -10 -11.8 10 -10
3 2 -11.8 10 -10 -11.8 10.5 -10 -12.8 6.5 -10
3 2 -12.8 6.5 -10 -11.8 11.5 -10 -11.8 10.5 -10
3 2 -11.8 11.5 -10 -11.8 12 -10 -12.8 6.5 -10
3 2 -12.8 6.5 -10 -14 21.5 -10 -11.8 12 -10
3 2 -11.8 12 -10 -11.7 12.6 -10 -14 21.5 -10
3 2 -14 21.5 -10 -11.7 13.4 -10 -11.7 12.6 -10
3 2 -11.7 13.4 -10 -14 21.5 -10 -6 21.5 -10
3 2 -6 21.5 -10 -11.2 13.4 -10 -11.7 13.4 -10
3 2 -11.2 13.4 -10 -8.5 13.5 -10 -6 21.5 -10
3 2 -6 21.5 -10 -7 13.5 -10 -8.5 13.5 -10
3 2 -7 13.5 -10 -5.8 13.5 -10 -6 21.5 -10
3 2 -3 26.25 -10 -2.7 25.2 -10 -3.9 24 -10
3 2 -3.9 24 -10 -3 26.25 -10 -6 21.5 -10
3 2 -6 21.5 -10 -5.7 13.5 -10 -5.8 13.5 -10
3 2 -5.7 13.5 -10 -4.7 13.5 -10 -6 21.5 -10
4 2 -3.9 24 -10 -6 21.5 -10 -4.7 13.5 -10 -4 13.5 -10
4 2 -3.9 24 -10 -3.2 23.5 -10 -3.5 13.5 -10 -4 13.5 -10
3 2 -3.5 13.5 -10 -2.6 22.9 -10 -3.2 23.5 -10
3 2 -2.6 22.9 -10 -2.4 22.2 -10 -3.5 13.5 -10
3 2 -3.5 13.5 -10 -2.1 21 -10 -2.4 22.2 -10
3 2 -2.1 21 -10 -2.1 20.2 -10 -3.5 13.5 -10
3 2 -3.5 13.5 -10 -2 18.8 -10 -2.1 20.2 -10
3 2 -2 18.8 -10 -1.9 17.7 -10 -3.5 13.5 -10
3 2 -3.5 13.5 -10 -1.6 16.8 -10 -1.9 17.7 -10
4 2 -3.5 13.5 -10 -1.3 13.5 -10 -0.7 15.6 -10 -1.6 16.8 -10
4 2 -0.7 15.6 -10 0.4 15 -10 0.6 13.5 -10 -1.3 13.5 -10
4 2 1.3 13.5 -10 0.6 13.5 -10 0.4 15 -10 1.7 14.6 -10
4 2 1.7 14.6 -10 1.3 13.5 -10 1.7 13 -10 2.8 14.5 -10
4 2 2.8 14.5 -10 3.6 14.5 -10 4.25 13 -10 1.7 13 -10
4 2 3.6 14.5 -10 4.25 13 -10 4.25 25.5 -10 3.6 16.1 -10
3 2 4.25 25.5 -10 3.6 16.1 -10 2.8 16.1 -10
3 2 2.8 16.1 -10 2 16.3 -10 4.25 25.5 -10
3 2 4.25 25.5 -10 2 16.3 -10 1.3 16.4 -10
3 2 1.3 16.4 -10 0.5 16.8 -10 4.25 25.5 -10
3 2 4.25 25.5 -10 0.5 16.8 -10 0 17.6 -10
3 2 0 17.6 -10 -0.3 18.3 -10 4.25 25.5 -10
3 2 4.25 25.5 -10 -0.3 18.3 -10 -0.4 18.9 -10
3 2 -0.4 18.9 -10 -0.5 20.2 -10 4.25 25.5 -10
3 2 4.25 25.5 -10 -0.5 20.2 -10 -0.5 21.4 -10
3 2 -0.5 21.4 -10 -0.6 22.5 -10 4.25 25.5 -10
3 2 4.25 25.5 -10 -0.6 22.5 -10 -1.3 23.6 -10
3 2 4.25 25.5 -10 -1.3 23.6 -10 -2 24.6 -10
3 2 -2 24.6 -10 -2.7 25.2 -10 4.25 25.5 -10
3 2 4.25 25.5 -10 -3 26.25 -10 -2.7 25.2 -10
3 2 7 26.25 -10 7 25.5 -10 4.25 25.5 -10
3 2 4.25 25.5 -10 7 26.25 -10 -3 26.25 -10
4 2 2.8 16.1 -10 2.8 14.5 -10 1.7 14.6 -10 2 16.3 -10
4 2 1.3 16.4 -10 0.5 16.8 -10 -0.7 15.6 -10 0.4 15 -10
4 2 -1.6 16.8 -10 0 17.6 -10 -0.3 18.3 -10 -1.9 17.7 -10
4 2 -2 18.8 -10 -0.4 18.9 -10 -0.5 20.2 -10 -2.1 20.2 -10
4 2 -2.1 21 -10 -0.5 21.4 -10 -0.6 22.5 -10 -2.4 22.2 -10
4 2 -2.6 22.9 -10 -1.3 23.6 -10 -2 24.6 -10 -3.2 23.5 -10
3 16 13.5 3.1 -10 14.345 2 -10 13.3401 2.4112 -10
3 16 13.3401 2.4112 -10 12.8849 1.8272 -10 14.345 2 -10
3 16 14.345 2 -10 12 0 -10 12.8849 1.8272 -10
3 16 12.8849 1.8272 -10 12.2036 1.437 -10 12 0 -10
3 16 12 0 -10 11.4 1.3 -10 12.2036 1.437 -10
4 2 11.4 1.3 -10 9 2.5 -10 7 2.5 -10 0 1.3 -10
4 2 11.4 1.3 -10 11.5 3.35 -10 9 3.25 -10 9 2.5 -10
3 2 11.5 3.35 -10 10.9642 3.4566 -10 9 3.25 -10
3 2 9 3.25 -10 10.5101 3.7601 -10 10.9642 3.4566 -10
3 2 10.5101 3.7601 -10 10 4.25 -10 9 3.25 -10
3 2 9 3.25 -10 9 3.75 -10 10 4.25 -10
3 2 9.75 4.75 -10 10 4.25 -10 9 3.75 -10
3 2 9 3.75 -10 9 5.25 -10 9.75 4.75 -10
3 2 9.75 4.75 -10 9.75 5.5 -10 9 5.25 -10
3 2 9 5.25 -10 9 6 -10 9.75 5.5 -10
3 2 9.75 5.5 -10 10 6 -10 9 6 -10
3 2 9 6 -10 9 6.5 -10 10 6 -10
3 2 10 6 -10 9 8 -10 9 6.5 -10
3 2 9 9 -10 9 8 -10 10 6 -10
4 2 10 6 -10 9 9 -10 9 9.5 -10 10 12 -10
3 2 10 12 -10 9 11 -10 9 9.5 -10
3 2 9 11 -10 9 12 -10 10 12 -10
4 2 7 11 -10 7 12 -10 5 12 -10 5.25 11 -10
4 2 7 9.5 -10 7 9 -10 9 9 -10 9 9.5 -10
4 2 9 6 -10 9 6.5 -10 7 6.5 -10 7 6 -10
4 2 7 3.75 -10 7 3.25 -10 9 3.25 -10 9 3.75 -10
3 2 7 9 -10 5.25 9.5 -10 7 9.5 -10
3 2 7 6 -10 5.25 6.5 -10 7 6.5 -10
3 2 7 3.25 -10 7 3.75 -10 5.25 3.75 -10
3 2 5.25 3.75 -10 7 3.25 -10 7 2.5 -10
3 2 7 2.5 -10 5.25 3.75 -10 0 1.3 -10
3 2 0 1.3 -10 1.1112 5.0599 -10 1.8 4.9 -10
3 2 1.8 4.9 -10 5.25 3.75 -10 0 1.3 -10
3 2 1.8 4.9 -10 1.8 5.6 -10 5.25 5.25 -10
3 2 5.25 3.75 -10 5.25 5.25 -10 1.8 4.9 -10
4 2 7 8 -10 7 9 -10 5.25 9.5 -10 5.25 8 -10
4 2 5.25 6.5 -10 5.25 5.25 -10 7 5.25 -10 7 6 -10
4 2 5.25 6.5 -10 5.25 5.25 -10 1.8 5.6 -10 1.8 6.7 -10
4 2 1.8 6.7 -10 1.8 7.1 -10 5.25 8 -10 5.25 6.5 -10
4 2 5.25 8 -10 5.25 9.5 -10 1.8 8.2 -10 1.8 7.1 -10
3 2 5.25 9.5 -10 1.8 8.7 -10 1.8 8.2 -10
3 2 1.8 8.7 -10 1.8 9.9 -10 5.25 9.5 -10
3 2 5.25 9.5 -10 5.25 11 -10 1.8 9.9 -10
3 2 1.8 9.9 -10 1.8 10.6 -10 5.25 11 -10
3 2 5.25 11 -10 1.8 10.6 -10 1.7 11.5 -10
3 2 1.7 11.5 -10 5 12 -10 5.25 11 -10
3 2 5 12 -10 1.7 11.5 -10 1.7 12 -10
3 2 1.7 12 -10 1.7 13 -10 5 12 -10
3 2 5 12 -10 4.25 13 -10 1.7 13 -10
4 2 12.0358 3.4566 -10 11.5 3.35 -10 11.4 1.3 -10 12.2036 1.437 -10
4 2 12.2036 1.437 -10 12.8849 1.8272 -10 12.4899 3.7601 -10 12.0358 3.4566 -10
4 2 12.4899 3.7601 -10 12.7934 4.2142 -10 13.3401 2.4112 -10 12.8849 1.8272 -10
4 2 13.3401 2.4112 -10 13.5 3.1 -10 12.9 4.75 -10 12.7934 4.2142 -10
4 2 17.75 26.25 -10 18 26.5 -10 13.5 3.1 -10 12.9 4.75 -10
3 2 17.75 26.25 -10 13.75 12 -10 12.9 4.75 -10
3 2 12.7934 5.2858 -10 12.9 4.75 -10 13.75 12 -10
3 2 13.75 12 -10 12.7934 5.2858 -10 12.4899 5.7399 -10
3 2 12.4899 5.7399 -10 12.5 12 -10 13.75 12 -10
3 2 13.75 12 -10 13.75 24.5 -10 17.75 26.25 -10
3 2 17.75 26.25 -10 13.75 24.5 -10 13 24.5 -10
3 2 13 24.5 -10 13 25.5 -10 17.75 26.25 -10
3 2 17.75 26.25 -10 13 25.5 -10 11.5 26.25 -10
3 2 11.5 26.25 -10 9.5 25.5 -10 13 25.5 -10
3 2 11.5 26.25 -10 9.5 26.25 -10 9.5 25.5 -10
4 16 19 29 -10 18 26.5 -10 13.5 3.1 -10 14.345 2 -10
4 16 12 0 -10 11.4 1.3 -10 0 1.3 -10 0 0 -10
4 16 0 0 -10 0 1.3 -10 -11.7 1.3 -10 -12 0 -10
4 16 -14.345 2 -10 -13.5 3.4 -10 -18 26.5 -10 -19 29 -10
3 16 -19 29 -10 -18.25 29 -10 -18 26.5 -10
3 16 -18.25 29 -10 -18.25 29.5 -10 -19 29 -10
3 16 -19 29 -10 -18.25 29.5 -10 -19 32 -10
3 16 -19 32 -10 -18.25 31 -10 -18.25 29.5 -10
4 16 -7.75 31 -10 -7 32 -10 -19 32 -10 -18.25 31 -10
3 16 19 29 -10 18.25 29 -10 18 26.5 -10
3 16 19 29 -10 18.25 29.5 -10 18.25 29 -10
4 16 19 29 -10 18.25 29.5 -10 18.25 31 -10 19 32 -10
4 16 19 32 -10 18.25 31 -10 12 31 -10 8.6 32 -10
4 16 8.6 32 -10 6.75 31 -10 -6.25 31 -10 -7 32 -10
3 16 12 31 -10 6.75 31 -10 8.6 32 -10
3 16 -6.25 31 -10 -7 32 -10 -7.75 31 -10
0
0 Pattern created wholly or in part by Quad2Dat
0 Thanks James
0
