0 Minifig Torso with Racing Jacket and Two Stars Red Pattern
0 Name: 973p1n.dat
0 Author: Mark Chittenden [mdublade]
0 !LDRAW_ORG Part UPDATE 2009-02
0 !LICENSE Redistributable under CCAL version 2.0 : see CAreadme.txt

0 !HISTORY 2009-09-03 [PTadmin] Official Update 2009-02

1 16 0 0 0 1 0 0 0 1 0 0 0 1 s\973s01.dat
0 Plain back
4 16 -19 32 10 19 32 10 19 29 10 -19 29 10
4 16 -19 29 10 19 29 10 14.345 2 10 -14.345 2 10
4 16 12 0 10 -12 0 10 -14.345 2 10 14.345 2 10
0 Neck mark
1 0 0 -4 0 4.243 0 -4.243 0 -8 0 -4.243 0 -4.243 1-4cyli.dat
4 0 4.5 24.32 -10 3.5 23 -10 16 27 -10 15 27.68 -10
4 0 15 27.68 -10 16 27 -10 16 31 -10 15 29.68 -10
4 0 15 29.68 -10 16 31 -10 3.5 27 -10 4.5 26.32 -10
4 0 4.5 26.32 -10 3.5 27 -10 3.5 23 -10 4.5 24.32 -10
4 16 4.5 24.32 -10 15 27.68 -10 15 29.68 -10 4.5 26.32 -10
3 4 6 8 -10 6.827 10.543 -10 5.173 10.543 -10
3 4 2.5 10.543 -10 9.5 10.543 -10 6 13.086 -10
3 4 6 13.086 -10 7.338 12.114 -10 8.166 14.66 -10
3 4 4.662 12.114 -10 6 13.086 -10 3.834 14.66 -10
3 4 11 14 -10 11.827 16.543 -10 10.173 16.543 -10
3 4 7.5 16.543 -10 14.5 16.543 -10 11 19.086 -10
3 4 11 19.086 -10 12.338 18.114 -10 13.166 20.66 -10
3 4 9.662 18.114 -10 11 19.086 -10 8.834 20.66 -10
4 16 1.5 4.75 -10 5.75 4.75 -10 7.5 4.5 -10 6 8 -10
4 16 1.5 4.75 -10 6 8 -10 5.173 10.543 -10 2.5 10.543 -10
4 16 6 8 -10 7.5 4.5 -10 9.5 10.543 -10 6.827 10.543 -10
3 16 1.5 4.75 -10 2.5 10.543 -10 1.5 14.66 -10
4 16 2.5 10.543 -10 4.662 12.114 -10 3.834 14.66 -10 1.5 14.66 -10
4 16 1.5 14.66 -10 3.5 23 -10 3.5 27 -10 1.5 32 -10
4 16 7.338 12.114 -10 9.5 10.543 -10 11 14 -10 8.166 14.66 -10
4 16 8.166 14.66 -10 11 14 -10 10.173 16.543 -10 7.5 16.543 -10
4 16 8.166 14.66 -10 7.5 16.543 -10 3.834 14.66 -10 6 13.086 -10
4 16 1.5 14.66 -10 3.834 14.66 -10 7.5 16.543 -10 3.5 23 -10
4 16 15 6.5 -10 16.759 16 -10 11 14 -10 9.5 10.543 -10
4 16 11 14 -10 16.759 16 -10 14.5 16.543 -10 11.827 16.543 -10
4 16 7.5 16.543 -10 9.662 18.114 -10 8.834 20.66 -10 3.5 23 -10
4 16 14.5 16.543 -10 16.759 16 -10 19 29 -10 16 27 -10
4 16 14.5 16.543 -10 16 27 -10 13.166 20.66 -10 12.338 18.114 -10
4 16 13.166 20.66 -10 16 27 -10 8.834 20.66 -10 11 19.086 -10
3 16 8.834 20.66 -10 16 27 -10 3.5 23 -10
4 16 19 29 -10 19 32 -10 16 31 -10 16 27 -10
3 16 19 32 -10 1.5 32 -10 16 31 -10
3 16 1.5 32 -10 3.5 27 -10 16 31 -10
4 0 -3.5 23 -10 -4.5 24.32 -10 -15 27.68 -10 -16 27 -10
4 0 -16 27 -10 -15 27.68 -10 -15 29.68 -10 -16 31 -10
4 0 -16 31 -10 -15 29.68 -10 -4.5 26.32 -10 -3.5 27 -10
4 0 -3.5 27 -10 -4.5 26.32 -10 -4.5 24.32 -10 -3.5 23 -10
4 16 -15 27.68 -10 -4.5 24.32 -10 -4.5 26.32 -10 -15 29.68 -10
4 16 -1.5 4.75 -10 -1.5 32 -10 -3.5 27 -10 -3.5 23 -10
3 16 -14 4.75 -10 -1.5 4.75 -10 -3.5 23 -10
3 16 -14 4.75 -10 -3.5 23 -10 -16 27 -10
4 16 -14.35 2 -10 -14 4.75 -10 -16 27 -10 -19 29 -10
4 16 -19 32 -10 -19 29 -10 -16 27 -10 -16 31 -10
3 16 -19 32 -10 -16 31 -10 -1.5 32 -10
3 16 -1.5 32 -10 -16 31 -10 -3.5 27 -10
4 16 -0.5 32 -10 -1.5 32 -10 -1.5 4.75 -10 -0.5 4.75 -10
4 0 0.5 32 -10 -0.5 32 -10 -0.5 4.75 -10 0.5 4.75 -10
4 16 1.5 32 -10 0.5 32 -10 0.5 4.75 -10 1.5 4.75 -10
1 0 -6.5 2.4 -10 0 0 -0.75 0.79 0 0 0 0.75 0 2-4ring2.dat
4 0 -6.5 4.77 -10 -0.5 4.75 -10 -0.5 4 -10 -6.5 3.98 -10
4 0 -0.5 4.75 -10 0.5 4.75 -10 0.5 4 -10 -0.5 4 -10
4 0 -6.5 0.82 -10 0.5 0.75 -10 0.5 0 -10 -6.5 0.03 -10
4 0 0.5 0.75 -10 1.25 0.5 -10 1.75 0 -10 0.5 0 -10
4 0 0.5 4.75 -10 5.75 4.75 -10 5.5 4 -10 0.5 4 -10
4 0 5.75 4.75 -10 7.5 4.5 -10 7.25 3.75 -10 5.5 4 -10
4 0 7.5 4.5 -10 9.25 3.75 -10 8.75 3.25 -10 7.25 3.75 -10
4 0 8.75 3.25 -10 9.75 2.25 -10 10.5 3 -10 9.25 3.75 -10
4 0 10.5 3 -10 11.25 1.75 -10 10.25 1.5 -10 9.75 2.25 -10
4 0 10.25 1.5 -10 10.25 0.5 -10 11.25 0.5 -10 11.25 1.75 -10
4 16 -6.5 3.98 -10 -6.5 0.82 -10 0.5 0.75 -10 -0.5 4 -10
3 16 -6.5 2.4 -10 -8 2.4 -10 -7.89 3 -10
3 16 -7.89 3 -10 -6.5 2.4 -10 -7.56 3.52 -10
3 16 -7.56 3.52 -10 -6.5 2.4 -10 -7.07 3.86 -10
3 16 -7.07 3.86 -10 -6.5 2.4 -10 -6.5 3.98 -10
3 16 -6.5 2.4 -10 -7.89 1.8 -10 -8 2.4 -10
3 16 -7.89 1.8 -10 -7.56 1.28 -10 -6.5 2.4 -10
3 16 -7.07 0.94 -10 -6.5 2.4 -10 -7.56 1.28 -10
3 16 -7.07 0.94 -10 -6.5 0.82 -10 -6.5 2.4 -10
3 16 0.5 4 -10 -0.5 4 -10 0.5 0.75 -10
4 16 0.5 4 -10 0.5 0.75 -10 1.25 0.5 -10 5.5 4 -10
4 16 5.5 4 -10 7.25 3.75 -10 1.75 0 -10 1.25 0.5 -10
4 16 7.25 3.75 -10 1.75 0 -10 8.5 0 -10 8.75 3.25 -10
4 16 8.75 3.25 -10 8.5 0 -10 9.75 0 -10 9.75 2.25 -10
4 16 9.75 2.25 -10 10.25 1.5 -10 10.25 0.5 -10 9.75 0 -10
4 16 10.25 0.5 -10 11.25 0.5 -10 12 0 -10 9.75 0 -10
3 16 0.5 0 -10 -6.5 0.03 -10 -12 0 -10
3 16 -6.5 0.03 -10 -7.36 0.21 -10 -12 0 -10
3 16 -12 0 -10 -8.09 0.72 -10 -7.36 0.21 -10
3 16 -8.09 0.72 -10 -8.58 1.49 -10 -12 0 -10
3 16 -12 0 -10 -8.75 2.4 -10 -8.58 1.49 -10
3 16 -8.75 2.4 -10 -14.35 2 -10 -8.58 3.31 -10
3 16 -8.75 2.4 -10 -12 0 -10 -14.35 2 -10
3 16 -6.5 4.77 -10 -14 4.75 -10 -7.36 4.59 -10
3 16 -7.36 4.59 -10 -8.09 4.08 -10 -14 4.75 -10
3 16 -14 4.75 -10 -8.09 4.08 -10 -8.58 3.31 -10
3 16 -14 4.75 -10 -14.35 2 -10 -8.58 3.31 -10
4 16 7.5 4.5 -10 12 6.5 -10 14 6.5 -10 9.25 3.75 -10
3 16 7.5 4.5 -10 12 6.5 -10 9.5 10.543 -10
3 16 9.5 10.543 -10 12 6.5 -10 15 6.5 -10
4 16 9.25 3.75 -10 14 6.5 -10 15 6.5 -10 10.5 3 -10
4 16 10.5 3 -10 11.25 1.75 -10 15 6 -10 15 6.5 -10
4 16 11.25 1.75 -10 15 6 -10 14.35 2 -10 12 0 -10
3 16 11.25 0.5 -10 11.25 1.75 -10 12 0 -10
0
