0 Minifig Torso with Female Pirate Pattern
0 Name: 973p38.dat
0 Author: Chris Dee [cwdee]
0 !LDRAW_ORG Part UPDATE 2001-02
0 !LICENSE Redistributable under CCAL version 2.0 : see CAreadme.txt

0 !KEYWORDS necklace

0 !HISTORY 2001-11-30 [PTadmin] Official Update 2001-02
0 !HISTORY 2007-07-28 [PTadmin] Header formatted for Contributor Agreement
0 !HISTORY 2008-07-01 [PTadmin] Official Update 2008-01

4 16 12 0 10 -12 0 10 -14.345 2 10 14.345 2 10
4 16 14.345 2 10 -14.345 2 10 -19 29 10 19 29 10
4 16 19 29 10 -19 29 10 -19 32 10 19 32 10
1 0 0 -4 0 4.243 0 -4.243 0 -8 0 -4.243 0 -4.243 1-4cyli.dat
1 16 0 0 0 1 0 0 0 1 0 0 0 1 s\973s01.dat

0 belts and buckles
4 0 -11.5 0 -10 -8 0 -10 -6.5 5 -10 -10 5 -10
4 0 -10 5 -10 -6.5 5 -10 -3 11 -10 -7 11 -10
4 0 -7 11 -10 -3 11 -10 0 15 -10 -3 17 -10
4 0 -3 17 -10 0 15 -10 1.5 16.5 -10 -1 19 -10
4 0 0.5 19.5 -10 0.5 18.5 -10 2.5 20.5 -10 2.5 21.5 -10
4 0 2.5 21.5 -10 2.5 20.5 -10 3 20.5 -10 3.25 21.5 -10
3 0 3.25 21.5 -10 3 20.5 -10 4 20.75 -10
4 0 4 20.75 -10 3 20.5 -10 3 20 -10 4 20 -10
4 0 4 20 -10 3 20 -10 1 18 -10 2 18 -10
2 0 1.5 18 -10 3.5 20 -10
2 0 3.5 20 -10 3.5 20.5 -10
2 0 3.5 20.5 -10 3 21 -10
2 0 3 21 -10 2.5 21 -10
2 0 2.5 21 -10 0.5 19 -10
4 14 0 18 -10 0.5 18.5 -10 0.5 19.5 -10 -0.5 18.5 -10
4 14 -0.5 18.5 -10 2.5 21.5 -10 3 23 -10 -1 19 -10
3 14 3 23 -10 2.5 21.5 -10 3.25 21.5 -10
4 14 3 23 -10 3.25 21.5 -10 4 20.75 -10 5.5 20.5 -10
3 14 5.5 20.5 -10 4 20.75 -10 4 20 -10
4 14 5.5 20.5 -10 4 20 -10 1 17 -10 1.5 16.5 -10
4 14 1 17 -10 2 18 -10 1 18 -10 0.5 17.5 -10
4 14 0.5 17.5 -10 3 20 -10 2.5 20.5 -10 0 18 -10
3 14 3 20 -10 2.5 20.5 -10 3 20.5 -10
2 14 1.5 17 -10 5 20.5 -10 
2 14 5 20.5 -10 3 22.5 -10
2 14 3 22.5 -10 -0.5 19 -10
2 14 -0.5 19 -10 1.5 17 -10
2 14 0.5 18 -10 3 20.5 -10
4 0 3 23 -10 5.5 20.5 -10 9.5 23.5 -10 7 26.5 -10
4 0 7 26.5 -10 9.5 23.5 -10 14.5 26 -10 12 29 -10
3 0 12 29 -10 14.5 26 -10 16 29 -10

4 0 16 29 -10 16.5 32 -10 4 32 -10 4 29 -10
3 0 4 29 -10 4 29.5 -10 3.625 29 -10
3 0 4 30.5 -10 4 32 -10 2.5 32 -10
4 0 -16 29 -10 -16.5 32 -10 -4 32 -10 -4 29 -10
3 0 -4 29 -10 -4 29.5 -10 -3.625 29 -10
3 0 -4 30.5 -10 -4 32 -10 -2.5 32 -10
4 0 1.5 29 -10 2.5 29.5 -10 -1.5 29.5 -10 -2 29 -10
4 0 -2 29 -10 -1.5 29.5 -10 -2 30 -10 -3 29.5 -10
3 0 -3 29.5 -10 -2 30 -10 -3 30.5 -10
4 0 -3 30.5 -10 -2 30 -10 -1.5 30.5 -10 -2 31 -10
4 0 -2 31 -10 -1.5 30.5 -10 2.5 30.5 -10 1.5 31 -10
2 0 2 29.25 -10 -1.75 29.25 -10
2 0 -1.75 29.15 -10 -2.5 30 -10
2 0 -2.5 30 -10 -1.75 30.75 -10
2 0 -1.75 30.75 -10 2 30.75 -10
4 14 -2 29 -10 -1.5 28 -10 1.5 28 -10 1.5 29 -10
4 14 1.5 29 -10 1.5 28 -10 3.25 28.5 -10 2.5 29.5 -10
3 14 2.5 29.5 -10 3.25 28.5 -10 4 29.5 -10
4 14 -1.5 29.5 -10 4 29.5 -10 4 30.5 -10 -1.5 30.5 -10
3 14 -1.5 29.5 -10 -1.5 30.5 -10 -2 30 -10
4 14 2.5 30.5 -10 4 30.5 -10 2.5 32 -10 1.5 31 -10
4 14 1.5 31 -10 2.5 32 -10 -2.5 32 -10 -2 31 -10
4 14 -2 31 -10 -2.5 32 -10 -4 30.5 -10 -3 30.5 -10
4 14 -3 30.5 -10 -4 30.5 -10 -4 29.5 -10 -3 29.5 -10
4 14 -3 29.5 -10 -4 29.5 -10 -3.25 28.5 -10 -2 29 -10
3 14 -2 29 -10 -3.25 28.5 -10 -1.5 28 -10
2 14 -2 30 -10 3.25 30 -10
2 14 3.25 29.5 -10 3.25 30.5 -10
2 14 3.25 30.5 -10 2 31.5 -10
2 14 2 31.5 -10 -2.5 31.5 -10
2 14 -2.5 31.5 -10 -3.5 30.5 -10
2 14 -3.5 30.5 -10 -3.5 29.5 -10
2 14 -3.5 29.5 -10 -2 28.5 -10
2 14 -2 28.5 -10 2 28.5 -10
2 14 2 28.5 -10 3.25 29.5 -10

0 Bodice
3 4 0 15 -10 3 17 -10 5.5 20.5 -10
3 4 3 17 -10 6.5 18 -10 5.5 20.5 -10
4 4 5.5 20.5 -10 6.5 18 -10 7.5 18 -10 9.5 23.5 -10
4 4 9.5 23.5 -10 7.5 18 -10 11 17 -10 13.5 23.5 -10
3 4 9.5 23.5 -10 13.5 23.5 -10 13.5 24.5 -10
3 4 9.5 23.5 -10 13.5 24.5 -10 14.5 26 -10
4 4 13.5 23.5 -10 11 17 -10 13 15 -10 15 15.5 -10
4 4 15 15.5 -10 13 15 -10 14 11 -10 15 14.5 -10

4 4 -15 15.5 -10 -13 15 -10 -14 11 -10 -15 14.5 -10
4 4 -15 15.5 -10 -13 15 -10 -11 17 -10 -13.5 23.5 -10
4 4 -13.5 23.5 -10 -11 17 -10 -7.5 18 -10 -13.5 24.5 -10
4 4 -16 29 -10 -14.5 26 -10 -13.5 24.5 -10 -13.5 29 -10
4 4 -13.5 29 -10 -13.5 24.5 -10 -7.5 18 -10 -7.5 29 -10
4 4 -7.5 29 -10 -7.5 18 -10 -6.5 18 -10 -6.5 29 -10
4 4 -6.5 28 -10 -6.5 18 -10 -3 17 -10 -3 28 -10
4 4 -3 28 -10 -3 17 -10 -1 19 -10 -1 28 -10
4 4 -1 28 -10 -1 19 -10 3 23 -10 3 28 -10
4 4 3 28 -10 3 23 -10 7 26.5 -10 7 28 -10
3 4 7 29 -10 7 26.5 -10 12 29 -10
4 4 -3.625 29 -10 -6.5 29 -10 -6.5 28.5 -10 -3.25 28.5 -10
4 4 -3.25 28.5 -10 -6.5 28.5 -10 -6.5 28 -10 -1.5 28 -10
4 4 1.5 28 -10 7 28 -10 7 28.5 -10 3.25 28.5 -10
4 4 3.25 28.5 -10 7 28.5 -10 7 29 -10 3.625 29 -10

0 Background - flanks
4 16 12 0 -10 14.345 2 -10 15.121 6.5 -10 13.5 6.5 -10
4 16 14 6.5 -10 15.121 6.5 -10 15.897 11 -10 14 11 -10
4 16 14 11 -10 15.897 11 -10 16.5 14.5 -10 15 14.5 -10
4 16 15 14.5 -10 16.5 14.5 -10 16.673 15.5 -10 15 15.5 -10
4 16 15 15.5 -10 16.673 15.5 -10 18.052 23.5 -10 13.5 23.5 -10
4 16 13.5 23.5 -10 18.052 23.5 -10 18.224 24.5 -10 13.5 24.5 -10
4 16 13.5 24.5 -10 18.224 24.5 -10 18.483 26 -10 14.5 26 -10
4 16 14.5 26 -10 18.483 26 -10 19 29 -10 16 29 -10
4 16 16 29 -10 19 29 -10 19 32 -10 16.5 32 -10

4 16 -12 0 -10 -14.345 2 -10 -15.121 6.5 -10 -13.5 6.5 -10
4 16 -14 6.5 -10 -15.121 6.5 -10 -15.897 11 -10 -14 11 -10
4 16 -14 11 -10 -15.897 11 -10 -16.5 14.5 -10 -15 14.5 -10
4 16 -15 14.5 -10 -16.5 14.5 -10 -16.673 15.5 -10 -15 15.5 -10
4 16 -15 15.5 -10 -16.673 15.5 -10 -18.052 23.5 -10 -13.5 23.5 -10
4 16 -13.5 23.5 -10 -18.052 23.5 -10 -18.224 24.5 -10 -13.5 24.5 -10
4 16 -13.5 24.5 -10 -18.224 24.5 -10 -18.483 26 -10 -14.5 26 -10
4 16 -14.5 26 -10 -18.483 26 -10 -19 29 -10 -16 29 -10
4 16 -16 29 -10 -19 29 -10 -19 32 -10 -16.5 32 -10

0 Background - between frill and bodice
4 16 13.5 9 -10 14 8 -10 14 11 -10 13.5 10.75 -10
4 16 13.5 10.75 -10 14 11 -10 13 15 -10 12.25 12 -10
4 16 12.25 12 -10 13 15 -10 12 15 -10 12 13 -10
4 16 12 13 -10 12 15 -10 11.5 15 -10 11.5 13.5 -10
4 16 11.5 13.5 -10 11.5 15 -10 9.75 15 -10 9.75 13.5 -10
4 16 9.75 13.5 -10 9.75 15 -10 9 15 -10 9 14 -10
4 16 9 14 -10 9 15 -10 8 15 -10 8 14.5 -10
4 16 8 14.5 -10 8 15 -10 6.5 15 -10 6.5 13.5 -10
4 16 6.5 13.5 -10 6.5 15 -10 6 15 -10 6 14 -10
4 16 6 14 -10 6 15 -10 4.25 15 -10 4.25 14 -10
4 16 4.25 14 -10 4.25 15 -10 3 15 -10 3 12.75 -10
4 16 3 12.75 -10 3 15 -10 2.5 15 -10 2.5 13 -10
4 16 2.5 13 -10 2.5 15 -10 0.5 15 -10 0.5 12.5 -10
4 16 0.5 12.5 -10 0.5 15 -10 0 15 -10 0 12.25 -10
3 16 0 15 -10 3 15 -10 3 17 -10
4 16 3 17 -10 3 15 -10 6.5 15 -10 6.5 18 -10
4 16 6.5 18 -10 6.5 15 -10 7.5 15 -10 7.5 18 -10
4 16 7.5 18 -10 7.5 15 -10 11 15 -10 11 17 -10
3 16 11 17 -10 11 15 -10 13 15 -10

4 16 -13.5 9 -10 -14 8 -10 -14 11 -10 -13.5 10.75 -10
4 16 -13.5 10.75 -10 -14 11 -10 -13 15 -10 -12.25 12 -10
4 16 -12.25 12 -10 -13 15 -10 -12 15 -10 -12 13 -10
4 16 -12 13 -10 -12 15 -10 -11.5 15 -10 -11.5 13.5 -10
4 16 -11.5 13.5 -10 -11.5 15 -10 -9.75 15 -10 -9.75 13.5 -10
4 16 -9.75 13.5 -10 -9.75 15 -10 -9 15 -10 -9 14 -10
4 16 -9 14 -10 -9 15 -10 -8 15 -10 -8 14.5 -10
4 16 -8 14.5 -10 -8 15 -10 -6.5 15 -10 -6.5 13.5 -10
4 16 -6.5 13.5 -10 -6.5 15 -10 -6 15 -10 -6 14 -10
4 16 -6 14 -10 -6 15 -10 -4.333 15 -10 -5 14 -10
3 16 -1.658 12.789 -10 -0.5 14.333 -10 -0.5 12.5 -10
4 16 -0.5 12.5 -10 -0.5 14.333 -10 0 15 -10 0 12.25 -10
4 16 -3 17 -10 -4.333 15 -10 -6.5 15 -10 -6.5 18 -10
4 16 -6.5 18 -10 -6.5 15 -10 -7.5 15 -10 -7.5 18 -10
4 16 -7.5 18 -10 -7.5 15 -10 -11 15 -10 -11 17 -10
3 16 -11 17 -10 -11 15 -10 -13 15 -10

0 Background - between neck edge and frill
4 16 12 0 -10 13.5 6.5 -10 13.5 8 -10 11.5 8 -10
3 16 11.5 8 -10 13.5 8 -10 13 9 -10
4 16 11.5 8 -10 13 9 -10 13 10.5 -10 12 11.5 -10
4 16 11.5 8 -10 12 11.5 -10 11.5 12.5 -10 9.25 11.5 -10
4 16 9.25 11.5 -10 11.5 12.5 -10 11 13 -10 9.5 13 -10
3 16 9.25 11.5 -10 9.5 13 -10 9 13.5 -10
4 16 9.25 11.5 -10 9 13.5 -10 8 14 -10 6.5 13 -10
3 16 9.25 11.5 -10 6.5 13 -10 6 12 -10
4 16 6 12 -10 6.5 13 -10 6 13.5 -10 4.5 13.5 -10
4 16 6 12 -10 4.5 13.5 -10 3 12 -10 3 11.5 -10
4 16 3 11.5 -10 3 12 -10 2.5 12.5 -10 0.5 12 -10
4 16 3 11.5 -10 0.5 12 -10 0 11.5 -10 0 9.5 -10

4 16 -12 0 -10 -13.5 6.5 -10 -13.5 8 -10 -11.5 8 -10
3 16 -11.5 8 -10 -13.5 8 -10 -13 9 -10
4 16 -11.5 8 -10 -13 9 -10 -13 10.5 -10 -12 11.5 -10
4 16 -11.5 8 -10 -12 11.5 -10 -11.5 12.5 -10 -9.25 11.5 -10
4 16 -9.25 11.5 -10 -11.5 12.5 -10 -11 13 -10 -9.5 13 -10
3 16 -9.25 11.5 -10 -9.5 13 -10 -9 13.5 -10
4 16 -9.25 11.5 -10 -9 13.5 -10 -8 14 -10 -6.5 13 -10
3 16 -9.25 11.5 -10 -6.5 13 -10 -6.375 11.938 -10
4 16 -6.375 11.938 -10 -6.5 13 -10 -6 13.5 -10 -5.333 13.5 -10
3 16 -2.75 11.333 -10 -1.974 12.368 -10 -0.5 12 -10
4 16 -2.75 11.333 -10 -0.5 12 -10 0 11.5 -10 0 9.5 -10

0 Neck edge
4 0 11.5 0 -10 12 0 -10 11.5 8 -10 11 8 -10
2 0 11.75 0 -10 11.25 8 -10
4 0 11 8 -10 11.5 8 -10 9.25 11.5 -10 9 11 -10
2 0 11.25 8 -10 9.125 11.25 -10
4 0 9 11 -10 9.25 11.5 -10 6 12 -10 6 11.5 -10
2 0 9.125 11.25 -10 6 11.75 -10
4 0 6 11.5 -10 6 12 -10 3 11.5 -10 3 11 -10
2 0 6 11.75 -10 3 11.25 -10
4 0 3 11 -10 3 11.5 -10 0 9.5 -10 0 9 -10
2 0 3 11.25 -10 0 9.25 -10

4 0 -11.5 0 -10 -12 0 -10 -11.5 8 -10 -11 8 -10
2 0 -11.75 0 -10 -11.25 8 -10
4 0 -11 8 -10 -11.5 8 -10 -9.25 11.5 -10 -9 11 -10
2 0 -11.25 8 -10 -9.125 11.25 -10
4 0 -9 11 -10 -9.25 11.5 -10 -6 12 -10 -6 11.5 -10
2 0 -9.125 11.25 -10 -6 11.75 -10
4 0 -6 11.5 -10 -6 12 -10 -3 11.5 -10 -3 11 -10
2 0 -6 11.75 -10 -3 11.25 -10
4 0 -3 11 -10 -3 11.5 -10 0 9.5 -10 0 9 -10
2 0 -3 11.25 -10 0 9.25 -10

0 Frill
4 0 13.5 6.5 -10 14 6.5 -10 14 8 -10 13.5 8 -10
2 0 13.75 6.5 -10 13.75 8 -10
4 0 13.5 8 -10 14 8 -10 13.5 9 -10 13 9 -10
2 0 13.75 8 -10 13.25 9 -10
4 0 13 9 -10 13.5 9 -10 13.5 10.75 -10 13 10.5 -10
2 0 13.25 9 -10 13.25 10.625 -10
4 0 13 10.5 -10 13.5 10.75 -10 12.25 12 -10 12 11.5 -10
2 0 13.25 10.625 -10 12.125 11.75 -10
4 0 12 11.5 -10 12.25 12 -10 12 13 -10 11.5 12.5 -10
2 0 12.125 11.75 -10 11.75 12.75 -10
4 0 11.5 12.5 -10 12 13 -10 11.5 13.5 -10 11 13 -10
2 0 11.75 12.75 -10 11.25 13.25 -10
4 0 11 13 -10 11.5 13.5 -10 9.75 13.5 -10 9.5 13 -10
2 0 11.25 13.25 -10 9.625 13.25 -10
4 0 9.5 13 -10 9.75 13.5 -10 9 14 -10 9 13.5 -10
2 0 9.625 13.25 -10 9 13.75 -10
4 0 9 13.5 -10 9 14 -10 8 14.5 -10 8 14 -10
2 0 9 13.75 -10 8 14.25 -10
4 0 8 14 -10 8 14.5 -10 6.5 13.5 -10 6.5 13 -10
2 0 8 14.25 -10 6.5 13.25 -10
4 0 6.5 13 -10 6.5 13.5 -10 6 14 -10 6 13.5 -10
2 0 6.5 13.25 -10 6 13.75 -10
4 0 6 13.5 -10 6 14 -10 4.25 14 -10 4.5 13.5 -10
2 0 6 13.75 -10 4.375 13.75 -10
4 0 4.5 13.5 -10 4.25 14 -10 3 12.75 -10 3 12 -10
2 0 4.375 13.75 -10 3 12.375 -10
4 0 3 12 -10 3 12.75 -10 2.5 13 -10 2.5 12.5 -10
2 0 3 12.375 -10 2.5 12.75 -10
4 0 2.5 12.5 -10 2.5 13 -10 0.5 12.5 -10 0.5 12 -10
2 0 2.5 12.75 -10 0.5 12.25 -10
4 0 0.5 12 -10 0.5 12.5 -10 0 12.25 -10 0 11.5 -10
2 0 0.5 12.25 -10 0 11.875 -10

4 0 -13.5 6.5 -10 -14 6.5 -10 -14 8 -10 -13.5 8 -10
2 0 -13.75 6.5 -10 -13.75 8 -10
4 0 -13.5 8 -10 -14 8 -10 -13.5 9 -10 -13 9 -10
2 0 -13.75 8 -10 -13.25 9 -10
4 0 -13 9 -10 -13.5 9 -10 -13.5 10.75 -10 -13 10.5 -10
2 0 -13.25 9 -10 -13.25 10.625 -10
4 0 -13 10.5 -10 -13.5 10.75 -10 -12.25 12 -10 -12 11.5 -10
2 0 -13.25 10.625 -10 -12.125 11.75 -10
4 0 -12 11.5 -10 -12.25 12 -10 -12 13 -10 -11.5 12.5 -10
2 0 -12.125 11.75 -10 -11.75 12.75 -10
4 0 -11.5 12.5 -10 -12 13 -10 -11.5 13.5 -10 -11 13 -10
2 0 -11.75 12.75 -10 -11.25 13.25 -10
4 0 -11 13 -10 -11.5 13.5 -10 -9.75 13.5 -10 -9.5 13 -10
2 0 -11.25 13.25 -10 -9.625 13.25 -10
4 0 -9.5 13 -10 -9.75 13.5 -10 -9 14 -10 -9 13.5 -10
2 0 -9.625 13.25 -10 -9 13.75 -10
4 0 -9 13.5 -10 -9 14 -10 -8 14.5 -10 -8 14 -10
2 0 -9 13.75 -10 -8 14.25 -10
4 0 -8 14 -10 -8 14.5 -10 -6.5 13.5 -10 -6.5 13 -10
2 0 -8 14.25 -10 -6.5 13.25 -10
4 0 -6.5 13 -10 -6.5 13.5 -10 -6 14 -10 -6 13.5 -10
2 0 -6.5 13.25 -10 -6 13.75 -10
4 0 -6 13.5 -10 -6 14 -10 -4.25 14 -10 -4.5 13.5 -10
2 0 -6 13.75 -10 -4.375 13.75 -10
4 0 -4.5 13.5 -10 -4.25 14 -10 -3 12.75 -10 -3 12 -10
2 0 -4.375 13.75 -10 -3 12.375 -10
4 0 -3 12 -10 -3 12.75 -10 -2.5 13 -10 -2.5 12.5 -10
2 0 -3 12.375 -10 -2.5 12.75 -10
4 0 -2.5 12.5 -10 -2.5 13 -10 -0.5 12.5 -10 -0.5 12 -10
2 0 -2.5 12.75 -10 -0.5 12.25 -10
4 0 -0.5 12 -10 -0.5 12.5 -10 0 12.25 -10 0 11.5 -10
2 0 -0.5 12.25 -10 0 11.875 -10

0 Chest - above necklace
1 14 6.5 1.0 -10 0.4 0 0.792 -0.792 0 0.4 0 1 0 3-4ndis.dat
1 14 5.361 2.646 -10 0.6 0 0.653 -0.653 0 0.6 0 1 0 4-4ndis.dat
1 14 3.816 3.92 -10 0.755 0 0.465 -0.465 0 0.755 0 1 0 4-4ndis.dat
1 14 1.983 4.725 -10 0.853 0 0.242 -0.242 0 0.853 0 1 0 4-4ndis.dat
1 14 0 5 -10          0.887 0 0 0 0 0.887 0 1 0 4-4ndis.dat
1 14 -1.983 4.725 -10 0.853 0 -0.242 0.242 0 0.853 0 1 0 4-4ndis.dat
1 14 -3.816 3.92 -10 0.755 0 -0.465 0.465 0 0.755 0 1 0 4-4ndis.dat
1 14 -5.361 2.646 -10 0.6 0 -0.653 0.653 0 0.6 0 1 0 4-4ndis.dat
1 14 -6.5 1.0 -10 0.792 0 0.4 -0.4 0 0.792 0 1 0 3-4ndis.dat

4 14 -6.9 0.208 -10 -6.9 0 -10 -7.692 0 -10 -7.692 0.608 -10
4 14 -6.566 0.115 -10 -6.566 0 -10 -6.9 0 -10 -6.9 0.208 -10
4 14 -6.223 0.157 -10 -6.223 0 -10 -6.566 0 -10 -6.566 0.115 -10
4 14 -5.921 0.327 -10 -5.921 0 -10 -6.223 0 -10 -6.223 0.157 -10
4 14 -5.708 0.6 -10 -5.708 0 -10 -5.921 0 -10 -5.921 0.327 -10 
4 14 -5.308 1.393 -10 -5.308 0 -10 -5.708 0 -10 -5.708 0.6 -10
4 14 -4.107 2.7 -10 -4.107 0 -10 -5.308 0 -10 -5.308 1.393 -10
4 14 -2.595 3.63 -10 -2.595 0 -10 -4.107 0 -10 -4.107 2.7 -10
4 14 -0.888 4.114 -10 -0.888 0 -10 -2.595 0 -10 -2.595 3.63 -10
4 14 -0.888 4.114 -10 -0.888 0 -10 0.888 0 -10 0.888 4.114 -10
4 14 0.888 4.114 -10 0.888 0 -10 2.595 0 -10 2.595 3.63 -10
4 14 2.595 3.63 -10 2.595 0 -10 4.107 0 -10 4.107 2.7 -10
4 14 4.107 2.7 -10 4.107 0 -10 5.308 0 -10 5.308 1.393 -10
4 14 5.308 1.393 -10 5.308 0 -10 5.708 0 -10 5.708 0.6 -10
4 14 5.708 0.6 -10 5.708 0 -10 5.921 0 -10 5.921 0.327 -10 
4 14 5.921 0.327 -10 5.921 0 -10 6.223 0 -10 6.223 0.157 -10
4 14 6.223 0.157 -10 6.223 0 -10 6.566 0 -10 6.566 0.115 -10
4 14 6.566 0.115 -10 6.566 0 -10 6.9 0 -10 6.9 0.208 -10
4 14 6.9 0.208 -10 6.9 0 -10 7.692 0 -10 7.692 0.608 -10

0 Chest - below necklace
3 14 -6.75 11.375 -10 -9 11 -10 -7 11 -10
4 14 -7 11 -10 -9 11 -10 -11 8 -10 -10 5 -10
3 14 -10 5 -10 -11 8 -10 -11.5 0 -10
3 14 -3 11 -10 -6.5 5 -10 0 9 -10
4 14 0 9 -10 9 11 -10 6 11.5 -10 3 11 -10
4 14 9 11 -10 0 9 -10 11.5 0 -10 11 8 -10

3 14 -6.614 2.593 -10 -5.308 1.393 -10 -6.892 2.192 -10
3 14 -5.036 4.21 -10 -4.107 2.7 -10 -5.414 3.899 -10
3 14 -3.078 5.336 -10 -2.595 3.63 -10 -3.526 5.14 -10
3 14 -0.888 5.887 -10 -0.888 4.114 -10 -1.372 5.82 -10
3 14 0.888 5.887 -10 0.888 4.114 -10 1.372 5.82 -10
3 14 3.078 5.336 -10 2.595 3.63 -10 3.526 5.14 -10
3 14 5.036 4.21 -10 4.107 2.7 -10 5.414 3.899 -10
3 14 6.614 2.593 -10 5.308 1.393 -10 6.892 2.192 -10

4 14 0 9 -10 0 5.887 -10 0.888 5.887 -10 0.888 8.305 -10
4 14 0.888 8.305 -10 0.888 5.887 -10 1.372 5.82 -10 1.372 7.926 -10
4 14 1.372 7.926 -10 1.372 5.82 -10 3.078 5.336 -10 3.078 6.591 -10
4 14 3.078 6.591 -10 3.078 5.336 -10 3.526 5.14 -10 3.526 6.241 -10 
4 14 3.526 6.241 -10 3.526 5.14 -10 5.036 4.21 -10 5.036 5.059 -10
4 14 5.036 5.059 -10 5.036 4.21 -10 5.414 3.899 -10 5.414 4.763 -10
4 14 5.414 4.763 -10 5.414 3.899 -10 6.614 2.593 -10 6.614 3.824 -10
4 14 6.614 3.824 -10 6.614 2.593 -10 6.892 2.192 -10 6.892 3.606 -10
4 14 6.892 3.606 -10 6.892 2.192 -10 7.692 0.608 -10 7.692 2.98 -10
3 14 7.692 2.98 -10 7.692 0 -10 11.5 0 -10

4 14 0 9 -10 0 5.887 -10 -0.888 5.887 -10 -0.888 8.454 -10
4 14 -0.888 8.454 -10 -0.888 5.887 -10 -1.372 5.82 -10 -1.372 8.156 -10
4 14 -1.372 8.156 -10 -1.372 5.82 -10 -3.078 5.336 -10 -3.078 7.106 -10
4 14 -3.078 7.106 -10 -3.078 5.336 -10 -3.526 5.14 -10 -3.526 6.83 -10 
4 14 -3.526 6.83 -10 -3.526 5.14 -10 -5.036 4.21 -10 -5.036 5.901 -10
4 14 -5.036 5.901 -10 -5.036 4.21 -10 -5.414 3.899 -10 -5.414 5.668 -10
4 14 -5.414 5.668 -10 -5.414 3.899 -10 -6.614 2.593 -10 -6.5 5 -10
4 14 -6.5 5 -10 -6.614 2.593 -10 -6.892 2.192 -10 -6.892 3.693 -10
4 14 -6.892 3.693 -10 -6.892 2.192 -10 -7.692 0.608 -10 -7.692 1.027 -10
3 14 -7.692 1.027 -10 -7.692 0 -10 -8 0 -10

0 Necklace
1 4 6.5 1.0 -10 0.4 0 0.792 -0.792 0 0.4 0 1 0 4-4disc.dat
1 4 5.361 2.646 -10 0.6 0 0.653 -0.653 0 0.6 0 1 0 4-4disc.dat
1 4 3.816 3.92 -10 0.755 0 0.465 -0.465 0 0.755 0 1 0 4-4disc.dat
1 4 1.983 4.725 -10 0.853 0 0.242 -0.242 0 0.853 0 1 0 4-4disc.dat
1 4 0 5 -10 0.887 0 0 0 0 0.887 0 1 0 4-4disc.dat
1 4 -1.983 4.725 -10 0.853 0 -0.242 0.242 0 0.853 0 1 0 4-4disc.dat
1 4 -3.816 3.92 -10 0.755 0 -0.465 0.465 0 0.755 0 1 0 4-4disc.dat
1 4 -5.361 2.646 -10 0.6 0 -0.653 0.653 0 0.6 0 1 0 4-4disc.dat
1 4 -6.5 1.0 -10 0.4 0 -0.792 0.792 0 0.4 0 1 0 4-4disc.dat
0
