0 Minifig Torso with Brown Vest, Ascot and Belt Pattern
0 Name: 973p3b.dat
0 Author: Andy Westrate [westrate]
0 !LDRAW_ORG Part UPDATE 2002-05
0 !LICENSE Redistributable under CCAL version 2.0 : see CAreadme.txt

0 BFC CERTIFY CW
0 !KEYWORDS Pirates, vest, belt, bandolier, ascot, merchant, dandy
0 !CMDLINE -C15

0 !HISTORY 2002-11-30 [PTadmin] Official Update 2002-05
0 !HISTORY 2007-07-28 [PTadmin] Header formatted for Contributor Agreement
0 !HISTORY 2008-07-01 [PTadmin] Official Update 2008-01

1 16 0 0 0 1 0 0 0 1 0 0 0 1 s\973s01.dat
4 16 14.345 2 10 12 0 10 -12 0 10 -14.345 2 10
4 16 -19 29 10 19 29 10 14.345 2 10 -14.345 2 10
4 16 19 32 10 19 29 10 -19 29 10 -19 32 10
1 0 0 -4 0 4.243 0 -4.243 0 -8 0 -4.243 0 -4.243 1-4cyli.dat

0 Pattern
1 334 0 0 0 1 0 0 0 1 0 0 0 1 s\973p3ba.dat
1 358 0 0 0 1 0 0 0 1 0 0 0 1 s\973p3bb.dat
4 8 -9 5 -10 -11.5 0 -10 -7.5 0 -10 -8 5 -10
4 8 -8 6 -10 -8 5 -10 -7.5 0 -10 -6 7 -10
4 8 -10.75 7 -10 -11.5 0 -10 -9 5 -10 -9 6 -10
3 8 -9 11 -10 -7.5 10 -10 -7.5 11 -10
3 8 -6 10 -10 -7.5 10 -10 -6 7 -10
4 8 -9 11 -10 -10.75 7 -10 -6 7 -10 -7.5 10 -10
4 8 -6 7 -10 -10.75 7 -10 -9 6 -10 -8 6 -10
3 8 -6 15.5 -10 -9 11 -10 -6 11 -10
4 8 -6 15.5 -10 -6 13 -10 -4.5 13 -10 -4.5 14 -10
4 8 -4.5 15.414 -10 -2.267 17.482 -10 -1.5 19.586 -10 -5.086 16 -10
4 8 0.586 17.5 -10 -0.175 18.265 -10 -1.561 16.776 -10 -0.914 16 -10
3 8 -1.561 16.776 -10 -2.3 16 -10 -0.914 16 -10
3 8 19 29 -10 19 30.5 -10 12 29 -10
4 0 18.57 26.5 -10 13 25.5 -10 13 25 -10 18.48 26 -10
2 0 13 25.25 -10 18.5 26.25 -10
4 0 13 25.5 -10 7 23.25 -10 7.5 23 -10 13 25 -10
2 0 13 25.25 -10 7.25 23.125 -10
4 0 7.5 23 -10 7 23.25 -10 1.625 17.875 -10 2 17.5 -10
2 0 1.81 17.69 -10 7.25 23.125 -10
4 8 19 29 -10 12 29 -10 13 25.5 -10 18.57 26.5 -10
4 8 12 29 -10 7 25.75 -10 7 23.25 -10 13 25.5 -10
4 8 4.5 25.75 -10 7 25.75 -10 12 29 -10 6 26.5 -10
4 8 19 31 -10 19 31.5 -10 12 31.5 -10 12 29.5 -10
4 8 12 29.5 -10 12 31.5 -10 6 31.5 -10 6 27 -10
4 0 19 31.5 -10 19 32 -10 6 32 -10 6 31.5 -10
4 0 -6 31.5 -10 -6 32 -10 -19 32 -10 -19 31.5 -10
2 0 -6 27.25 -10 -18.54 27.25 -10
2 0 -6 31.75 -10 -19 31.75 -10
2 0 6 31.75 -10 19 31.75 -10
4 0 -18.66 27 -10 -6 27 -10 -6 27.5 -10 -18.74 27.5 -10
4 8 0 28 -10 5 28 -10 5 29 -10 0 29 -10
4 8 0 30 -10 5 30 -10 5 31 -10 0 31 -10
4 8 -5 28 -10 0 28 -10 0 31 -10 -5 31 -10
4 8 -9 27.5 -10 -6 27.5 -10 -6 31.5 -10 -9 31.5 -10
4 8 -10 27.5 -10 -9.5 27.5 -10 -9.5 31.5 -10 -10 31.5 -10
3 8 -10.5 31.5 -10 -12 29.5 -10 -10.5 27.5 -10
4 8 -18.74 27.5 -10 -11 27.5 -10 -12.5 29.5 -10 -19 29 -10
4 8 -19 29 -10 -12.5 29.5 -10 -11 31.5 -10 -19 31.5 -10
1 0 -7 10.5 -10 0.5 0 0 0 0 -0.5 0 0.5 0 4-4disc.dat
1 8 -7 10.5 -10 0.5 0 0 0 0 -0.5 0 0.5 0 4-4ndis.dat
1 0 -8.5 5.5 -10 0.5 0 0 0 0 -0.5 0 0.5 0 4-4disc.dat
1 8 -8.5 5.5 -10 0.5 0 0 0 0 -0.5 0 0.5 0 4-4ndis.dat
4 16 10 16.25 -10 8 16.25 -10 8 15.75 -10 10 15.75 -10
4 16 10 20.25 -10 8 20.25 -10 8 19.75 -10 10 19.75 -10
4 0 -6 1 -10 -7 0 -10 -2 0 -10 -3 1 -10
4 0 -3 1 -10 -2 0 -10 -2 15 -10 -3 16 -10
4 0 -3 13.5 -10 -3 14.5 -10 -4.5 14.5 -10 -3.5 13.5 -10
4 0 -3.5 13.5 -10 -4.5 14.5 -10 -4.5 1 -10 -3.5 1 -10
4 0 -4.5 12 -10 -4.5 13 -10 -6 13 -10 -5 12 -10
4 0 -5 12 -10 -6 13 -10 -6 1 -10 -5 1 -10
4 0 0 9 -10 1 9 -10 1 15 -10 0 15 -10
4 0 1 16 -10 -3 16 -10 -2 15 -10 1 15 -10
4 0 3 14.5 -10 1 14.5 -10 1 13.5 -10 2 13.5 -10
4 0 3 14.5 -10 2 13.5 -10 2 1 -10 3 1 -10
4 0 2 1 -10 -2 0 -10 7.5 0 -10 7 1 -10
4 0 4 1 -10 5 1 -10 5 13.5 -10 4 12.5 -10
4 0 5 11 -10 6 11 -10 6 12 -10 5 12 -10
4 0 6 12 -10 6 1 -10 7 1 -10 7 12 -10
4 0 4 12.5 -10 5 13.5 -10 3 13.5 -10 3 12.5 -10
2 0 -2 0 -10 2.5 0.5 -10
2 0 -5.5 0.5 -10 -2.5 0.5 -10
2 0 -5.5 0.5 -10 -7 0 -10
2 0 -2.5 0.5 -10 -2.5 15.5 -10
2 0 -3 14 -10 -4 14 -10
2 0 -4 14 -10 -4 0.5 -10
2 0 -4.5 12.5 -10 -5.5 12.5 -10
2 0 -5.5 12.5 -10 -5.5 0.5 -10
2 0 0.5 9 -10 0.5 15.5 -10
2 0 -2.5 15.5 -10 0.5 15.5 -10
2 0 0.5 14 -10 2.5 14 -10
2 0 2.5 14 -10 2.5 0.5 -10
2 0 2.5 0.5 -10 6.5 0.5 -10
2 0 6.5 11.5 -10 6.5 0.5 -10
2 0 4.5 0.5 -10 4.5 13 -10
2 0 4.5 11.5 -10 6.5 11.5 -10
2 0 4.5 13 -10 2.5 13 -10
4 0 -11.25 7 -10 -12 0 -10 -11.5 0 -10 -10.75 7 -10
2 0 -11.75 0 -10 -11 7 -10
4 0 -6 7 -10 -7.5 0 -10 -7 0 -10 -6 5 -10
2 0 -7.25 0 -10 -6 6 -10
3 16 -7 0 -10 -6 2 -10 -6 5 -10
4 0 -9.5 11.5 -10 -9 11 -10 -6 15.5 -10 -6.5 16 -10
2 0 -9.25 11.25 -10 -6.25 15.75 -10
4 16 -7.5 14.5 -10 -6.5 16 -10 -6.5 27 -10 -7.5 27 -10
4 0 -9.5 11.5 -10 -11.25 7 -10 -10.75 7 -10 -9 11 -10
2 0 -11 7 -10 -9.25 11.25 -10
3 16 2 17.5 -10 0.5 16 -10 7.5 16 -10
4 16 7.5 16 -10 1 16 -10 1 14.5 -10 7.5 14.5 -10
4 16 7.5 14.5 -10 3 14.5 -10 3 13.5 -10 7.5 13.5 -10
4 16 7.5 13.5 -10 5 13.5 -10 5 12 -10 7.5 12 -10
4 16 -11 9 -10 -14.345 2 -10 -13 3 -10 -11.25 7 -10
3 16 -11 9 -10 -16.84 16.5 -10 -14.345 2 -10
4 16 -14 15.5 -10 -16.84 16.5 -10 -11 9 -10 -11.5 12 -10
4 16 13 3 -10 14.345 2 -10 11 9 -10 11 7 -10
3 16 14.345 2 -10 16.84 16.5 -10 11 9 -10
4 16 11 9 -10 16.84 16.5 -10 14 15.5 -10 11.5 12 -10
4 16 5 1 -10 6 1 -10 6 11 -10 5 11 -10
2 16 5.5 1 -10 5.5 11 -10
4 16 3 1 -10 4 1 -10 4 12.5 -10 3 12.5 -10
2 16 3.5 1 -10 3.5 12.5 -10
4 16 -2 0 -10 2 1 -10 2 9 -10 -2 9 -10
4 16 1 9 -10 2 9 -10 2 13.5 -10 1 13.5 -10
2 16 1.5 9 -10 1.5 13.5 -10
4 16 -2 9 -10 0 9 -10 0 15 -10 -2 15 -10
4 16 -3.5 1 -10 -3 1 -10 -3 13.5 -10 -3.5 13.5 -10
2 16 -3.25 1 -10 -3.25 13.5 -10
4 16 -5 1 -10 -4.5 1 -10 -4.5 12 -10 -5 12 -10
2 16 -4.75 1 -10 -4.75 12 -10
3 16 -6 1 -10 -6 2 -10 -7 0 -10
4 8 -1.561 16.776 -10 -0.15 18.29 -10 -1.5 19.586 -10 -2.267 17.482 -10
4 0 6.5 25.25 -10 6.5 22.75 -10 7 23.25 -10 7 25.75 -10
3 8 6.5 22.75 -10 6.5 25.25 -10 4 25.25 -10
4 8 6 22.25 -10 3.5 24.75 -10 3 24.25 -10 5.5 21.75 -10
4 0 6.5 22.75 -10 4 25.25 -10 3.5 24.75 -10 6 22.25 -10
2 0 3.75 25 -10 6.25 22.5 -10
4 8 -0.75 20.25 -10 1.625 17.875 -10 5 21.25 -10 2.5 23.75 -10
4 0 5.5 21.75 -10 3 24.25 -10 2.5 23.75 -10 5 21.25 -10
2 0 2.75 24 -10 5.25 21.5 -10
2 0 6.75 23 -10 6.75 25.5 -10
4 0 4 25.25 -10 6.5 25.25 -10 7 25.75 -10 4.5 25.75 -10
2 0 6.75 25.5 -10 4.25 25.5 -10
3 16 -1.5 21 -10 -6.5 27 -10 -6.5 16 -10
3 16 0 27 -10 -6.5 27 -10 -1.5 21 -10
3 16 7.5 23 -10 2 17.5 -10 7.5 16 -10
3 16 4.25 26.25 -10 6 27 -10 0 27 -10
4 0 -1.25 20.75 -10 -0.75 20.25 -10 4.5 25.75 -10 4.25 26.25 -10
2 0 -1 20.5 -10 4.375 26 -10
2 0 6 26.75 -10 4.375 26 -10
4 16 -1.5 21 -10 -1.25 20.75 -10 4.25 26.25 -10 0 27 -10
4 0 4.25 26.25 -10 4.5 25.75 -10 6 26.5 -10 6 27 -10
4 0 12 29.5 -10 6 27 -10 6 26.5 -10 12 29 -10
4 0 19 31 -10 12 29.5 -10 12 29 -10 19 30.5 -10
4 0 -9.5 27.5 -10 -9 27.5 -10 -9 31.5 -10 -9.5 31.5 -10
4 0 -11 27.5 -10 -10.5 27.5 -10 -12 29.5 -10 -12.5 29.5 -10
4 0 -12.5 29.5 -10 -12 29.5 -10 -10.5 31.5 -10 -11 31.5 -10
2 0 -9.25 27.5 -10 -9.25 31.5 -10
4 0 -10.5 27.5 -10 -10 27.5 -10 -10 31.5 -10 -10.5 31.5 -10
2 0 -10.25 27.5 -10 -10.25 31.5 -10
2 0 -10.75 27.5 -10 -12.25 29.5 -10
2 0 -12.25 29.5 -10 -10.75 31.5 -10
2 0 6 26.75 -10 12 29.25 -10
2 0 12 29.25 -10 19 30.75 -10
2 0 6.5 0.5 -10 7.5 0 -10
4 0 7.5 3.5 -10 7 4 -10 7 3 -10 7.5 2.5 -10
4 16 7 12 -10 7 4 -10 7.5 3.5 -10 7.5 12 -10
4 16 7 3 -10 7 1 -10 7.5 0 -10 7.5 2.5 -10
4 8 -6 10 -10 -6 11 -10 -6.5 11 -10 -6.5 10 -10
0
