0 Minifig Torso with Bomber Jacket & Black Shirt Pattern
0 Name: 973p70.dat
0 Author: Franklin W. Cain [fwcain]
0 !LDRAW_ORG Part UPDATE 2001-03
0 !LICENSE Redistributable under CCAL version 2.0 : see CAreadme.txt

0 !KEYWORDS town
0 !CMDLINE -c6

0 !HISTORY 2001-12-31 [PTadmin] Official Update 2001-03
0 !HISTORY 2007-07-29 [PTadmin] Header formatted for Contributor Agreement
0 !HISTORY 2008-07-01 [PTadmin] Official Update 2008-01

0 // neck mark
 1 15 0 -4 0 4.243 0 -4.243 0 -8 0 -4.243 0 -4.243 1-4cyli.dat
0
0 T-shirt
0
 1 14 0 0 -10 4 0 0 0 0 2 0 1 0 2-4disc.dat
 1 0 0 0 -10 4 0 0 0 0 2 0 1 0 2-4ndis.dat
0
 3 0 -4 0 -10 -6 0 -10 -4 3.5 -10
 3 0 4 0 -10 6 0 -10 4 3.5 -10
 4 0 -4 2 -10 -4 3.5 -10 4 3.5 -10 4 2 -10
 3 0 -4 3.5 -10 -2 3.5 -10 -2 7 -10
 3 0 4 3.5 -10 2 3.5 -10 2 7 -10
 4 0 -2 3.5 -10 -2 7 -10 2 7 -10 2 3.5 -10
 3 0 -2 7 -10 2 7 -10 0 16 -10
0
0 fleece lining
0
 3 15 -6 0 -10 -4 3.5 -10 -6 3.5 -10
 3 15 6 0 -10 4 3.5 -10 6 3.5 -10
 4 15 -6 0 -10 -12 0 -10 -14 2 -10 -6 2 -10
 4 15 6 0 -10 12 0 -10 14 2 -10 6 2 -10
 4 15 -6 2 -10 -14 2 -10 -14 3.5 -10 -6 3.5 -10
 4 15 6 2 -10 14 2 -10 14 3.5 -10 6 3.5 -10
 4 15 -4 3.5 -10 -14 3.5 -10 -14 6 -10 -4 6 -10
 4 15 4 3.5 -10 14 3.5 -10 14 6 -10 4 6 -10
 3 15 -4 6 -10 -14 6 -10 -4 8 -10
 3 15 4 6 -10 14 6 -10 4 8 -10
 3 15 -4 3.5 -10 -2 7 -10 -4 8 -10
 3 15 4 3.5 -10 2 7 -10 4 8 -10
 3 15 -2 7 -10 -4 8 -10 0 16 -10
 3 15 2 7 -10 4 8 -10 0 16 -10
0
 3 16 -12 0 -10 -14 2 -10 -14.345 2 -10
 3 16 12 0 -10 14 2 -10 14.345 2 -10
 4 16 -14 2 -10 -14.345 2 -10 -16.759 16 -10 -14 16 -10
 4 16 14 2 -10 14.345 2 -10 16.759 16 -10 14 16 -10
 4 16 -4 8 -10 -14 6 -10 -14 16 -10 -4 16 -10
 4 16 4 8 -10 14 6 -10 14 16 -10 4 16 -10
 3 16 -4 8 -10 -4 16 -10 0 16 -10
 3 16 4 8 -10 4 16 -10 0 16 -10
0
0 zipper
0
 3 15 0 16 -10 -1.5 22 -10 1.5 22 -10
 4 15 -1.250 22 -10 -1.500 22 -10 -1.875 23.5 -10 -1.625 23.5 -10
 4 15 1.250 22 -10 1.500 22 -10 1.875 23.5 -10 1.625 23.5 -10
 4 16 -1.250 22 -10 -1.625 23.5 -10 1.625 23.5 -10 1.250 22 -10
 4 15 -1.875 23.5 -10 -2 24 -10 2 24 -10 1.875 23.5 -10
 3 16 0 16 -10 -2 16 -10 -2 24 -10
 3 16 0 16 -10 2 16 -10 2 24 -10
0
 4 16 -0.5 24 -10 -0.5 24.5 -10 0.5 24.5 -10 0.5 24 -10
 4 15 -0.5 24.5 -10 -0.5 31.5 -10 0.5 31.5 -10 0.5 24.5 -10
 4 16 -0.5 31.5 -10 -0.5 32 -10 0.5 32 -10 0.5 31.5 -10
 4 16 -0.5 24 -10 -2 24 -10 -2 32 -10 -0.5 32 -10
 4 16 0.5 24 -10 2 24 -10 2 32 -10 0.5 32 -10
0
0 pockets
0
 4 15 -9 18 -10 -8 19 -10 -16 27 -10 -17 26 -10
 4 15 9 18 -10 8 19 -10 16 27 -10 17 26 -10
 3 15 -8 19 -10 -7 20 -10 -9 20 -10
 3 15 8 19 -10 7 20 -10 9 20 -10
 3 15 -7 20 -10 -9 20 -10 -8 21 -10
 3 15 7 20 -10 9 20 -10 8 21 -10
 3 15 -15 26 -10 -14 27 -10 -16 27 -10
 3 15 15 26 -10 14 27 -10 16 27 -10
 3 15 -14 27 -10 -16 27 -10 -15 28 -10
 3 15 14 27 -10 16 27 -10 15 28 -10
 4 16 -9 20 -10 -8 21 -10 -14 27 -10 -15 26 -10
 4 16 9 20 -10 8 21 -10 14 27 -10 15 26 -10
0
 3 16 -7 18 -10 -9 18 -10 -7 20 -10
 3 16 7 18 -10 9 18 -10 7 20 -10
 3 16 -17 26 -10 -15 28 -10 -17 28 -10
 3 16 17 26 -10 15 28 -10 17 28 -10
 3 16 -7 20 -10 -15 28 -10 -7 28 -10
 3 16 7 20 -10 15 28 -10 7 28 -10
0
0 misc.
0
 4 16 -2 16 -10 -7 16 -10 -7 29 -10 -2 29 -10
 4 16 2 16 -10 7 16 -10 7 29 -10 2 29 -10
 4 16 -7 16 -10 -9 16 -10 -9 18 -10 -7 18 -10
 4 16 7 16 -10 9 16 -10 9 18 -10 7 18 -10
 3 16 -16.759 16 -10 -9 16 -10 -9 18 -10
 3 16 16.759 16 -10 9 16 -10 9 18 -10
 3 16 -16.759 16 -10 -9 18 -10 -17 26 -10
 3 16 16.759 16 -10 9 18 -10 17 26 -10
 3 16 -16.759 16 -10 -17 26 -10 -19 29 -10
 3 16 16.759 16 -10 17 26 -10 19 29 -10
 4 16 -2 28 -10 -17 28 -10 -19 29 -10 -2 29 -10
 4 16 2 28 -10 17 28 -10 19 29 -10 2 29 -10
 3 16 -17 26 -10 -17 28 -10 -19 29 -10
 3 16 17 26 -10 17 28 -10 19 29 -10
 4 16 -2 29 -10 -19 29 -10 -19 32 -10 -2 32 -10
 4 16 2 29 -10 19 29 -10 19 32 -10 2 32 -10
0
 4 16 -12 0 10 -14.35 2 10 14.35 2 10 12 0 10
 4 16 -14.35 2 10 -19 29 10 19 29 10 14.35 2 10
 4 16 -19 29 10 -19 32 10 19 32 10 19 29 10
0
 1 16 0 0 0 1 0 0 0 1 0 0 0 1 s\973s01.dat
0
