0 Minifig Torso with Pirate Purple Vest and Anchor Tattoo Pattern
0 Name: 973p30.dat
0 Author: Franklin W. Cain [fwcain]
0 !LDRAW_ORG Part UPDATE 2002-02
0 !LICENSE Redistributable under CCAL version 2.0 : see CAreadme.txt

0 !KEYWORDS anchor, sailor, Pirates
0 !CMDLINE -C14

0 !HISTORY 2002-04-25 [PTadmin] Official Update 2002-02
0 !HISTORY 2007-07-28 [PTadmin] Header formatted for Contributor Agreement
0 !HISTORY 2008-07-01 [PTadmin] Official Update 2008-01

 1 334 0 0 0 1 0 0 0 1 0 0 0 1 s\973p30a.dat
 1 261 0 0 0 1 0 0 0 1 0 0 0 1 s\973p30b.dat
0
0 belt
0
 4 0 -4 27 -10 4 27 -10 4 28.5 -10 -4 28.5 -10
 4 0 -4 31 -10 4 31 -10 4 29.5 -10 -4 29.5 -10
 4 0 4 28.5 -10 -1 28.5 -10 -1 29.5 -10 4 29.5 -10
 4 0 -5 26 -10 -9 26 -10 -9 32 -10 -5 32 -10
 4 16 -9 26 -10 -9 32 -10 -9.5 32 -10 -9.5 26 -10
 4 0 -9.5 26 -10 -11.5 26 -10 -11.5 32 -10 -9.5 32 -10
 4 16 -11.5 26 -10 -11.5 32 -10 -12 32 -10 -12 26 -10
 4 0 -12 26 -10 -14 26 -10 -14 32 -10 -12 32 -10
 3 0 -14 26 -10 -14 32 -10 -16 29 -10
 4 16 -14 26 -10 -14.7 26 -10 -16.7 29 -10 -16 29 -10
 4 16 -14 32 -10 -14.7 32 -10 -16.7 29 -10 -16 29 -10
 4 0 -19 29 -10 -16.7 29 -10 -14.7 26 -10 -18.483 26 -10
 4 0 -19 29 -10 -16.7 29 -10 -14.7 32 -10 -19 32 -10
 4 0 5 26 -10 5 29 -10 19 29 -10 18.483 26 -10
 4 0 5 32 -10 5 29 -10 19 29 -10 19 32 -10
0
0 navel
0
 1 0 0 25 -10 0.5 0 0 0 0 0.5 0 1 0 4-4disc.dat
 1 16 0 25 -10 0.5 0 0 0 0 0.5 0 1 0 4-4ndis.dat
0
 4 16 -4 26 -10 4 26 -10 4 25.5 -10 -4 25.5 -10
 4 16 -4 24.5 -10 -4 25.5 -10 -0.5 25.5 -10 -0.5 24.5 -10
 4 16 4 24.5 -10 4 25.5 -10 0.5 25.5 -10 0.5 24.5 -10
 4 16 -4 18 -10 4 18 -10 4 24.5 -10 -4 24.5 -10
0
0 vest
0
 3 16 -11 0 -10 -12 0 -10 -11.380 4.592 -10
 3 16 11 0 -10 12 0 -10 11.380 4.592 -10
 3 16 -12 0 -10 -14.345 2 -10 -11.380 4.592 -10
 3 16 12 0 -10 14.345 2 -10 11.380 4.592 -10
 3 16 -14.345 2 -10 -11.380 4.592 -10 -12.465 8.485 -10
 3 16 14.345 2 -10 11.380 4.592 -10 12.465 8.485 -10
 3 16 -14.345 2 -10 -12.465 8.485 -10 -14.087 11.087 -10
 3 16 14.345 2 -10 12.465 8.485 -10 14.087 11.087 -10
 3 16 -14.345 2 -10 -14.087 11.087 -10 -16.069 12 -10
 3 16 14.345 2 -10 14.087 11.087 -10 16.069 12 -10
0
 4 16 5 12.75 -10 7 12.75 -10 7 13.25 -10 5 13.25 -10
 4 16 6 17.25 -10 8 17.25 -10 8 17.75 -10 6 17.75 -10
 4 16 9 20.75 -10 11 20.75 -10 11 21.25 -10 9 21.25 -10
0
 3 16 -4 0 -10 -5 0 -10 -4 14 -10
 3 16 4 0 -10 5 0 -10 4 14 -10
 3 16 -4 26 -10 -4 14 -10 -5.065 18.592 -10
 3 16 4 26 -10 4 14 -10 5.065 18.592 -10
 3 16 -4 26 -10 -5.065 18.592 -10 -8.101 22.485 -10
 3 16 4 26 -10 5.065 18.592 -10 8.101 22.485 -10
 3 16 -4 26 -10 -8.101 22.485 -10 -12.642 25.087 -10
 3 16 4 26 -10 8.101 22.485 -10 12.642 25.087 -10
 3 16 -4 26 -10 -12.642 25.087 -10 -18.483 26 -10
 3 16 4 26 -10 12.642 25.087 -10 18.483 26 -10
0
0 tatoo
0
 1 16 0 11 -10 0.5 0 0 0 0 0.5 0 1 0 4-4disc.dat
 1 0 0 11 -10 0.5 0 0 0 0 0.5 0 1 0 ring1.dat
 1 16 0 11 -10 1 0 0 0 0 1 0 1 0 4-4ndis.dat
0
 4 16 -1 10 -10 -4 10 -10 -4 12.5 -10 -1 12.5 -10
 4 16 1 10 -10 4 10 -10 4 12.5 -10 1 12.5 -10
 4 0 -0.25 12 -10 0.25 12 -10 0.25 17 -10 -0.25 17 -10
 4 16 -0.25 12 -10 -1 12 -10 -1 12.5 -10 -0.25 12.5 -10
 4 16 0.25 12 -10 1 12 -10 1 12.5 -10 0.25 12.5 -10
 4 0 -0.25 12.5 -10 -2.5 12.5 -10 -2.5 13 -10 -0.25 13 -10
 4 0 0.25 12.5 -10 2.5 12.5 -10 2.5 13 -10 0.25 13 -10
 4 16 -2.5 12.5 -10 -4 12.5 -10 -4 13 -10 -2.5 13 -10
 4 16 2.5 12.5 -10 4 12.5 -10 4 13 -10 2.5 13 -10
 4 16 -0.25 13 -10 -0.25 15 -10 -4 15 -10 -4 13 -10
 4 16 0.25 13 -10 0.25 15 -10 4 15 -10 4 13 -10
 4 16 -0.25 15 -10 -2.5 15 -10 -2.5 17 -10 -0.25 17 -10
 4 16 0.25 15 -10 2.5 15 -10 2.5 17 -10 0.25 17 -10
 3 0 -4 15 -10 -2.5 16.75 -10 -3.5 17.25 -10
 3 0 4 15 -10 2.5 16.75 -10 3.5 17.25 -10
 3 16 -2.5 15 -10 -4 15 -10 -2.5 16.75 -10
 3 16 2.5 15 -10 4 15 -10 2.5 16.75 -10
 4 16 -3.5 17.25 -10 -3.5 18 -10 -4 18 -10 -4 15 -10
 4 16 3.5 17.25 -10 3.5 18 -10 4 18 -10 4 15 -10
 4 0 -2.5 16.75 -10 -2.75 17 -10 -3.25 17.25 -10 -3.5 17.25 -10
 4 0 2.5 16.75 -10 2.75 17 -10 3.25 17.25 -10 3.5 17.25 -10
 3 16 -2.5 16.75 -10 -2.5 17 -10 -2.75 17 -10
 3 16 2.5 16.75 -10 2.5 17 -10 2.75 17 -10
 4 16 -3.25 17.25 -10 -3.25 18 -10 -3.5 18 -10 -3.5 17.25 -10
 4 16 3.25 17.25 -10 3.25 18 -10 3.5 18 -10 3.5 17.25 -10
0
 4 0 -0.250 17 -10 0.250 17 -10 0.345 17.191 -10 -0.345 17.191 -10
 3 0 0 17.612 -10 -0.345 17.191 -10 0.345 17.191 -10
0
 4 0 -0.345 17.191 -10 0 17.612 -10 -0.263 17.780 -10 -0.616 17.354 -10
 4 0 0.345 17.191 -10 0 17.612 -10 0.263 17.780 -10 0.616 17.354 -10
 4 0 -0.616 17.354 -10 -0.263 17.780 -10 -0.830 17.943 -10 -1.022 17.462 -10
 4 0 0.616 17.354 -10 0.263 17.780 -10 0.830 17.943 -10 1.022 17.462 -10
 4 0 -1.022 17.462 -10 -0.830 17.943 -10 -1.5 18 -10 -1.5 17.5 -10
 4 0 1.022 17.462 -10 0.830 17.943 -10 1.5 18 -10 1.5 17.5 -10
 4 0 -1.5 17.5 -10 -1.5 18 -10 -2.170 17.943 -10 -1.978 17.462 -10
 4 0 1.5 17.5 -10 1.5 18 -10 2.170 17.943 -10 1.978 17.462 -10
 4 0 -1.978 17.462 -10 -2.170 17.943 -10 -2.737 17.780 -10 -2.384 17.354 -10
 4 0 1.978 17.462 -10 2.170 17.943 -10 2.737 17.780 -10 2.384 17.354 -10
 4 0 -2.384 17.354 -10 -2.737 17.780 -10 -3.117 17.537 -10 -2.655 17.191 -10
 4 0 2.384 17.354 -10 2.737 17.780 -10 3.117 17.537 -10 2.655 17.191 -10
 4 0 -2.655 17.191 -10 -3.117 17.537 -10 -3.250 17.250 -10 -2.750 17 -10
 4 0 2.655 17.191 -10 3.117 17.537 -10 3.250 17.250 -10 2.750 17 -10
0
 3 16 -1.5 17 -10 -0.250 17 -10 -0.345 17.191 -10
 3 16 1.5 17 -10 0.250 17 -10 0.345 17.191 -10
 3 16 -1.5 17 -10 -0.345 17.191 -10 -0.616 17.354 -10
 3 16 1.5 17 -10 0.345 17.191 -10 0.616 17.354 -10
 3 16 -1.5 17 -10 -0.616 17.354 -10 -1.022 17.462 -10
 3 16 1.5 17 -10 0.616 17.354 -10 1.022 17.462 -10
 3 16 -1.5 17 -10 -1.022 17.462 -10 -1.5 17.5 -10
 3 16 1.5 17 -10 1.022 17.462 -10 1.5 17.5 -10
 3 16 -1.5 17 -10 -1.5 17.5 -10 -1.978 17.462 -10
 3 16 1.5 17 -10 1.5 17.5 -10 1.978 17.462 -10
 3 16 -1.5 17 -10 -1.978 17.462 -10 -2.384 17.354 -10
 3 16 1.5 17 -10 1.978 17.462 -10 2.384 17.354 -10
 3 16 -1.5 17 -10 -2.384 17.354 -10 -2.655 17.191 -10
 3 16 1.5 17 -10 2.384 17.354 -10 2.655 17.191 -10
 3 16 -1.5 17 -10 -2.655 17.191 -10 -2.750 17 -10
 3 16 1.5 17 -10 2.655 17.191 -10 2.750 17 -10
0
 3 16 -3.250 18 -10 -3.250 17.250 -10 -3.117 17.537 -10
 3 16 3.250 18 -10 3.250 17.250 -10 3.117 17.537 -10
 3 16 -3.250 18 -10 -3.117 17.537 -10 -2.737 17.780 -10
 3 16 3.250 18 -10 3.117 17.537 -10 2.737 17.780 -10
 3 16 -3.250 18 -10 -2.737 17.780 -10 -2.170 17.943 -10
 3 16 3.250 18 -10 2.737 17.780 -10 2.170 17.943 -10
 3 16 -3.250 18 -10 -2.170 17.943 -10 -1.5 18 -10
 3 16 3.250 18 -10 2.170 17.943 -10 1.5 18 -10
0
 3 16 0 17.612 -10 -0.263 17.780 -10 0.263 17.780 -10
 4 16 -0.263 17.780 -10 0.263 17.780 -10 0.830 17.943 -10 -0.830 17.943 -10
 4 16 -0.830 17.943 -10 0.830 17.943 -10 1.5 18 -10 -1.5 18 -10
0
 4 16 -4 10 -10 4 10 -10 4 0 -10 -4 0 -10
0
0 (remainder of torso)
0
 4 16 -12 0 10 12 0 10 14.345 2 10 -14.345 2 10
 4 16 -19 29 10 19 29 10 14.345 2 10 -14.345 2 10
 4 16 -19 29 10 19 29 10 19 32 10 -19 32 10
0
 1 0 0 -4 0 4.243 0 -4.243 0 -8 0 -4.243 0 -4.243 1-4cyli.dat
 1 16 0 0 0 1 0 0 0 1 0 0 0 1 s\973s01.dat
0
