0 Minifig Torso with Air Gauge and Pocket Pattern 
0 Name: 973p29.dat
0 Author: Chris Dee [cwdee]
0 !LDRAW_ORG Part UPDATE 2001-01
0 !LICENSE Redistributable under CCAL version 2.0 : see CAreadme.txt

0 !HISTORY 2001-10-26 [PTadmin] Official Update 2001-01
0 !HISTORY 2007-07-28 [PTadmin] Header formatted for Contributor Agreement
0 !HISTORY 2008-07-01 [PTadmin] Official Update 2008-01

1 16 0 0 0 1 0 0 0 1 0 0 0 1 s\973s01.dat
1 0 0 -4 0 4.243 0 -4.243 0 -8 0 -4.243 0 -4.243 1-4cyli.dat
4 16 12 0 10 -12 0 10 -14.345 2 10 14.345 2 10
4 16 14.345 2 10 -14.345 2 10 -19 29 10 19 29 10
4 16 19 29 10 -19 29 10 -19 32 10 19 32 10

0 patch pocket
4 0 3.5 9 -10 14.5 9 -10 14.5 10 -10 3.5 10 -10
2 0 4 9.5 -10 14 9.5 -10
4 0 3.5 10 -10 4.5 10 -10 5 12 -10 3.5 12 -10
4 16 4.5 10 -10 13.5 10 -10 13 12 -10 5 12 -10
4 0 13.5 10 -10 14.5 10 -10 14.5 12 -10 13 12 -10
4 0 3.5 12 -10 14.5 12 -10 13.5 13 -10 4.5 13 -10
4 0 3.5 12 -10 4.5 13 -10 4.5 17.5 -10 3.5 18 -10
2 0 4 9.5 -10 4 17.75 -10
4 0 13.5 13 -10 14.5 12 -10 14.5 18 -10 13.5 17.5 -10
2 0 14 9.5 -10 14 17.75 -10
4 0 13.5 17.5 -10 14.5 18 -10 13 20 -10 12.5 19 -10
2 0 14 17.75 -10 12.75 19.5 -10
4 0 12.5 19 -10 13 20 -10 5 20 -10 5.5 19 -10
2 0 12.75 19.5 -10 5.25 19.5 -10
4 0 5.5 19 -10 5 20 -10 3.5 18 -10 4.5 17.5 -10
2 0 5.25 19.5 -10 4 17.75 -10
4 16 4.5 13 -10 13.5 13 -10 13.5 17.5 -10 4.5 17.5 -10
4 16 4.5 17.5 -10 13.5 17.5 -10 12.5 19 -10 5.5 19 -10
2 0 4 12.5 -10 14 12.5 -10

0 belt
4 15 2.5 28 -10 17 28 -10 17 30 -10 2.5 30 -10
4 15 -17 28 -10 -2.5 28 -10 -2.5 30 -10 -17 30 -10

0 zipper
4 0 2 1.5 -10 3 2 -10 0.5 3.5 -10 -0.5 3 -10
4 0 -0.5 3 -10 0.5 3.5 -10 0.5 30.5 -10 -0.5 31 -10
4 0 -0.5 31 -10 0.5 30.5 -10 2.5 31.5 -10 1.5 32 -10
2 0 2.5 1.75 -10 0 3.25 -10
2 0 0 3.25 -10 0 30.75 -10
2 0 0 30.75 -10 2 31.75 -10 

0 airhose
3 0 -5 1 -10 -4.25 2 -10 -6 1 -10
4 0 -6 1 -10 -4.25 2 -10 -4.5 3 -10 -7 1.5 -10
4 0 -7 1.5 -10 -4.5 3 -10 -5.75 5 -10 -8.25 3.5 -10
4 0 -8.25 3.5 -10 -5.75 5 -10 -6.25 6 -10 -9.25 6 -10
4 0 -9.25 6 -10 -6.25 6 -10 -6.5 8.5 -10 -9.5 8.5 -10
3 0 -8 8.5 -10 -9.5 8.8 -10 -9.5 8.5 -10
3 0 -8 8.5 -10 -6.5 8.5 -10 -6.5 8.8 -10

0 airgauge
4 0 -10.487 21.005 -10 -10.200 20.312 -10 -12.066 19.066 -10 -12.596 19.596 -10
4 0 -12.596 19.596 -10 -12.066 19.066 -10 -13.312 17.200 -10 -14.005 17.487 -10
4 0 -14.005 17.487 -10 -13.312 17.200 -10 -13.750 15.000 -10 -14.500 15.000 -10
4 0 -14.500 15.000 -10 -13.750 15.000 -10 -13.312 12.800 -10 -14.005 12.513 -10
4 0 -14.005 12.513 -10 -13.312 12.800 -10 -12.066 10.934 -10 -12.596 10.404 -10
4 0 -12.596 10.404 -10 -12.066 10.934 -10 -10.200 9.688 -10 -10.487 8.995 -10
4 0 -10.487 8.995 -10 -10.200 9.688 -10 -8.000 9.250 -10 -8.000 8.500 -10
4 0 -8.000 8.500 -10 -8.000 9.250 -10 -5.800 9.688 -10 -5.513 8.995 -10
4 0 -5.513 8.995 -10 -5.800 9.688 -10 -3.934 10.934 -10 -3.404 10.404 -10
4 0 -3.404 10.404 -10 -3.934 10.934 -10 -2.688 12.800 -10 -1.995 12.513 -10
4 0 -1.995 12.513 -10 -2.688 12.800 -10 -2.250 15.000 -10 -1.500 15.000 -10
4 0 -1.500 15.000 -10 -2.250 15.000 -10 -2.688 17.200 -10 -1.995 17.487 -10
4 0 -1.995 17.487 -10 -2.688 17.200 -10 -3.934 19.066 -10 -3.404 19.596 -10
4 0 -3.404 19.596 -10 -3.934 19.066 -10 -5.800 20.312 -10 -5.513 21.005 -10
4 0 -5.513 21.005 -10 -5.800 20.312 -10 -8.000 20.750 -10 -8.000 21.500 -10
4 0 -8.000 21.500 -10 -8.000 20.750 -10 -10.200 20.312 -10 -10.487 21.005 -10
1 8 -8 15 -10 6.125 0 0 0 0 6.125 0 1 0 4-4edge.dat
0 tick-marks
4 0 -2.828 17.409 -10 -4.286 16.567 -10 -4.786 17.433 -10 -3.384 18.242 -10
2 0 -2.786 18.01 -10 -4.536 17 -10
4 0 -2.35 14.5 -10 -4 14.5 -10 -4 15 -10 -2.25 15 -10
4 0 -2.25 15 -10 -4 15 -10 -4 15.5 -10 -2.35 15.5 -10
2 0 -4 15 -10 -1.875 15 -10
4 0 -3.384 11.758 -10 -4.786 12.567 -10 -4.286 13.433 -10 -2.828 12.591 -10
2 0 -2.786 11.99 -10 -4.536 13 -10
4 0 -5.591 9.828 -10 -6.433 11.286 -10 -5.567 11.786 -10 -4.758 10.384 -10
2 0 -4.99 9.786 -10 -6 11.536 -10
4 0 -7.5 9.35 -10 -7.5 11 -10 -8 11 -10 -8 9.25 -10
4 0 -8 9.25 -10 -8 11 -10 -8.5 11 -10 -8.5 9.35 -10
2 0 -8 11 -10 -8 8.875 -10
4 0 -10.409 9.828 -10 -9.567 11.286 -10 -10.433 11.786 -10 -11.242 10.384 -10
2 0 -11.01 9.786 -10 -10 11.536 -10
4 0 -12.616 11.758 -10 -11.214 12.567 -10 -11.714 13.433 -10 -13.172 12.591 -10
2 0 -13.214 11.99 -10 -11.464 13 -10
4 0 -13.65 14.5 -10 -12 14.5 -10 -12 15 -10 -13.75 15 -10
4 0 -13.75 15 -10 -12 15 -10 -12 15.5 -10 -13.65 15.5 -10
2 0 -12 15 -10 -14.125 15 -10
4 0 -13.172 17.409 -10 -11.714 16.567 -10 -11.214 17.433 -10 -12.616 18.242 -10
2 0 -13.214 18.01 -10 -11.464 17 -10
 
0 dial
4 15 -3.384 18.242 -10 -4.786 17.433 -10 -5.8 20.312 -10 -3.934 19.066 -10
4 15 -2.35 15.5 -10 -4 15.5 -10 -4.286 16.567 -10 -2.688 17.2 -10
3 15 -2.688 17.2 -10 -4.286 16.567 -10 -2.828 17.409 -10
3 4 -2.828 12.591 -10 -4.286 13.433 -10 -2.688 12.8 -10
4 4 -2.688 12.8 -10 -4.286 13.433 -10 -4 14.5 -10 -2.35 14.5 -10
3 4 -4.758 10.384 -10 -5.567 11.786 -10 -3.934 10.934 -10
3 4 -3.934 10.934 -10 -5.567 11.786 -10 -4.786 12.567 -10
3 4 -3.934 10.934 -10 -4.786 12.567 -10 -3.384 11.758 -10
4 15 -7.5 9.35 -10 -7.5 11 -10 -6.433 11.286 -10 -5.8 9.688 -10
3 15 -5.8 9.688 -10 -6.433 11.286 -10 -5.591 9.828 -10
4 15 -8.5 9.35 -10 -8.5 11 -10 -9.567 11.286 -10 -10.2 9.688 -10
3 15 -10.2 9.688 -10 -9.567 11.286 -10 -10.409 9.828 -10
4 15 -11.242 10.384 -10 -10.433 11.786 -10 -11.2 11.8 -10 -12.066 10.934 -10
4 15 -12.066 10.934 -10 -11.2 11.8 -10 -11.214 12.567 -10 -12.616 11.758 -10
3 15 -13.172 12.591 -10 -11.714 13.433 -10 -13.312 12.8 -10
4 15 -13.312 12.8 -10 -11.714 13.433 -10 -12 14.5 -10 -13.65 14.5 -10
4 15 -13.65 15.5 -10 -12 15.5 -10 -11.714 16.567 -10 -13.312 17.2 -10
3 15 -13.312 17.2 -10 -11.714 16.567 -10 -13.172 17.409 -10
4 15 -12.616 18.242 -10 -11.214 17.433 -10 -10.2 20.312 -10 -12.066 19.066 -10

3 15 -7.713 14.307 -10 -11.2 11.8 -10 -10.433 11.786 -10
4 15 -7.713 14.307 -10 -10.433 11.786 -10 -9.567 11.286 -10 -8.5 11 -10
4 15 -7.713 14.307 -10 -8.5 11 -10 -7.5 11 -10 -6.433 11.286 -10
3 15 -7.713 14.307 -10 -6.433 11.286 -10 -6 11.536 -10
4 4 -7.713 14.307 -10 -6 11.536 -10 -5.567 11.786 -10 -4.786 12.567 -10
3 4 -7.713 14.307 -10 -4.786 12.567 -10 -7.47 14.47 -10
4 4 -7.47 14.47 -10 -4.786 12.567 -10 -4.286 13.433 -10 -7.307 14.713 -10
4 4 -7.307 14.713 -10 -4.286 13.433 -10 -4 14.5 -10 -7.25 15 -10
3 4 -7.25 15 -10 -4 14.5 -10 -4 15 -10
3 15 -7.25 15 -10 -4 15 -10 -4 15.5 -10
4 15 -7.25 15 -10 -4 15.5 -10 -4.286 16.567 -10 -7.307 15.287 -10

4 15 -7.307 15.287 -10 -4.286 16.567 -10 -4.786 17.433 -10 -7.47 15.53 -10
4 15 -7.47 15.53 -10 -4.786 17.433 -10 -5.8 20.312 -10 -7.713 15.693 -10
4 15 -7.713 15.693 -10 -5.8 20.312 -10 -8 20.75 -10 -8 15.75 -10 
4 15 -8 15.75 -10 -8 20.75 -10 -10.2 20.312 -10 -8.287 15.693 -10
4 15 -8.287 15.693 -10 -10.2 20.312 -10 -11.214 17.433 -10 -8.53 15.53 -10
4 15 -8.53 15.53 -10 -11.214 17.433 -10 -11.714 16.567 -10 -8.693 15.287 -10
3 15 -8.693 15.287 -10 -11.714 16.567 -10 -12 15.5 -10
4 15 -8.693 15.287 -10 -12 15.5 -10 -12 14.5 -10 -11.714 13.433 -10
3 15 -8.693 15.287 -10 -11.714 13.433 -10 -11.214 12.567 -10
3 15 -8.693 15.287 -10 -11.214 12.567 -10 -11.2 11.8 -10

0 3 15 -11.2 11.8 -10 -10.433 11.786 -10 -7.713 14.307 -10
0 3 15 -11.2 11.8 -10 -8.693 15.287 -10 -11.214 12.567 -10 

0 pointer
1 0 -8 15 -10 0.75 0 0 0 0 0.75 0 1 0 4-4disc.dat
3 0 -11.2 11.8 -10 -7.713 14.307 -10 -8 14.25 -10
3 0 -11.2 11.8 -10 -8 14.25 -10 -8.207 14.307 -10
3 0 -11.2 11.8 -10 -8.207 14.307 -10 -8.53 14.47 -10
3 0 -11.2 11.8 -10 -8.53 14.47 -10 -8.693 14.713 -10
3 0 -11.2 11.8 -10 -8.693 14.713 -10 -8.75 15 -10
3 0 -11.2 11.8 -10 -8.75 15 -10 -8.693 15.287 -10
2 0 -8 15 -10 -11.2 11.8 -10

0 left side backgrond
4 16 -0.5 3 -10 -0.5 0 -10 2 0 -10 2 1.5 -10
4 16 2 1.5 -10 2 0 -10 3 0 -10 3 2 -10
4 16 3 2 -10 3 0 -10 12 0 -10 14.345 2 -10
4 16 3 2 -10 14.345 2 -10 14.604 3.5 -10 0.5 3.5 -10
4 16 0.5 3.5 -10 14.604 3.5 -10 15.552 9 -10 0.5 9 -10
4 16 0.5 9 -10 3.5 9 -10 3.5 18 -10 0.5 18 -10
4 16 0.5 18 -10 3.5 18 -10 5 20 -10 0.5 20 -10
4 16 14.5 9 -10 15.552 9 -10 17.104 18 -10 14.5 18 -10
4 16 14.5 18 -10 17.104 18 -10 17.448 20 -10 13 20 -10
4 16 0.5 20 -10 17.448 20 -10 18.828 28 -10 0.5 28 -10
4 16 0.5 28 -10 2.5 28 -10 2.5 30 -10 0.5 30 -10
4 16 17 28 -10 18.828 28 -10 19 29 -10 17 29 -10
4 16 17 29 -10 19 29 -10 19 30 -10 17 30 -10
4 16 0.5 30 -10 2.5 30 -10 2.5 31.5 -10 0.5 30.5 -10
4 16 2.5 30 -10 19 30 -10 19 31.5 -10 2.5 31.5 -10
4 16 2.5 31.5 -10 19 31.5 -10 19 32 -10 1.5 32 -10

0 right side background
4 16 -6 0 -10 -0.5 0 -10 -0.5 1 -10 -6 1 -10
4 16 -12 0 -10 -6 0 -10 -6 1 -10 -7 1.5 -10
4 16 -12 0 -10 -7 1.5 -10 -8.25 3.5 -10 -14.345 2 -10
4 16 -14.345 2 -10 -8.25 3.5 -10 -9.25 6 -10 -15.035 6 -10
4 16 -15.035 6 -10 -9.25 6 -10 -9.5 8.5 -10 -15.465 8.5 -10
4 16 -5 1 -10 -0.5 1 -10 -0.5 2 -10 -4.25 2 -10
4 16 -4.25 2 -10 -0.5 2 -10 -0.5 3 -10 -4.5 3 -10
4 16 -4.5 3 -10 -0.5 3 -10 -0.5 5 -10 -5.75 5 -10 
4 16 -5.75 5 -10 -0.5 5 -10 -0.5 6 -10 -6.25 6 -10
4 16 -6.25 6 -10 -0.5 6 -10 -0.5 8.5 -10 -6.5 8.5 -10
1 16 -8 15 -10 6.5 0 0 0 0 6.5 0 1 0 2-4ndis.dat
4 16 -14.5 8.5 -10 -9.5 8.5 -10 -9.5 8.8 -10 -10.487 8.995 -10
3 16 -14.5 8.5 -10 -10.487 8.995 -10 -12.596 10.404 -10
3 16 -14.5 8.5 -10 -12.596 10.404 -10 -14.005 12.513 -10
3 16 -14.5 8.5 -10 -14.005 12.513 -10 -14.5 15 -10
3 16 -1.5 8.5 -10 -1.5 15 -10 -1.995 12.513 -10
3 16 -1.5 8.5 -10 -1.995 12.513 -10 -3.404 10.404 -10
3 16 -1.5 8.5 -10 -3.404 10.404 -10 -5.513 8.995 -10
4 16 -1.5 8.5 -10 -5.513 8.995 -10 -6.5 8.8 -10 -6.5 8.5 -10


4 16 -1.5 8.5 -10 -0.5 8.5 -10 -0.5 21.5 -10 -1.5 21.5 -10
4 16 -15.465 8.5 -10 -14.5 8.5 -10 -14.5 21.5 -10 -17.707 21.5 -10
4 16 -17.707 21.5 -10 -0.5 21.5 -10 -0.5 28 -10 -18.828 28 -10
4 16 -18.828 28 -10 -17 28 -10 -17 29 -10 -19 29 -10 
4 16 -19 29 -10 -17 29 -10 -17 30 -10 -19 30 -10
4 16 -2.5 28 -10 -0.5 28 -10 -0.5 30 -10 -2.5 30 -10
4 16 -19 30 -10 -0.5 30 -10 -0.5 31 -10 -19 31 -10
4 16 -19 31 -10 -0.5 31 -10 1.5 32 -10 -19 32 -10
0

 

