0 Tap  1 x  2 Spout
0 Name: 70.dat
0 Author: Tore Eriksson [Tore_Eriksson]
0 !LDRAW_ORG Part UPDATE 2000-02
0 !LICENSE Redistributable under CCAL version 2.0 : see CAreadme.txt

0 !HISTORY 2000-09-30 [PTadmin] Official Update 2000-02
0 !HISTORY 2007-07-18 [PTadmin] Header formatted for Contributor Agreement
0 !HISTORY 2008-07-01 [PTadmin] Official Update 2008-01

1 16 0 -30 -4 4 0 0 0 -4 0 0 0 4 4-8sphe.dat
1 16 0 -30 -4 4 0 0 0 16 0 0 4 4 4-4cyli.dat

1 16 0 -25.7 -20 4 0 0 0 .866 2 0 -.5 3.464 4-4cyli.dat
1 16 0 -24.834 -20.5 4 0 0 0 .866 2 0 -.5 3.464 4-4edge.dat
1 16 0 -25.7 -20 4 0 0 0 .866 2 0 -.5 3.464 4-4edge.dat
1 16 0 -24.834 -20.5 4 0 0 0 .866 2 0 -.5 3.464 4-4disc.dat

 1 16 2.8 -36.5 -4 0 0 1.4 0 -1.1 0 -1.4 0 0 2-4disc.dat
 1 16 1.98 -36.5 -5.98 -0.99 0 0.99 0 -1.1 0 -0.99 0 -0.99 2-4disc.dat
 1 16 0 -36.5 -6.8 -1.4 0 0 0 -1.1 0 0 0 -1.4 2-4disc.dat
 1 16 -1.98 -36.5 -5.98 -0.99 0 -0.99 0 -1.1 0 0.99 0 -0.99 2-4disc.dat
 1 16 -2.8 -36.5 -4 0 0 -1.4 0 -1.1 0 1.4 0 0 2-4disc.dat
 1 16 -1.98 -36.5 -2.02 0.99 0 -0.99 0 -1.1 0 0.99 0 0.99 2-4disc.dat
 1 16 0 -36.5 -1.2 1.4 0 0 0 -1.1 0 0 0 1.4 2-4disc.dat
 1 16 1.98 -36.5 -2.02 0.99 0 0.99 0 -1.1 0 -0.99 0 0.99 2-4disc.dat

 1 16 2.8 -31 -4 0 0 1.4 0 -1.1 0 -1.4 0 0 2-4disc.dat
 1 16 1.98 -31 -5.98 -0.99 0 0.99 0 -1.1 0 -0.99 0 -0.99 2-4disc.dat
 1 16 0 -31 -6.8 -1.4 0 0 0 -1.1 0 0 0 -1.4 2-4disc.dat
 1 16 -1.98 -31 -5.98 -0.99 0 -0.99 0 -1.1 0 0.99 0 -0.99 2-4disc.dat
 1 16 -2.8 -31 -4 0 0 -1.4 0 -1.1 0 1.4 0 0 2-4disc.dat
 1 16 -1.98 -31 -2.02 0.99 0 -0.99 0 -1.1 0 0.99 0 0.99 2-4disc.dat
 1 16 0 -31 -1.2 1.4 0 0 0 -1.1 0 0 0 1.4 2-4disc.dat
 1 16 1.98 -31 -2.02 0.99 0 0.99 0 -1.1 0 -0.99 0 0.99 2-4disc.dat

 1 16 2.8 -36.5 -4 0 0 1.4 0 -1.1 0 -1.4 0 0 2-4edge.dat
 1 16 1.98 -36.5 -5.98 -0.99 0 0.99 0 -1.1 0 -0.99 0 -0.99 2-4edge.dat
 1 16 0 -36.5 -6.8 -1.4 0 0 0 -1.1 0 0 0 -1.4 2-4edge.dat
 1 16 -1.98 -36.5 -5.98 -0.99 0 -0.99 0 -1.1 0 0.99 0 -0.99 2-4edge.dat
 1 16 -2.8 -36.5 -4 0 0 -1.4 0 -1.1 0 1.4 0 0 2-4edge.dat
 1 16 -1.98 -36.5 -2.02 0.99 0 -0.99 0 -1.1 0 0.99 0 0.99 2-4edge.dat
 1 16 0 -36.5 -1.2 1.4 0 0 0 -1.1 0 0 0 1.4 2-4edge.dat
 1 16 1.98 -36.5 -2.02 0.99 0 0.99 0 -1.1 0 -0.99 0 0.99 2-4edge.dat

 1 16 2.8 -31 -4 0 0 1.4 0 -1.1 0 -1.4 0 0 2-4edge.dat
 1 16 1.98 -31 -5.98 -0.99 0 0.99 0 -1.1 0 -0.99 0 -0.99 2-4edge.dat
 1 16 0 -31 -6.8 -1.4 0 0 0 -1.1 0 0 0 -1.4 2-4edge.dat
 1 16 -1.98 -31 -5.98 -0.99 0 -0.99 0 -1.1 0 0.99 0 -0.99 2-4edge.dat
 1 16 -2.8 -31 -4 0 0 -1.4 0 -1.1 0 1.4 0 0 2-4edge.dat
 1 16 -1.98 -31 -2.02 0.99 0 -0.99 0 -1.1 0 0.99 0 0.99 2-4edge.dat
 1 16 0 -31 -1.2 1.4 0 0 0 -1.1 0 0 0 1.4 2-4edge.dat
 1 16 1.98 -31 -2.02 0.99 0 0.99 0 -1.1 0 -0.99 0 0.99 2-4edge.dat

 1 16 0 -31 -1.2 1.4 0 0 0 -5.5 0 0 0 1.4 2-4cyli.dat
 1 16 1.98 -31 -2.02 0.99 0 0.99 0 -5.5 0 -0.99 0 0.99 2-4cyli.dat
 1 16 2.8 -31 -4 0 0 1.4 0 -5.5 0 -1.4 0 0 2-4cyli.dat
 1 16 1.98 -31 -5.98 -0.99 0 0.99 0 -5.5 0 -0.99 0 -0.99 2-4cyli.dat
 1 16 0 -31 -6.8 -1.4 0 0 0 -5.5 0 0 0 -1.4 2-4cyli.dat
 1 16 -1.98 -31 -5.98 -0.99 0 -0.99 0 -5.5 0 0.99 0 -0.99 2-4cyli.dat
 1 16 -2.8 -31 -4 0 0 -1.4 0 -5.5 0 1.4 0 0 2-4cyli.dat
 1 16 -1.98 -31 -2.02 0.99 0 -0.99 0 -5.5 0 0.99 0 0.99 2-4cyli.dat

 4 16 2.8 -36.5 -2.6 2.8 -36.5 -5.4 -2.8 -36.5 -5.4 -2.8 -36.5 -2.6
 4 16 1.4 -36.5 -6.8 -1.4 -36.5 -6.8 -1.4 -36.5 -1.2 1.4 -36.5 -1.2
 4 16 2.97 -36.5 -4.99 .99 -36.5 -6.97 -2.97 -36.5 -3.01 -.99 -36.5 -1.03
 4 16 -.99 -36.5 -6.97 -2.97 -36.5 -4.99 .99 -36.5 -1.03 2.97 -36.5 -3.01

 1 16 0 -36.8 -4 2.8 0 0 0 -2.2 0 0 0 2.8 4-4disc.dat
 1 16 0 -36.8 -4 2.8 0 0 0 -2.2 0 0 0 2.8 4-4edge.dat
 1 16 0 -36.5 -4 2.8 0 0 0 -2.2 0 0 0 2.8 4-4edge.dat
 1 16 0 -36.5 -4 2.8 0 0 0 -0.3 0 0 0 2.8 4-4cyli.dat

 4 16 0 -36.8 -5.4 -1.4 -36.8 -1.9 -1.4 -37.1 -1.9 0 -37.1 -5.4
 4 16 0 -36.8 -5.4 1.4 -36.8 -1.9 1.4 -37.1 -1.9 0 -37.1 -5.4
 4 16 -1.4 -36.8 -1.9 1.4 -36.8 -1.9 1.4 -37.1 -1.9 -1.4 -37.1 -1.9
 2 24 -1.4 -37.1 -1.9 0 -37.1 -5.4
 2 24 1.4 -37.1 -1.9 0 -37.1 -5.4
 2 24 1.4 -37.1 -1.9 -1.4 -37.1 -1.9
 2 24 -1.4 -36.8 -1.9 0 -36.8 -5.4
 2 24 1.4 -36.8 -1.9 0 -36.8 -5.4
 2 24 1.4 -36.8 -1.9 -1.4 -36.8 -1.9
 3 16 -1.4 -37.1 -1.9 1.4 -37.1 -1.9 0 -37.1 -5.4

 2 24 16 -12 6 -16 -12 6
 2 24 -16 -12 6 -16 -12 -6
 2 24 -16 -12 -6 16 -12 -6
 2 24 16 -12 -6 16 -12 6
 2 24 16 -13 6 -16 -13 6
 2 24 -16 -13 6 -16 -13 -6
 2 24 16 -13 -6 16 -13 6

 4 16 16 -12 -6 16 -13 -6 16 -13 6 16 -12 6
 4 16 -16 -12 -6 -16 -13 -6 -16 -13 6 -16 -12 6
 2 24 16 -12 -6 16 -13 -6
 2 24 16 -12 6 16 -13 6
 2 24 -16 -12 -6 -16 -13 -6
 2 24 -16 -12 6 -16 -13 6

 2 24 0.8562 -17.32 3 0 -17.0906 3.2273
 2 24 -0.8562 -17.32 3 0 -17.0906 3.2273

 2 24 3.696 -19.9643 0.0399 2.828 -18.4725 1.7099
 2 24 -3.696 -19.9643 0.0399 -2.828 -18.4725 1.7099
 2 24 2.828 -18.4725 1.7099 1.531 -17.4741 2.8275
 2 24 -2.828 -18.4725 1.7099 -1.531 -17.4741 2.8275
 2 24 1.531 -17.4741 2.8275 0.8562 -17.32 3
 2 24 -1.531 -17.4741 2.8275 -0.8562 -17.32 3

 2 24 4 -21.0642 -1.7660 3.696 -19.978 0.0365
 2 24 -4 -21.0642 -1.7660 -3.696 -19.978 0.0365
 2 24 4 -21.0642 -1.7660 3.696 -22.1503 -3.5686
 2 24 -4 -21.0642 -1.7660 -3.696 -22.1503 -3.5686
 2 24 3.696 -22.1503 -3.5686 2.828 -23.0704 -5.0956
 2 24 -3.696 -22.1503 -3.5686 -2.828 -23.0704 -5.0956
 2 24 2.828 -23.0704 -5.0956 1.531 -23.6862 -6.1176
 2 24 -2.828 -23.0704 -5.0956 -1.531 -23.6862 -6.1176
 2 24 1.531 -23.6862 -6.1176 0 -23.6862 -6.4755
 2 24 -1.531 -23.6862 -6.1176 -0 -23.6862 -6.4755

4 16 -2 -4 -2 2 -4 -2 2 -4 2 -2 -4 2
2 24 -2 -12 2 2 -12 2
2 24 -2 -12 -2 2 -12 -2
2 24 -2 -4 2 2 -4 2
4 16 -2 -12 2 -2 -4 2 2 -4 2 2 -12 2
2 24 -2 -4 -2 2 -4 -2
4 16 -2 -12 -2 -2 -4 -2 2 -4 -2 2 -12 -2
1 16 2 -12 0 0 0 2 0 0 0 2 0 0 2-4edge.dat
1 16 -2 -12 0 0 0 -2 0 0 0 2 0 0 2-4edge.dat
1 16 2 -4 0 0 0 2 0 0 0 2 0 0 2-4edge.dat
1 16 2 -12 0 0 0 2 0 8 0 2 0 0 2-4CYLI.DAT
1 16 -2 -4 0 0 0 -2 0 0 0 2 0 0 2-4edge.dat
1 16 -2 -12 0 0 0 -2 0 8 0 2 0 0 2-4CYLI.DAT
1 16 2 -4 0 0 0 2 0 0 0 2 0 0 2-4disc.dat
1 16 -2 -4 0 0 0 -2 0 0 0 2 0 0 2-4disc.dat

2 24 16 -12 -6 16 -13 -6
2 24 -16 -12 -6 -16 -13 -6
2 24 16 -13 -6 12.17 -13.53 -6.15
2 24 -16 -13 -6 -12.17 -13.53 -6.15
2 24 12.17 -13.53 -6.15 9.43 -15.05 -6.55
2 24 -12.17 -13.53 -6.15 -9.43 -15.05 -6.55
2 24 9.43 -15.05 -6.55 7.71 -17.32 -7.67
2 24 -9.43 -15.05 -6.55 -7.71 -17.32 -7.67
2 24 7.71 -17.32 -7.67 6 -20 -10
2 24 -7.71 -17.32 -7.67 -6 -20 -10
2 24 6 -20 -10 4 -27.75 -23.5
2 24 -6 -20 -10 -4 -27.75 -23.5
2 24 4 -27.75 -23.5 0 -28 -24
2 24 -4 -27.75 -23.5 0 -28 -24

2 24 16 -12 6 16 -13 6
2 24 -16 -12 6 -16 -13 6
2 24 16 -13 6 12.17 -13.53 5.85
2 24 -16 -13 6 -12.17 -13.53 5.85
2 24 12.17 -13.53 5.85 9.43 -15.05 5.25
2 24 -12.17 -13.53 5.85 -9.43 -15.05 5.25
2 24 9.43 -15.05 5.25 7.71 -17.32 3
2 24 -9.43 -15.05 5.25 -7.71 -17.32 3
2 24 7.71 -17.32 3 6 -20 0
2 24 -7.71 -17.32 3 -6 -20 0
2 24 6 -20 0 4 -31.75 -19.5
2 24 -6 -20 0 -4 -31.75 -19.5
2 24 4 -31.75 -19.5 0 -32 -20
2 24 -4 -31.75 -19.5 0 -32 -20
4 16 16 -12 -6 16 -12 6 16 -13 6 16 -13 -6
4 16 -16 -12 -6 -16 -12 6 -16 -13 6 -16 -13 -6
4 16 16 -13 -6 16 -13 6 12.17 -13.53 5.85 12.17 -13.53 -6.15
4 16 -16 -13 -6 -16 -13 6 -12.17 -13.53 5.85 -12.17 -13.53 -6.15
4 16 12.17 -13.53 -6.15 12.17 -13.53 5.85 9.43 -15.05 5.25 9.43 -15.05 -6.55
4 16 -12.17 -13.53 -6.15 -12.17 -13.53 5.85 -9.43 -15.05 5.25 -9.43 -15.05 -6.55
4 16 9.43 -15.05 -6.55 9.43 -15.05 5.25 7.71 -17.32 3 7.71 -17.32 -7.67
4 16 -9.43 -15.05 -6.55 -9.43 -15.05 5.25 -7.71 -17.32 3 -7.71 -17.32 -7.67
4 16 7.71 -17.32 -7.67 7.71 -17.32 3 6 -20 0 6 -20 -10
4 16 -7.71 -17.32 -7.67 -7.71 -17.32 3 -6 -20 0 -6 -20 -10
4 16 6 -20 -10 6 -20 0 4 -31.75 -19.5 4 -27.75 -23.5
4 16 -6 -20 -10 -6 -20 0 -4 -31.75 -19.5 -4 -27.75 -23.5
4 16 4 -27.75 -23.5 4 -31.75 -19.5 0 -32 -20 0 -28 -24
4 16 -4 -27.75 -23.5 -4 -31.75 -19.5 0 -32 -20 0 -28 -24
2 24 4 -27.75 -23.5 4 -31.75 -19.5
2 24 -4 -27.75 -23.5 -4 -31.75 -19.5
2 24 0 -28 -24 0 -32 -20
4 16 16 -12 -6 -16 -12 -6 -16 -13 -6 16 -13 -6
4 16 16 -13 -6 -16 -13 -6 -12.17 -13.53 -6.15 12.17 -13.53 -6.15
4 16 12.17 -13.53 -6.15 -12.17 -13.53 -6.15 -9.43 -15.05 -6.55 9.43 -15.05 -6.55
4 16 9.43 -15.05 -6.55 -9.43 -15.05 -6.55 -7.71 -17.32 -7.67 7.71 -17.32 -7.67
4 16 7.71 -17.32 -7.67 -7.71 -17.32 -7.67 -6 -20 -10 6 -20 -10
4 16 6 -20 -10 -6 -20 -10 -4 -27.75 -23.5 4 -27.75 -23.5
3 16 4 -27.75 -23.5 -4 -27.75 -23.5 0 -28 -24

5 24 16 -13 6 -16 -13 6 16 -12 6 16 -13.53 5.85
5 24 12.17 -13.53 5.85 -12.17 -13.53 5.85 12.17 -13 6 12.17 -15.05 5.25
5 24 9.43 -15.05 5.25 -9.43 -15.05 5.25 9.43 -13.53 5.85 9.43 -17.32 3
5 24 7.71 -17.32 3 -7.71 -17.32 3 7.71 -15.05 5.25 7.71 -20 0
5 24 6 -20 0 -6 -20 0 6 -17.32 3 6 -31.75 -19.5
4 16 16 -12 6 -16 -12 6 -16 -13 6 16 -13 6
4 16 16 -13 6 -16 -13 6 -12.17 -13.53 5.85 12.17 -13.53 5.85
4 16 12.17 -13.53 5.85 -12.17 -13.53 5.85 -9.43 -15.05 5.25 9.43 -15.05 5.25

4 16 9.43 -15.05 5.25 -9.43 -15.05 5.25 -7.71 -17.32 3 7.71 -17.32 3
4 16 7.71 -17.32 3 -7.71 -17.32 3 -6 -20 0 6 -20 0
4 16 6 -20 0 -6 -20 0 -4 -31.75 -19.5 4 -31.75 -19.5
3 7 4 -31.75 -19.5 -4 -31.75 -19.5 0 -32 -20
4 7 -16 -12 -6 16 -12 -6 16 -12 6 -16 -12 6
0
