0 Garage  4 x  8 x  3
0 Name: 721.dat
0 Author: Tore Eriksson [Tore_Eriksson]
0 !LDRAW_ORG Part UPDATE 1999-03
0 !LICENSE Redistributable under CCAL version 2.0 : see CAreadme.txt

0 !HISTORY 1998-07-15 [PTadmin] Official Update 1998-07
0 !HISTORY 1999-05-17 [PTadmin] Official Update 1999-03
0 !HISTORY 2007-07-21 [PTadmin] Header formatted for Contributor Agreement
0 !HISTORY 2008-07-01 [PTadmin] Official Update 2008-01

0 // Fits to Door 722.dat
1 16 -40 66 0 0 0 0 0 0 6 -80 0 0 RECT.DAT
1 16 40 66 0 0 0 0 0 0 6 -80 0 0 RECT.DAT
2 24 -40 72 80 40 72 80
2 24 40 72 -80 -40 72 -80
2 24 -40 60 80 40 60 80
4 16 -40 72 80 40 72 80 40 60 80 -40 60 80
2 24 40 60 -80 34 60 -80
2 24 34 60 -80 34 64 -80
2 24 34 64 -80 -34 64 -80
2 24 -34 64 -80 -34 60 -80
2 24 -34 60 -80 -40 60 -80
4 16 40 60 -80 34 60 -80 34 64 -80 40 72 -80
4 16 40 72 -80 34 64 -80 -34 64 -80 -40 72 -80
4 16 -40 72 -80 -34 64 -80 -34 60 -80 -40 60 -80
2 24 -36 72 76 36 72 76
2 24 36 72 76 36 72 -76
2 24 36 72 -76 -36 72 -76
2 24 -36 72 -76 -36 72 76
2 24 -36 64 76 36 64 76
2 24 36 64 76 36 68 -76
2 24 36 68 -76 -36 68 -76
2 24 -36 68 -76 -36 64 76
2 24 -36 72 76 -36 64 76
2 24 36 72 76 36 64 76
2 24 36 72 -76 36 68 -76
2 24 -36 72 -76 -36 68 -76
4 16 -40 72 80 -36 72 76 36 72 76 40 72 80
4 16 40 72 80 36 72 76 36 72 -76 40 72 -80
4 16 40 72 -80 36 72 -76 -36 72 -76 -40 72 -80
4 16 -40 72 -80 -36 72 -76 -36 72 76 -40 72 80
4 16 -36 72 76 -36 64 76 36 64 76 36 72 76
4 16 36 72 76 36 64 76 36 68 -76 36 72 -76
4 16 36 72 -76 36 68 -76 -36 68 -76 -36 72 -76
4 16 -36 72 -76 -36 68 -76 -36 64 76 -36 72 76
4 16 -36 64 76 36 64 76 36 68 -76 -36 68 -76
4 16 -34 60 80 34 60 80 34 64 -80 -34 64 -80
2 24 34 60 -80 34 60 -76
2 24 -34 60 -80 -34 60 -76
2 24 31 60 76 31 60 -76
2 24 -31 60 76 -31 60 -76
2 24 31 60 76 31 63.9 -76
2 24 -31 60 76 -31 63.9 -76
2 24 -36 60 76 -36 60 -76
2 24 36 60 76 36 60 -76
2 24 -36 60 -76 -34 60 -76
2 24 36 60 -76 34 60 -76
2 8 -36 12 -76 -34 12 -76
2 8 36 12 -76 34 12 -76
2 8 -36 12 -76 -36 12 -56
2 8 36 12 -76 36 12 -56
2 8 -36 10 -76 -36 10 -56
2 8 36 10 -76 36 10 -56
2 8 -32 12 -76 -32 12 -56
2 8 32 12 -76 32 12 -56
2 8 -32 10 -76 -32 10 -56
2 8 32 10 -76 32 10 -56
1 47 -36 11 -56 0 0 0 1 0 0 0 0 1 2-4EDGE.DAT
1 47 36 11 -56 0 0 0 1 0 0 0 0 1 2-4EDGE.DAT
1 47 -36 11 -56 0 4 0 1 0 0 0 0 1 2-4CYLI.DAT
1 47 36 11 -56 0 -4 0 1 0 0 0 0 1 2-4CYLI.DAT
1 47 -32 11 -56 0 0 0 1 0 0 0 0 1 2-4EDGE.DAT
1 47 32 11 -56 0 0 0 1 0 0 0 0 1 2-4EDGE.DAT
1 47 -34 11 -76 0 0 0 1 0 0 0 0 -1 2-4EDGE.DAT
1 47 34 11 -76 0 0 0 1 0 0 0 0 -1 2-4EDGE.DAT
1 47 -34 11 -76 0 2 0 1 0 0 0 0 -1 2-4CYLI.DAT
1 47 34 11 -76 0 -2 0 1 0 0 0 0 -1 2-4CYLI.DAT
1 47 -32 11 -76 0 0 0 1 0 0 0 0 -1 2-4EDGE.DAT
1 47 32 11 -76 0 0 0 1 0 0 0 0 -1 2-4EDGE.DAT
1 47 0 4 -2 0 0 36 0 0 0 -78 0 0 RECT.DAT
2 24 -31 63.9 -76 -31 60 -76
2 24 31 63.9 -76 31 60 -76
3 16 -31 60 80 -31 63.9 -76 -31 60 -76
3 16 31 60 80 31 63.9 -76 31 60 -76
4 16 -31 63.9 -76 -31 60 -76 -34 60 -76 -34 63.9 -76
4 16 31 63.9 -76 31 60 -76 34 60 -76 34 63.9 -76
2 24 -34 63.9 -76 -34 64 -80
2 24 -34 63.9 -76 -34 60 -76
2 24 34 63.9 -76 34 60 -76
2 24 34 63.9 -76 34 64 -80
2 24 -31 60 -76 -34 60 -76
2 24 31 60 -76 34 60 -76
2 24 -31 63.9 -76 -34 63.9 -76
2 24 31 63.9 -76 34 63.9 -76
4 16 -40 60 80 -40 60 -80 -34 60 -80 -34 60 -76
4 16 40 60 80 40 60 -80 34 60 -80 34 60 -76
4 16 -40 60 80 -34 60 -76 -31 60 -76 -31 60 80
4 16 40 60 80 34 60 -76 31 60 -76 31 60 80
1 47 0 60 0 40 0 0 0 -60 0 0 0 80 BOX4-1.DAT
1 47 0 32 76 0 0 36 28 0 0 0 0 0 RECT.DAT
2 8 -34 60 -80 -34 4 -80
2 8 -34 4 -80 34 4 -80
2 8 34 4 -80 34 60 -80
4 47 -34 60 -80 -40 60 -80 -40 0 -80 -34 4 -80
4 47 34 60 -80 40 60 -80 40 0 -80 34 4 -80
2 8 -34 60 -76 -34 12 -76
2 8 34 12 -76 34 60 -76
2 8 -36 60 -76 -36 12 -76
2 8 36 12 -76 36 60 -76
4 47 40 0 -80 -40 0 -80 -34 4 -80 34 4 -80
1 47 -30 0 70 0 0 1 0 1 0 -1 0 0 stud.DAT
1 47 -10 0 70 0 0 1 0 1 0 -1 0 0 stud.DAT
1 47 10 0 70 0 0 1 0 1 0 -1 0 0 stud.DAT
1 47 30 0 70 0 0 1 0 1 0 -1 0 0 stud.DAT
1 47 -30 0 50 0 0 1 0 1 0 -1 0 0 stud.DAT
1 47 -10 0 50 0 0 1 0 1 0 -1 0 0 stud.DAT
1 47 10 0 50 0 0 1 0 1 0 -1 0 0 stud.DAT
1 47 30 0 50 0 0 1 0 1 0 -1 0 0 stud.DAT
1 47 -30 0 30 0 0 1 0 1 0 -1 0 0 stud.DAT
1 47 -10 0 30 0 0 1 0 1 0 -1 0 0 stud.DAT
1 47 10 0 30 0 0 1 0 1 0 -1 0 0 stud.DAT
1 47 30 0 30 0 0 1 0 1 0 -1 0 0 stud.DAT
1 47 -30 0 10 0 0 1 0 1 0 -1 0 0 stud.DAT
1 47 -10 0 10 0 0 1 0 1 0 -1 0 0 stud.DAT
1 47 10 0 10 0 0 1 0 1 0 -1 0 0 stud.DAT
1 47 30 0 10 0 0 1 0 1 0 -1 0 0 stud.DAT
1 47 -30 0 -10 0 0 1 0 1 0 -1 0 0 stud.DAT
1 47 -10 0 -10 0 0 1 0 1 0 -1 0 0 stud.DAT
1 47 10 0 -10 0 0 1 0 1 0 -1 0 0 stud.DAT
1 47 30 0 -10 0 0 1 0 1 0 -1 0 0 stud.DAT
1 47 -30 0 -30 0 0 1 0 1 0 -1 0 0 stud.DAT
1 47 -10 0 -30 0 0 1 0 1 0 -1 0 0 stud.DAT
1 47 10 0 -30 0 0 1 0 1 0 -1 0 0 stud.DAT
1 47 30 0 -30 0 0 1 0 1 0 -1 0 0 stud.DAT
1 47 -30 0 -50 0 0 1 0 1 0 -1 0 0 stud.DAT
1 47 -10 0 -50 0 0 1 0 1 0 -1 0 0 stud.DAT
1 47 10 0 -50 0 0 1 0 1 0 -1 0 0 stud.DAT
1 47 30 0 -50 0 0 1 0 1 0 -1 0 0 stud.DAT
1 47 -30 0 -70 0 0 1 0 1 0 -1 0 0 stud.DAT
1 47 -10 0 -70 0 0 1 0 1 0 -1 0 0 stud.DAT
1 47 10 0 -70 0 0 1 0 1 0 -1 0 0 stud.DAT
1 47 30 0 -70 0 0 1 0 1 0 -1 0 0 stud.DAT
0