0 Garage  4 x  8 x  3 Door
0 Name: 722.dat
0 Author: Tore Eriksson [Tore_Eriksson]
0 !LDRAW_ORG Part UPDATE 1998-07
0 !LICENSE Redistributable under CCAL version 2.0 : see CAreadme.txt

0 !HISTORY 1998-07-15 [PTadmin] Official Update 1998-07
0 !HISTORY 2007-07-21 [PTadmin] Header formatted for Contributor Agreement
0 !HISTORY 2008-07-01 [PTadmin] Official Update 2008-01

0 // Fits to Garage 721.dat
1 16 0 27 -2 34 0 0 0 0 29 0 4 0 box4.dat
4 16 -34 -2 2 34 -2 2 34 56 2 -34 56 2
2 24 -30 2 -2 -30 56 -2
2 24 30 2 -2 30 56 -2
2 24 -30 2 -2 30 2 -2
4 16 -34 -2 -2 34 -2 -2 34 2 -2 -34 2 -2
4 16 -34 2 -2 -30 2 -2 -30 56 -2 -34 56 -2
4 16 34 2 -2 30 2 -2 30 56 -2 34 56 -2
4 16 -30 2 -2 -30 2 -1 30 2 -1 30 2 -2
1 16 0 5 -1.5 30 0 0 0 0 3 0 0 -0.5 rect.dat
3 16 -30 2 -1 -30 2 -2 -30 8 -2
3 16 30 2 -1 30 2 -2 30 8 -2
4 16 -30 8 -2 -30 8 -1 30 8 -1 30 8 -2
1 16 0 11 -1.5 30 0 0 0 0 3 0 0 -0.5 rect.dat
3 16 -30 8 -1 -30 8 -2 -30 14 -2
3 16 30 8 -1 30 8 -2 30 14 -2
4 16 -30 14 -2 -30 14 -1 30 14 -1 30 14 -2
1 16 0 17 -1.5 30 0 0 0 0 3 0 0 -0.5 rect.dat
3 16 -30 14 -1 -30 14 -2 -30 20 -2
3 16 30 14 -1 30 14 -2 30 20 -2
4 16 -30 20 -2 -30 20 -1 30 20 -1 30 20 -2
1 16 0 23 -1.5 30 0 0 0 0 3 0 0 -0.5 rect.dat
3 16 -30 20 -1 -30 20 -2 -30 26 -2
3 16 30 20 -1 30 20 -2 30 26 -2
4 16 -30 26 -2 -30 26 -1 30 26 -1 30 26 -2
1 16 0 29 -1.5 30 0 0 0 0 3 0 0 -0.5 rect.dat
3 16 -30 26 -1 -30 26 -2 -30 32 -2
3 16 30 26 -1 30 26 -2 30 32 -2
4 16 -30 32 -2 -30 32 -1 30 32 -1 30 32 -2
1 16 0 35 -1.5 30 0 0 0 0 3 0 0 -0.5 rect.dat
3 16 -30 32 -1 -30 32 -2 -30 38 -2
3 16 30 32 -1 30 32 -2 30 38 -2
4 16 -30 38 -2 -30 38 -1 30 38 -1 30 38 -2
1 16 0 41 -1.5 30 0 0 0 0 3 0 0 -0.5 rect.dat
3 16 -30 38 -1 -30 38 -2 -30 44 -2
3 16 30 38 -1 30 38 -2 30 44 -2
4 16 -30 44 -2 -30 44 -1 30 44 -1 30 44 -2
1 16 0 47 -1.5 30 0 0 0 0 3 0 0 -0.5 rect.dat
3 16 -30 44 -1 -30 44 -2 -30 50 -2
3 16 30 44 -1 30 44 -2 30 50 -2
1 16 -4.5 47 -1.5 0 0 -3 3 0 0 0 0 -0.5 2-4edge.dat
1 16 -4.5 47 -1.5 0 0 -3 3 0 0 0 -3 0 2-4cyli.dat
1 16 -4.5 47 -4.5 0 0 -3 3 0 0 0 0 0 2-4edge.dat
1 16 -4.5 47 -4.5 0 0 -3 3 0 0 0 0 0 2-4disc.dat
1 16 4.5 47 -1.5 0 0 3 3 0 0 0 -3 0 2-4cyli.dat
1 16 4.5 47 -1.5 0 0 3 3 0 0 0 0 -0.5 2-4edge.dat
1 16 4.5 47 -4.5 0 0 3 3 0 0 0 0 0 2-4edge.dat
1 16 4.5 47 -4.5 0 0 3 3 0 0 0 0 0 2-4disc.dat
2 24 -4.5 44 -4.5 4.5 44 -4.5
2 24 4.5 50 -4.5 -4.5 50 -4.5
4 16 -4.5 44 -4.5 4.5 44 -4.5 4.5 50 -4.5 -4.5 50 -4.5
4 16 -4.5 44 -4.5 4.5 44 -4.5 4.5 44 -1 -4.5 44 -1
4 16 -4.5 50 -4.5 4.5 50 -4.5 4.5 50 -2 -4.5 50 -2
4 16 -30 50 -2 -30 50 -1 30 50 -1 30 50 -2
1 16 0 53 -1.5 30 0 0 0 0 3 0 0 -0.5 rect.dat
3 16 -30 50 -1 -30 50 -2 -30 56 -2
3 16 30 50 -1 30 50 -2 30 56 -2
1 16 -34 0 0 0 0 0 0 0 2 2 0 0 4-4edge.dat
1 16 -36 0 0 0 0 0 0 0 2 2 0 0 4-4edge.dat
1 16 -34 0 0 0 -2 0 2 0 0 0 0 2 4-4cyli.dat
1 16 -36 0 0 0 0 0 0 0 2 2 0 0 4-4disc.dat
1 16 34 0 0 0 0 0 0 0 2 2 0 0 4-4edge.dat
1 16 36 0 0 0 0 0 0 0 2 2 0 0 4-4edge.dat
1 16 34 0 0 0 2 0 2 0 0 0 0 2 4-4cyli.dat
1 16 36 0 0 0 0 0 0 0 2 2 0 0 4-4disc.dat
