0 Plate  2 x  4 with Coupling, Female
0 Name: 737.dat
0 Author: Tore Eriksson [Tore_Eriksson]
0 !LDRAW_ORG Part UPDATE 2000-02
0 !LICENSE Redistributable under CCAL version 2.0 : see CAreadme.txt

0 !KEYWORDS train, coupling

0 !HISTORY 2000-09-30 [PTadmin] Official Update 2000-02
0 !HISTORY 2007-07-21 [PTadmin] Header formatted for Contributor Agreement
0 !HISTORY 2008-07-01 [PTadmin] Official Update 2008-01

2 24 -40 0 20 40 0 20 
2 24 -40 0 20 -40 0 -20 
2 24 -40 0 -20 -20 0 -20 
2 24 20 0 -20 40 0 -20 
2 24 40 0 -20 40 0 20 
2 24 -40 8 20 40 8 20
2 24 -40 8 20 -40 8 -20

2 24 -40 8 -20 -20 8 -20 
2 24 20 8 -20 40 8 -20

2 24 40 8 -20 40 8 20 
2 24 40 8 20 40 0 20 
2 24 -40 8 20 -40 0 20 
2 24 40 8 -20 40 0 -20 
2 24 -40 8 -20 -40 0 -20 
4 16 40 0 20 40 0 -20 -40 0 -20 -40 0 20 
4 16 40 0 20 40 8 20 -40 8 20 -40 0 20 
4 16 -40 0 20 -40 8 20 -40 8 -20 -40 0 -20 
4 16 -40 0 -20 -40 8 -20 40 8 -20 40 0 -20 
4 16 40 0 -20 40 8 -20 40 8 20 40 0 20 

1 16 20 4 0 1 0 0 0 -1 0 0 0 1 stud4.dat
1 16 0 4 0 1 0 0 0 -1 0 0 0 1 stud4.dat
1 16 -20 4 0 1 0 0 0 -1 0 0 0 1 stud4.dat
1 16 0 8 0 36 0 0 0 -4 0 0 0 16 box5.dat
4 16 40 8 20 36 8 16 -36 8 16 -40 8 20 
4 16 40 8 -20 36 8 -16 -36 8 -16 -40 8 -20 
4 16 40 8 20 36 8 16 36 8 -16 40 8 -20 
4 16 -40 8 20 -36 8 16 -36 8 -16 -40 8 -20 
1 16 30 0 10 1 0 0 0 1 0 0 0 1 stud.dat
1 16 10 0 10 1 0 0 0 1 0 0 0 1 stud.dat
1 16 -10 0 10 1 0 0 0 1 0 0 0 1 stud.dat
1 16 -30 0 10 1 0 0 0 1 0 0 0 1 stud.dat
1 16 30 0 -10 1 0 0 0 1 0 0 0 1 stud.dat
1 16 10 0 -10 1 0 0 0 1 0 0 0 1 stud.dat
1 16 -10 0 -10 1 0 0 0 1 0 0 0 1 stud.dat
1 16 -30 0 -10 1 0 0 0 1 0 0 0 1 stud.dat

2 24 16 8 -20 -16 8 -20 
1 16 0 8 -20 16 0 0 0 0 0 0 0 -16 1-8edge.dat
1 16 0 8 -20 -16 0 0 0 0 0 0 0 -16 1-8edge.dat
1 16 0 8 -30 8 0 0 0 0 0 0 0 8 2-4edge.dat
2 24 11.2 8 -31.2 8 8 -33.4 
2 24 -11.2 8 -31.2 -8 8 -33.4 
2 24 8 8 -30 8 8 -33.4 
2 24 -8 8 -30 -8 8 -33.4 

2 24 16 4 -20 -16 4 -20 
1 16 0 4 -20 16 0 0 0 0 0 0 0 -16 1-8edge.dat
1 16 0 4 -20 -16 0 0 0 0 0 0 0 -16 1-8edge.dat
1 16 0 4 -30 8 0 0 0 0 0 0 0 8 2-4edge.dat
2 24 11.2 4 -31.2 8 4 -33.4 
2 24 -11.2 4 -31.2 -8 4 -33.4 
2 24 8 4 -30 8 4 -33.4 
2 24 -8 4 -30 -8 4 -33.4 

2 24 16 4 -20 16 8 -20 
2 24 -16 4 -20 -16 8 -20 
2 24 8 4 -33.4 8 8 -33.4 
2 24 -8 4 -33.4 -8 8 -33.4 

1 16 0 8 -30 6 0 0 0 0 0 0 0 6 4-4edge.dat
1 16 0 8 -20 20 0 0 0 0 0 0 0 -20 2-4edge.dat

1 16 0 0 -30 6 0 0 0 0 0 0 0 6 4-4edge.dat
1 16 0 0 -20 20 0 0 0 0 0 0 0 -20 2-4edge.dat


1 16 0 8 -30 6 0 0 0 0 0 0 0 -6 2-4ndis.dat
4 16 6 8 -30 8 8 -30 8 8 -36 6 8 -36 
4 16 -6 8 -30 -8 8 -30 -8 8 -36 -6 8 -36 

4 16 -20 8 -20 -18.48 8 -27.65 -14.78 8 -26.12 -16 8 -20 
4 16 -18.48 8 -27.65 -14.14 8 -34.14 -11.31 8 -31.31 -14.78 8 -26.12 
4 16 -14.14 8 -34.14 -7.65 8 -38.48 -6.12 8 -34.78 -11.31 8 -31.31 
4 16 -7.65 8 -38.48 0 8 -40 0 8 -36 -6.12 8 -34.78 
4 16 0 8 -40 7.65 8 -38.48 6.12 8 -34.78 0 8 -36 
4 16 7.65 8 -38.48 14.14 8 -34.14 11.31 8 -31.31 6.12 8 -34.78 
4 16 14.14 8 -34.14 18.48 8 -27.65 14.78 8 -26.12 11.31 8 -31.31 
4 16 18.48 8 -27.65 20 8 -20 16 8 -20 14.78 8 -26.12 

4 16 0 8 -22 -3.06 8 -22.61 -2.3 8 -24.46 0 8 -24 
4 16 -3.06 8 -22.61 -5.66 8 -24.34 -4.24 8 -25.76 -2.3 8 -24.46 
4 16 -5.66 8 -24.34 -7.39 8 -26.94 -5.54 8 -27.7 -4.24 8 -25.76 
4 16 -7.39 8 -26.94 -8 8 -30 -6 8 -30 -5.54 8 -27.7 
4 16 8 8 -30 7.39 8 -26.94 5.54 8 -27.7 6 8 -30 
4 16 7.39 8 -26.94 5.66 8 -24.34 4.24 8 -25.76 5.54 8 -27.7 
4 16 5.66 8 -24.34 3.06 8 -22.61 2.3 8 -24.46 4.24 8 -25.76 
4 16 3.06 8 -22.61 0 8 -22 0 8 -24 2.3 8 -24.46 

1 16 0 4 -20 16 0 0 0 0 0 0 0 -16 1-8disc.dat
1 16 0 4 -20 -16 0 0 0 0 0 0 0 -16 1-8disc.dat
3 16 8 4 -33.4 11.2 4 -31.2 6 4 -26 
3 16 -8 4 -33.4 -11.2 4 -31.2 -6 4 -26 

4 16 20 0 -20 6 0 -24 -6 0 -24 -20 0 -20 
3 16 20 0 -20 6 0 -24 6 0 -30 
3 16 -20 0 -20 -6 0 -24 -6 0 -30 
1 16 0 0 -30 6 0 0 0 0 0 0 0 6 2-4ndis.dat

4 16 -20 0 -20 -18.48 0 -27.65 -5.54 0 -32.3 -6 0 -30 
4 16 -18.48 0 -27.65 -14.14 0 -34.14 -4.24 0 -34.24 -5.54 0 -32.3 
4 16 -14.14 0 -34.14 -7.65 0 -38.48 -2.3 0 -35.54 -4.24 0 -34.24 
4 16 -7.65 0 -38.48 0 0 -40 0 0 -36 -2.3 0 -35.54 
4 16 0 0 -40 7.65 0 -38.48 2.3 0 -35.54 0 0 -36 
4 16 7.65 0 -38.48 14.14 0 -34.14 4.24 0 -34.24 2.3 0 -35.54 
4 16 14.14 0 -34.14 18.48 0 -27.65 5.54 0 -32.3 4.24 0 -34.24 
4 16 18.48 0 -27.65 20 0 -20 6 0 -30 5.54 0 -32.3 

4 16 8 4 -30 8 8 -30 8 8 -33.4 8 4 -33.4 
4 16 -8 4 -30 -8 8 -30 -8 8 -33.4 -8 4 -33.4 

1 16 0 0 -30 6 0 0 0 8 0 0 0 6 4-4cyli.dat
1 16 0 4 -30 8 0 0 0 4 0 0 0 8 2-4cyli.dat
1 16 0 4 -20 16 0 0 0 4 0 0 0 -16 2-4cyli.dat
1 16 0 0 -20 20 0 0 0 8 0 0 0 -20 2-4cyli.dat
0

