0 Window  1 x  3 x  5 Shutter
0 Name: 791.dat
0 Author: Chris Dee [cwdee]
0 !LDRAW_ORG Part UPDATE 2004-02
0 !LICENSE Redistributable under CCAL version 2.0 : see CAreadme.txt

0 !HISTORY 2002-11-30 [PTadmin] Official Update 2002-05
0 !HISTORY 2004-04-22 [PTadmin] Official Update 2004-02
0 !HISTORY 2007-07-22 [PTadmin] Header formatted for Contributor Agreement
0 !HISTORY 2008-07-01 [PTadmin] Official Update 2008-01

1 16 25 54 -2 27 0 0 0 0 54 0 4 0 box4.dat
4 16 4 6 2 -2 0 2 52 0 2 48 6 2
4 16 48 6 2 52 0 2 52 108 2 48 102 2
4 16 48 102 2 52 108 2 -2 108 2 4 102 2
4 16 4 102 2 -2 108 2 -2 0 2 4 6 2
4 16 4 6 -2 -2 0 -2 52 0 -2 48 6 -2
4 16 48 6 -2 52 0 -2 52 108 -2 48 102 -2
4 16 48 102 -2 52 108 -2 -2 108 -2 4 102 -2
4 16 4 102 -2 -2 108 -2 -2 0 -2 4 6 -2
1 16 0 0 0 2 0 0 0 -1 0 0 0 2 4-8sphe.dat
1 16 0 0 0 2 0 0 0 1 0 0 0 2 4-4edge.dat
1 16 0 108 0 2 0 0 0 1 0 0 0 2 4-8sphe.dat
1 16 0 108 0 2 0 0 0 1 0 0 0 2 4-4edge.dat

2 24 4 102 2 48 102 2
2 24 48 102 2 48 98.903 2
2 24 48 98.903 2 4 98.903 2
2 24 4 98.903 2 4 102 2
2 24 4 102 1 48 102 1
2 24 48 102 1 48 98.903 1
2 24 48 98.903 1 4 98.903 1
2 24 4 98.903 1 4 102 1
2 24 4 102 2 4 102 1
2 24 4 98.903 2 4 98.903 1
2 24 48 102 2 48 102 1
2 24 48 98.903 2 48 98.903 1
4 16 4 102 2 48 102 2 48 102 1 4 102 1
4 16 48 102 2 48 98.903 2 48 98.903 1 48 102 1
4 16 48 98.903 2 4 98.903 2 4 98.903 1 48 98.903 1
4 16 4 98.903 2 4 102 2 4 102 1 4 98.903 1
4 16 4 102 1 4 98.903 1 48 98.903 1 48 102 1
4 16 4 98.903 2 4 95.806 2 48 95.806 2 48 98.903 2
2 24 4 102 -2 48 102 -2
2 24 48 102 -2 48 98.903 -2
2 24 48 98.903 -2 4 98.903 -2
2 24 4 98.903 -2 4 102 -2
2 24 4 102 -1 48 102 -1
2 24 48 102 -1 48 98.903 -1
2 24 48 98.903 -1 4 98.903 -1
2 24 4 98.903 -1 4 102 -1
2 24 4 102 -2 4 102 -1
2 24 4 98.903 -2 4 98.903 -1
2 24 48 102 -2 48 102 -1
2 24 48 98.903 -2 48 98.903 -1
4 16 4 102 -2 48 102 -2 48 102 -1 4 102 -1
4 16 48 102 -2 48 98.903 -2 48 98.903 -1 48 102 -1
4 16 48 98.903 -2 4 98.903 -2 4 98.903 -1 48 98.903 -1
4 16 4 98.903 -2 4 102 -2 4 102 -1 4 98.903 -1
4 16 4 102 -1 4 98.903 -1 48 98.903 -1 48 102 -1
4 16 4 98.903 -2 4 95.806 -2 48 95.806 -2 48 98.903 -2
2 24 4 95.806 2 48 95.806 2
2 24 48 95.806 2 48 92.71 2
2 24 48 92.71 2 4 92.71 2
2 24 4 92.71 2 4 95.806 2
2 24 4 95.806 1 48 95.806 1
2 24 48 95.806 1 48 92.71 1
2 24 48 92.71 1 4 92.71 1
2 24 4 92.71 1 4 95.806 1
2 24 4 95.806 2 4 95.806 1
2 24 4 92.71 2 4 92.71 1
2 24 48 95.806 2 48 95.806 1
2 24 48 92.71 2 48 92.71 1
4 16 4 95.806 2 48 95.806 2 48 95.806 1 4 95.806 1
4 16 48 95.806 2 48 92.71 2 48 92.71 1 48 95.806 1
4 16 48 92.71 2 4 92.71 2 4 92.71 1 48 92.71 1
4 16 4 92.71 2 4 95.806 2 4 95.806 1 4 92.71 1
4 16 4 95.806 1 4 92.71 1 48 92.71 1 48 95.806 1
4 16 4 92.71 2 4 89.613 2 48 89.613 2 48 92.71 2
2 24 4 95.806 -2 48 95.806 -2
2 24 48 95.806 -2 48 92.71 -2
2 24 48 92.71 -2 4 92.71 -2
2 24 4 92.71 -2 4 95.806 -2
2 24 4 95.806 -1 48 95.806 -1
2 24 48 95.806 -1 48 92.71 -1
2 24 48 92.71 -1 4 92.71 -1
2 24 4 92.71 -1 4 95.806 -1
2 24 4 95.806 -2 4 95.806 -1
2 24 4 92.71 -2 4 92.71 -1
2 24 48 95.806 -2 48 95.806 -1
2 24 48 92.71 -2 48 92.71 -1
4 16 4 95.806 -2 48 95.806 -2 48 95.806 -1 4 95.806 -1
4 16 48 95.806 -2 48 92.71 -2 48 92.71 -1 48 95.806 -1
4 16 48 92.71 -2 4 92.71 -2 4 92.71 -1 48 92.71 -1
4 16 4 92.71 -2 4 95.806 -2 4 95.806 -1 4 92.71 -1
4 16 4 95.806 -1 4 92.71 -1 48 92.71 -1 48 95.806 -1
4 16 4 92.71 -2 4 89.613 -2 48 89.613 -2 48 92.71 -2
2 24 4 89.613 2 48 89.613 2
2 24 48 89.613 2 48 86.516 2
2 24 48 86.516 2 4 86.516 2
2 24 4 86.516 2 4 89.613 2
2 24 4 89.613 1 48 89.613 1
2 24 48 89.613 1 48 86.516 1
2 24 48 86.516 1 4 86.516 1
2 24 4 86.516 1 4 89.613 1
2 24 4 89.613 2 4 89.613 1
2 24 4 86.516 2 4 86.516 1
2 24 48 89.613 2 48 89.613 1
2 24 48 86.516 2 48 86.516 1
4 16 4 89.613 2 48 89.613 2 48 89.613 1 4 89.613 1
4 16 48 89.613 2 48 86.516 2 48 86.516 1 48 89.613 1
4 16 48 86.516 2 4 86.516 2 4 86.516 1 48 86.516 1
4 16 4 86.516 2 4 89.613 2 4 89.613 1 4 86.516 1
4 16 4 89.613 1 4 86.516 1 48 86.516 1 48 89.613 1
4 16 4 86.516 2 4 83.419 2 48 83.419 2 48 86.516 2
2 24 4 89.613 -2 48 89.613 -2
2 24 48 89.613 -2 48 86.516 -2
2 24 48 86.516 -2 4 86.516 -2
2 24 4 86.516 -2 4 89.613 -2
2 24 4 89.613 -1 48 89.613 -1
2 24 48 89.613 -1 48 86.516 -1
2 24 48 86.516 -1 4 86.516 -1
2 24 4 86.516 -1 4 89.613 -1
2 24 4 89.613 -2 4 89.613 -1
2 24 4 86.516 -2 4 86.516 -1
2 24 48 89.613 -2 48 89.613 -1
2 24 48 86.516 -2 48 86.516 -1
4 16 4 89.613 -2 48 89.613 -2 48 89.613 -1 4 89.613 -1
4 16 48 89.613 -2 48 86.516 -2 48 86.516 -1 48 89.613 -1
4 16 48 86.516 -2 4 86.516 -2 4 86.516 -1 48 86.516 -1
4 16 4 86.516 -2 4 89.613 -2 4 89.613 -1 4 86.516 -1
4 16 4 89.613 -1 4 86.516 -1 48 86.516 -1 48 89.613 -1
4 16 4 86.516 -2 4 83.419 -2 48 83.419 -2 48 86.516 -2
2 24 4 83.419 2 48 83.419 2
2 24 48 83.419 2 48 80.323 2
2 24 48 80.323 2 4 80.323 2
2 24 4 80.323 2 4 83.419 2
2 24 4 83.419 1 48 83.419 1
2 24 48 83.419 1 48 80.323 1
2 24 48 80.323 1 4 80.323 1
2 24 4 80.323 1 4 83.419 1
2 24 4 83.419 2 4 83.419 1
2 24 4 80.323 2 4 80.323 1
2 24 48 83.419 2 48 83.419 1
2 24 48 80.323 2 48 80.323 1
4 16 4 83.419 2 48 83.419 2 48 83.419 1 4 83.419 1
4 16 48 83.419 2 48 80.323 2 48 80.323 1 48 83.419 1
4 16 48 80.323 2 4 80.323 2 4 80.323 1 48 80.323 1
4 16 4 80.323 2 4 83.419 2 4 83.419 1 4 80.323 1
4 16 4 83.419 1 4 80.323 1 48 80.323 1 48 83.419 1
4 16 4 80.323 2 4 77.226 2 48 77.226 2 48 80.323 2
2 24 4 83.419 -2 48 83.419 -2
2 24 48 83.419 -2 48 80.323 -2
2 24 48 80.323 -2 4 80.323 -2
2 24 4 80.323 -2 4 83.419 -2
2 24 4 83.419 -1 48 83.419 -1
2 24 48 83.419 -1 48 80.323 -1
2 24 48 80.323 -1 4 80.323 -1
2 24 4 80.323 -1 4 83.419 -1
2 24 4 83.419 -2 4 83.419 -1
2 24 4 80.323 -2 4 80.323 -1
2 24 48 83.419 -2 48 83.419 -1
2 24 48 80.323 -2 48 80.323 -1
4 16 4 83.419 -2 48 83.419 -2 48 83.419 -1 4 83.419 -1
4 16 48 83.419 -2 48 80.323 -2 48 80.323 -1 48 83.419 -1
4 16 48 80.323 -2 4 80.323 -2 4 80.323 -1 48 80.323 -1
4 16 4 80.323 -2 4 83.419 -2 4 83.419 -1 4 80.323 -1
4 16 4 83.419 -1 4 80.323 -1 48 80.323 -1 48 83.419 -1
4 16 4 80.323 -2 4 77.226 -2 48 77.226 -2 48 80.323 -2
2 24 4 77.226 2 48 77.226 2
2 24 48 77.226 2 48 74.129 2
2 24 48 74.129 2 4 74.129 2
2 24 4 74.129 2 4 77.226 2
2 24 4 77.226 1 48 77.226 1
2 24 48 77.226 1 48 74.129 1
2 24 48 74.129 1 4 74.129 1
2 24 4 74.129 1 4 77.226 1
2 24 4 77.226 2 4 77.226 1
2 24 4 74.129 2 4 74.129 1
2 24 48 77.226 2 48 77.226 1
2 24 48 74.129 2 48 74.129 1
4 16 4 77.226 2 48 77.226 2 48 77.226 1 4 77.226 1
4 16 48 77.226 2 48 74.129 2 48 74.129 1 48 77.226 1
4 16 48 74.129 2 4 74.129 2 4 74.129 1 48 74.129 1
4 16 4 74.129 2 4 77.226 2 4 77.226 1 4 74.129 1
4 16 4 77.226 1 4 74.129 1 48 74.129 1 48 77.226 1
4 16 4 74.129 2 4 71.032 2 48 71.032 2 48 74.129 2
2 24 4 77.226 -2 48 77.226 -2
2 24 48 77.226 -2 48 74.129 -2
2 24 48 74.129 -2 4 74.129 -2
2 24 4 74.129 -2 4 77.226 -2
2 24 4 77.226 -1 48 77.226 -1
2 24 48 77.226 -1 48 74.129 -1
2 24 48 74.129 -1 4 74.129 -1
2 24 4 74.129 -1 4 77.226 -1
2 24 4 77.226 -2 4 77.226 -1
2 24 4 74.129 -2 4 74.129 -1
2 24 48 77.226 -2 48 77.226 -1
2 24 48 74.129 -2 48 74.129 -1
4 16 4 77.226 -2 48 77.226 -2 48 77.226 -1 4 77.226 -1
4 16 48 77.226 -2 48 74.129 -2 48 74.129 -1 48 77.226 -1
4 16 48 74.129 -2 4 74.129 -2 4 74.129 -1 48 74.129 -1
4 16 4 74.129 -2 4 77.226 -2 4 77.226 -1 4 74.129 -1
4 16 4 77.226 -1 4 74.129 -1 48 74.129 -1 48 77.226 -1
4 16 4 74.129 -2 4 71.032 -2 48 71.032 -2 48 74.129 -2
2 24 4 71.032 2 48 71.032 2
2 24 48 71.032 2 48 67.935 2
2 24 48 67.935 2 4 67.935 2
2 24 4 67.935 2 4 71.032 2
2 24 4 71.032 1 48 71.032 1
2 24 48 71.032 1 48 67.935 1
2 24 48 67.935 1 4 67.935 1
2 24 4 67.935 1 4 71.032 1
2 24 4 71.032 2 4 71.032 1
2 24 4 67.935 2 4 67.935 1
2 24 48 71.032 2 48 71.032 1
2 24 48 67.935 2 48 67.935 1
4 16 4 71.032 2 48 71.032 2 48 71.032 1 4 71.032 1
4 16 48 71.032 2 48 67.935 2 48 67.935 1 48 71.032 1
4 16 48 67.935 2 4 67.935 2 4 67.935 1 48 67.935 1
4 16 4 67.935 2 4 71.032 2 4 71.032 1 4 67.935 1
4 16 4 71.032 1 4 67.935 1 48 67.935 1 48 71.032 1
4 16 4 67.935 2 4 64.839 2 48 64.839 2 48 67.935 2
2 24 4 71.032 -2 48 71.032 -2
2 24 48 71.032 -2 48 67.935 -2
2 24 48 67.935 -2 4 67.935 -2
2 24 4 67.935 -2 4 71.032 -2
2 24 4 71.032 -1 48 71.032 -1
2 24 48 71.032 -1 48 67.935 -1
2 24 48 67.935 -1 4 67.935 -1
2 24 4 67.935 -1 4 71.032 -1
2 24 4 71.032 -2 4 71.032 -1
2 24 4 67.935 -2 4 67.935 -1
2 24 48 71.032 -2 48 71.032 -1
2 24 48 67.935 -2 48 67.935 -1
4 16 4 71.032 -2 48 71.032 -2 48 71.032 -1 4 71.032 -1
4 16 48 71.032 -2 48 67.935 -2 48 67.935 -1 48 71.032 -1
4 16 48 67.935 -2 4 67.935 -2 4 67.935 -1 48 67.935 -1
4 16 4 67.935 -2 4 71.032 -2 4 71.032 -1 4 67.935 -1
4 16 4 71.032 -1 4 67.935 -1 48 67.935 -1 48 71.032 -1
4 16 4 67.935 -2 4 64.839 -2 48 64.839 -2 48 67.935 -2
2 24 4 64.839 2 48 64.839 2
2 24 48 64.839 2 48 61.742 2
2 24 48 61.742 2 4 61.742 2
2 24 4 61.742 2 4 64.839 2
2 24 4 64.839 1 48 64.839 1
2 24 48 64.839 1 48 61.742 1
2 24 48 61.742 1 4 61.742 1
2 24 4 61.742 1 4 64.839 1
2 24 4 64.839 2 4 64.839 1
2 24 4 61.742 2 4 61.742 1
2 24 48 64.839 2 48 64.839 1
2 24 48 61.742 2 48 61.742 1
4 16 4 64.839 2 48 64.839 2 48 64.839 1 4 64.839 1
4 16 48 64.839 2 48 61.742 2 48 61.742 1 48 64.839 1
4 16 48 61.742 2 4 61.742 2 4 61.742 1 48 61.742 1
4 16 4 61.742 2 4 64.839 2 4 64.839 1 4 61.742 1
4 16 4 64.839 1 4 61.742 1 48 61.742 1 48 64.839 1
4 16 4 61.742 2 4 58.645 2 48 58.645 2 48 61.742 2
2 24 4 64.839 -2 48 64.839 -2
2 24 48 64.839 -2 48 61.742 -2
2 24 48 61.742 -2 4 61.742 -2
2 24 4 61.742 -2 4 64.839 -2
2 24 4 64.839 -1 48 64.839 -1
2 24 48 64.839 -1 48 61.742 -1
2 24 48 61.742 -1 4 61.742 -1
2 24 4 61.742 -1 4 64.839 -1
2 24 4 64.839 -2 4 64.839 -1
2 24 4 61.742 -2 4 61.742 -1
2 24 48 64.839 -2 48 64.839 -1
2 24 48 61.742 -2 48 61.742 -1
4 16 4 64.839 -2 48 64.839 -2 48 64.839 -1 4 64.839 -1
4 16 48 64.839 -2 48 61.742 -2 48 61.742 -1 48 64.839 -1
4 16 48 61.742 -2 4 61.742 -2 4 61.742 -1 48 61.742 -1
4 16 4 61.742 -2 4 64.839 -2 4 64.839 -1 4 61.742 -1
4 16 4 64.839 -1 4 61.742 -1 48 61.742 -1 48 64.839 -1
4 16 4 61.742 -2 4 58.645 -2 48 58.645 -2 48 61.742 -2
2 24 4 58.645 2 48 58.645 2
2 24 48 58.645 2 48 55.548 2
2 24 48 55.548 2 4 55.548 2
2 24 4 55.548 2 4 58.645 2
2 24 4 58.645 1 48 58.645 1
2 24 48 58.645 1 48 55.548 1
2 24 48 55.548 1 4 55.548 1
2 24 4 55.548 1 4 58.645 1
2 24 4 58.645 2 4 58.645 1
2 24 4 55.548 2 4 55.548 1
2 24 48 58.645 2 48 58.645 1
2 24 48 55.548 2 48 55.548 1
4 16 4 58.645 2 48 58.645 2 48 58.645 1 4 58.645 1
4 16 48 58.645 2 48 55.548 2 48 55.548 1 48 58.645 1
4 16 48 55.548 2 4 55.548 2 4 55.548 1 48 55.548 1
4 16 4 55.548 2 4 58.645 2 4 58.645 1 4 55.548 1
4 16 4 58.645 1 4 55.548 1 48 55.548 1 48 58.645 1
4 16 4 55.548 2 4 52.452 2 48 52.452 2 48 55.548 2
2 24 4 58.645 -2 48 58.645 -2
2 24 48 58.645 -2 48 55.548 -2
2 24 48 55.548 -2 4 55.548 -2
2 24 4 55.548 -2 4 58.645 -2
2 24 4 58.645 -1 48 58.645 -1
2 24 48 58.645 -1 48 55.548 -1
2 24 48 55.548 -1 4 55.548 -1
2 24 4 55.548 -1 4 58.645 -1
2 24 4 58.645 -2 4 58.645 -1
2 24 4 55.548 -2 4 55.548 -1
2 24 48 58.645 -2 48 58.645 -1
2 24 48 55.548 -2 48 55.548 -1
4 16 4 58.645 -2 48 58.645 -2 48 58.645 -1 4 58.645 -1
4 16 48 58.645 -2 48 55.548 -2 48 55.548 -1 48 58.645 -1
4 16 48 55.548 -2 4 55.548 -2 4 55.548 -1 48 55.548 -1
4 16 4 55.548 -2 4 58.645 -2 4 58.645 -1 4 55.548 -1
4 16 4 58.645 -1 4 55.548 -1 48 55.548 -1 48 58.645 -1
4 16 4 55.548 -2 4 52.452 -2 48 52.452 -2 48 55.548 -2
2 24 4 52.452 2 48 52.452 2
2 24 48 52.452 2 48 49.355 2
2 24 48 49.355 2 4 49.355 2
2 24 4 49.355 2 4 52.452 2
2 24 4 52.452 1 48 52.452 1
2 24 48 52.452 1 48 49.355 1
2 24 48 49.355 1 4 49.355 1
2 24 4 49.355 1 4 52.452 1
2 24 4 52.452 2 4 52.452 1
2 24 4 49.355 2 4 49.355 1
2 24 48 52.452 2 48 52.452 1
2 24 48 49.355 2 48 49.355 1
4 16 4 52.452 2 48 52.452 2 48 52.452 1 4 52.452 1
4 16 48 52.452 2 48 49.355 2 48 49.355 1 48 52.452 1
4 16 48 49.355 2 4 49.355 2 4 49.355 1 48 49.355 1
4 16 4 49.355 2 4 52.452 2 4 52.452 1 4 49.355 1
4 16 4 52.452 1 4 49.355 1 48 49.355 1 48 52.452 1
4 16 4 49.355 2 4 46.258 2 48 46.258 2 48 49.355 2
2 24 4 52.452 -2 48 52.452 -2
2 24 48 52.452 -2 48 49.355 -2
2 24 48 49.355 -2 4 49.355 -2
2 24 4 49.355 -2 4 52.452 -2
2 24 4 52.452 -1 48 52.452 -1
2 24 48 52.452 -1 48 49.355 -1
2 24 48 49.355 -1 4 49.355 -1
2 24 4 49.355 -1 4 52.452 -1
2 24 4 52.452 -2 4 52.452 -1
2 24 4 49.355 -2 4 49.355 -1
2 24 48 52.452 -2 48 52.452 -1
2 24 48 49.355 -2 48 49.355 -1
4 16 4 52.452 -2 48 52.452 -2 48 52.452 -1 4 52.452 -1
4 16 48 52.452 -2 48 49.355 -2 48 49.355 -1 48 52.452 -1
4 16 48 49.355 -2 4 49.355 -2 4 49.355 -1 48 49.355 -1
4 16 4 49.355 -2 4 52.452 -2 4 52.452 -1 4 49.355 -1
4 16 4 52.452 -1 4 49.355 -1 48 49.355 -1 48 52.452 -1
4 16 4 49.355 -2 4 46.258 -2 48 46.258 -2 48 49.355 -2
2 24 4 46.258 2 48 46.258 2
2 24 48 46.258 2 48 43.161 2
2 24 48 43.161 2 4 43.161 2
2 24 4 43.161 2 4 46.258 2
2 24 4 46.258 1 48 46.258 1
2 24 48 46.258 1 48 43.161 1
2 24 48 43.161 1 4 43.161 1
2 24 4 43.161 1 4 46.258 1
2 24 4 46.258 2 4 46.258 1
2 24 4 43.161 2 4 43.161 1
2 24 48 46.258 2 48 46.258 1
2 24 48 43.161 2 48 43.161 1
4 16 4 46.258 2 48 46.258 2 48 46.258 1 4 46.258 1
4 16 48 46.258 2 48 43.161 2 48 43.161 1 48 46.258 1
4 16 48 43.161 2 4 43.161 2 4 43.161 1 48 43.161 1
4 16 4 43.161 2 4 46.258 2 4 46.258 1 4 43.161 1
4 16 4 46.258 1 4 43.161 1 48 43.161 1 48 46.258 1
4 16 4 43.161 2 4 40.065 2 48 40.065 2 48 43.161 2
2 24 4 46.258 -2 48 46.258 -2
2 24 48 46.258 -2 48 43.161 -2
2 24 48 43.161 -2 4 43.161 -2
2 24 4 43.161 -2 4 46.258 -2
2 24 4 46.258 -1 48 46.258 -1
2 24 48 46.258 -1 48 43.161 -1
2 24 48 43.161 -1 4 43.161 -1
2 24 4 43.161 -1 4 46.258 -1
2 24 4 46.258 -2 4 46.258 -1
2 24 4 43.161 -2 4 43.161 -1
2 24 48 46.258 -2 48 46.258 -1
2 24 48 43.161 -2 48 43.161 -1
4 16 4 46.258 -2 48 46.258 -2 48 46.258 -1 4 46.258 -1
4 16 48 46.258 -2 48 43.161 -2 48 43.161 -1 48 46.258 -1
4 16 48 43.161 -2 4 43.161 -2 4 43.161 -1 48 43.161 -1
4 16 4 43.161 -2 4 46.258 -2 4 46.258 -1 4 43.161 -1
4 16 4 46.258 -1 4 43.161 -1 48 43.161 -1 48 46.258 -1
4 16 4 43.161 -2 4 40.065 -2 48 40.065 -2 48 43.161 -2
2 24 4 40.065 2 48 40.065 2
2 24 48 40.065 2 48 36.968 2
2 24 48 36.968 2 4 36.968 2
2 24 4 36.968 2 4 40.065 2
2 24 4 40.065 1 48 40.065 1
2 24 48 40.065 1 48 36.968 1
2 24 48 36.968 1 4 36.968 1
2 24 4 36.968 1 4 40.065 1
2 24 4 40.065 2 4 40.065 1
2 24 4 36.968 2 4 36.968 1
2 24 48 40.065 2 48 40.065 1
2 24 48 36.968 2 48 36.968 1
4 16 4 40.065 2 48 40.065 2 48 40.065 1 4 40.065 1
4 16 48 40.065 2 48 36.968 2 48 36.968 1 48 40.065 1
4 16 48 36.968 2 4 36.968 2 4 36.968 1 48 36.968 1
4 16 4 36.968 2 4 40.065 2 4 40.065 1 4 36.968 1
4 16 4 40.065 1 4 36.968 1 48 36.968 1 48 40.065 1
4 16 4 36.968 2 4 33.871 2 48 33.871 2 48 36.968 2
2 24 4 40.065 -2 48 40.065 -2
2 24 48 40.065 -2 48 36.968 -2
2 24 48 36.968 -2 4 36.968 -2
2 24 4 36.968 -2 4 40.065 -2
2 24 4 40.065 -1 48 40.065 -1
2 24 48 40.065 -1 48 36.968 -1
2 24 48 36.968 -1 4 36.968 -1
2 24 4 36.968 -1 4 40.065 -1
2 24 4 40.065 -2 4 40.065 -1
2 24 4 36.968 -2 4 36.968 -1
2 24 48 40.065 -2 48 40.065 -1
2 24 48 36.968 -2 48 36.968 -1
4 16 4 40.065 -2 48 40.065 -2 48 40.065 -1 4 40.065 -1
4 16 48 40.065 -2 48 36.968 -2 48 36.968 -1 48 40.065 -1
4 16 48 36.968 -2 4 36.968 -2 4 36.968 -1 48 36.968 -1
4 16 4 36.968 -2 4 40.065 -2 4 40.065 -1 4 36.968 -1
4 16 4 40.065 -1 4 36.968 -1 48 36.968 -1 48 40.065 -1
4 16 4 36.968 -2 4 33.871 -2 48 33.871 -2 48 36.968 -2
2 24 4 33.871 2 48 33.871 2
2 24 48 33.871 2 48 30.774 2
2 24 48 30.774 2 4 30.774 2
2 24 4 30.774 2 4 33.871 2
2 24 4 33.871 1 48 33.871 1
2 24 48 33.871 1 48 30.774 1
2 24 48 30.774 1 4 30.774 1
2 24 4 30.774 1 4 33.871 1
2 24 4 33.871 2 4 33.871 1
2 24 4 30.774 2 4 30.774 1
2 24 48 33.871 2 48 33.871 1
2 24 48 30.774 2 48 30.774 1
4 16 4 33.871 2 48 33.871 2 48 33.871 1 4 33.871 1
4 16 48 33.871 2 48 30.774 2 48 30.774 1 48 33.871 1
4 16 48 30.774 2 4 30.774 2 4 30.774 1 48 30.774 1
4 16 4 30.774 2 4 33.871 2 4 33.871 1 4 30.774 1
4 16 4 33.871 1 4 30.774 1 48 30.774 1 48 33.871 1
4 16 4 30.774 2 4 27.677 2 48 27.677 2 48 30.774 2
2 24 4 33.871 -2 48 33.871 -2
2 24 48 33.871 -2 48 30.774 -2
2 24 48 30.774 -2 4 30.774 -2
2 24 4 30.774 -2 4 33.871 -2
2 24 4 33.871 -1 48 33.871 -1
2 24 48 33.871 -1 48 30.774 -1
2 24 48 30.774 -1 4 30.774 -1
2 24 4 30.774 -1 4 33.871 -1
2 24 4 33.871 -2 4 33.871 -1
2 24 4 30.774 -2 4 30.774 -1
2 24 48 33.871 -2 48 33.871 -1
2 24 48 30.774 -2 48 30.774 -1
4 16 4 33.871 -2 48 33.871 -2 48 33.871 -1 4 33.871 -1
4 16 48 33.871 -2 48 30.774 -2 48 30.774 -1 48 33.871 -1
4 16 48 30.774 -2 4 30.774 -2 4 30.774 -1 48 30.774 -1
4 16 4 30.774 -2 4 33.871 -2 4 33.871 -1 4 30.774 -1
4 16 4 33.871 -1 4 30.774 -1 48 30.774 -1 48 33.871 -1
4 16 4 30.774 -2 4 27.677 -2 48 27.677 -2 48 30.774 -2
2 24 4 27.677 2 48 27.677 2
2 24 48 27.677 2 48 24.581 2
2 24 48 24.581 2 4 24.581 2
2 24 4 24.581 2 4 27.677 2
2 24 4 27.677 1 48 27.677 1
2 24 48 27.677 1 48 24.581 1
2 24 48 24.581 1 4 24.581 1
2 24 4 24.581 1 4 27.677 1
2 24 4 27.677 2 4 27.677 1
2 24 4 24.581 2 4 24.581 1
2 24 48 27.677 2 48 27.677 1
2 24 48 24.581 2 48 24.581 1
4 16 4 27.677 2 48 27.677 2 48 27.677 1 4 27.677 1
4 16 48 27.677 2 48 24.581 2 48 24.581 1 48 27.677 1
4 16 48 24.581 2 4 24.581 2 4 24.581 1 48 24.581 1
4 16 4 24.581 2 4 27.677 2 4 27.677 1 4 24.581 1
4 16 4 27.677 1 4 24.581 1 48 24.581 1 48 27.677 1
4 16 4 24.581 2 4 21.484 2 48 21.484 2 48 24.581 2
2 24 4 27.677 -2 48 27.677 -2
2 24 48 27.677 -2 48 24.581 -2
2 24 48 24.581 -2 4 24.581 -2
2 24 4 24.581 -2 4 27.677 -2
2 24 4 27.677 -1 48 27.677 -1
2 24 48 27.677 -1 48 24.581 -1
2 24 48 24.581 -1 4 24.581 -1
2 24 4 24.581 -1 4 27.677 -1
2 24 4 27.677 -2 4 27.677 -1
2 24 4 24.581 -2 4 24.581 -1
2 24 48 27.677 -2 48 27.677 -1
2 24 48 24.581 -2 48 24.581 -1
4 16 4 27.677 -2 48 27.677 -2 48 27.677 -1 4 27.677 -1
4 16 48 27.677 -2 48 24.581 -2 48 24.581 -1 48 27.677 -1
4 16 48 24.581 -2 4 24.581 -2 4 24.581 -1 48 24.581 -1
4 16 4 24.581 -2 4 27.677 -2 4 27.677 -1 4 24.581 -1
4 16 4 27.677 -1 4 24.581 -1 48 24.581 -1 48 27.677 -1
4 16 4 24.581 -2 4 21.484 -2 48 21.484 -2 48 24.581 -2
2 24 4 21.484 2 48 21.484 2
2 24 48 21.484 2 48 18.387 2
2 24 48 18.387 2 4 18.387 2
2 24 4 18.387 2 4 21.484 2
2 24 4 21.484 1 48 21.484 1
2 24 48 21.484 1 48 18.387 1
2 24 48 18.387 1 4 18.387 1
2 24 4 18.387 1 4 21.484 1
2 24 4 21.484 2 4 21.484 1
2 24 4 18.387 2 4 18.387 1
2 24 48 21.484 2 48 21.484 1
2 24 48 18.387 2 48 18.387 1
4 16 4 21.484 2 48 21.484 2 48 21.484 1 4 21.484 1
4 16 48 21.484 2 48 18.387 2 48 18.387 1 48 21.484 1
4 16 48 18.387 2 4 18.387 2 4 18.387 1 48 18.387 1
4 16 4 18.387 2 4 21.484 2 4 21.484 1 4 18.387 1
4 16 4 21.484 1 4 18.387 1 48 18.387 1 48 21.484 1
4 16 4 18.387 2 4 15.29 2 48 15.29 2 48 18.387 2
2 24 4 21.484 -2 48 21.484 -2
2 24 48 21.484 -2 48 18.387 -2
2 24 48 18.387 -2 4 18.387 -2
2 24 4 18.387 -2 4 21.484 -2
2 24 4 21.484 -1 48 21.484 -1
2 24 48 21.484 -1 48 18.387 -1
2 24 48 18.387 -1 4 18.387 -1
2 24 4 18.387 -1 4 21.484 -1
2 24 4 21.484 -2 4 21.484 -1
2 24 4 18.387 -2 4 18.387 -1
2 24 48 21.484 -2 48 21.484 -1
2 24 48 18.387 -2 48 18.387 -1
4 16 4 21.484 -2 48 21.484 -2 48 21.484 -1 4 21.484 -1
4 16 48 21.484 -2 48 18.387 -2 48 18.387 -1 48 21.484 -1
4 16 48 18.387 -2 4 18.387 -2 4 18.387 -1 48 18.387 -1
4 16 4 18.387 -2 4 21.484 -2 4 21.484 -1 4 18.387 -1
4 16 4 21.484 -1 4 18.387 -1 48 18.387 -1 48 21.484 -1
4 16 4 18.387 -2 4 15.29 -2 48 15.29 -2 48 18.387 -2
2 24 4 15.29 2 48 15.29 2
2 24 48 15.29 2 48 12.194 2
2 24 48 12.194 2 4 12.194 2
2 24 4 12.194 2 4 15.29 2
2 24 4 15.29 1 48 15.29 1
2 24 48 15.29 1 48 12.194 1
2 24 48 12.194 1 4 12.194 1
2 24 4 12.194 1 4 15.29 1
2 24 4 15.29 2 4 15.29 1
2 24 4 12.194 2 4 12.194 1
2 24 48 15.29 2 48 15.29 1
2 24 48 12.194 2 48 12.194 1
4 16 4 15.29 2 48 15.29 2 48 15.29 1 4 15.29 1
4 16 48 15.29 2 48 12.194 2 48 12.194 1 48 15.29 1
4 16 48 12.194 2 4 12.194 2 4 12.194 1 48 12.194 1
4 16 4 12.194 2 4 15.29 2 4 15.29 1 4 12.194 1
4 16 4 15.29 1 4 12.194 1 48 12.194 1 48 15.29 1
4 16 4 12.194 2 4 9.097 2 48 9.097 2 48 12.194 2
2 24 4 15.29 -2 48 15.29 -2
2 24 48 15.29 -2 48 12.194 -2
2 24 48 12.194 -2 4 12.194 -2
2 24 4 12.194 -2 4 15.29 -2
2 24 4 15.29 -1 48 15.29 -1
2 24 48 15.29 -1 48 12.194 -1
2 24 48 12.194 -1 4 12.194 -1
2 24 4 12.194 -1 4 15.29 -1
2 24 4 15.29 -2 4 15.29 -1
2 24 4 12.194 -2 4 12.194 -1
2 24 48 15.29 -2 48 15.29 -1
2 24 48 12.194 -2 48 12.194 -1
4 16 4 15.29 -2 48 15.29 -2 48 15.29 -1 4 15.29 -1
4 16 48 15.29 -2 48 12.194 -2 48 12.194 -1 48 15.29 -1
4 16 48 12.194 -2 4 12.194 -2 4 12.194 -1 48 12.194 -1
4 16 4 12.194 -2 4 15.29 -2 4 15.29 -1 4 12.194 -1
4 16 4 15.29 -1 4 12.194 -1 48 12.194 -1 48 15.29 -1
4 16 4 12.194 -2 4 9.097 -2 48 9.097 -2 48 12.194 -2
2 24 4 9.097 2 48 9.097 2
2 24 48 9.097 2 48 6 2
2 24 48 6 2 4 6 2
2 24 4 6 2 4 9.097 2
2 24 4 9.097 1 48 9.097 1
2 24 48 9.097 1 48 6 1
2 24 48 6 1 4 6 1
2 24 4 6 1 4 9.097 1
2 24 4 9.097 2 4 9.097 1
2 24 4 6 2 4 6 1
2 24 48 9.097 2 48 9.097 1
2 24 48 6 2 48 6 1
4 16 4 9.097 2 48 9.097 2 48 9.097 1 4 9.097 1
4 16 48 9.097 2 48 6 2 48 6 1 48 9.097 1
4 16 48 6 2 4 6 2 4 6 1 48 6 1
4 16 4 6 2 4 9.097 2 4 9.097 1 4 6 1
4 16 4 9.097 1 4 6 1 48 6 1 48 9.097 1
2 24 4 9.097 -2 48 9.097 -2
2 24 48 9.097 -2 48 6 -2
2 24 48 6 -2 4 6 -2
2 24 4 6 -2 4 9.097 -2
2 24 4 9.097 -1 48 9.097 -1
2 24 48 9.097 -1 48 6 -1
2 24 48 6 -1 4 6 -1
2 24 4 6 -1 4 9.097 -1
2 24 4 9.097 -2 4 9.097 -1
2 24 4 6 -2 4 6 -1
2 24 48 9.097 -2 48 9.097 -1
2 24 48 6 -2 48 6 -1
4 16 4 9.097 -2 48 9.097 -2 48 9.097 -1 4 9.097 -1
4 16 48 9.097 -2 48 6 -2 48 6 -1 48 9.097 -1
4 16 48 6 -2 4 6 -2 4 6 -1 48 6 -1
4 16 4 6 -2 4 9.097 -2 4 9.097 -1 4 6 -1
4 16 4 9.097 -1 4 6 -1 48 6 -1 48 9.097 -1
0
