0 Wheel Rim  8 x  8 Notched Hole for Wheel Holding Pin
0 Name: 30027b.dat
0 Author: Magnus Forsberg [MagFors]
0 !LDRAW_ORG Part UPDATE 2013-02
0 !LICENSE Redistributable under CCAL version 2.0 : see CAreadme.txt

0 BFC CERTIFY CCW

0 !HISTORY 2013-12-23 [PTadmin] Official Update 2013-02

0 // Nomenclature: width_(mm) x rim_diameter_(mm) [optional qualifier]

1 16 0 0 2 1 0 0 0 0 1 0 -8 0 wpinhol2.dat

2 24 5.702 1.5 10 5.543 2.296 10
2 24 7.702 1.5 10 7.391 3.062 10
4 16 5.702 1.5 4 5.543 2.296 4 5.543 2.296 10 5.702 1.5 10
1 16 6.702 1.5 7 1 0 0 0 -1 0 0 0 -3 rect.dat
4 16 7.702 1.5 10 7.391 3.062 10 7.391 3.062 4 7.702 1.5 4
5 24 5.543 2.296 10 5.543 2.296 4 5.702 1.5 4 4.243 4.243 4
5 24 7.391 3.062 10 7.391 3.062 4 7.702 1.5 4 5.657 5.657 4
4 16 8 0 10 7.702 1.5 10 5.702 1.5 10 6 0 10
1 16 0 0 10 5.5433 0 -2.2961 2.2961 0 5.5433 0 -6 0 1-8edge.dat
1 16 0 0 10 5.5433 0 -2.2961 2.2961 0 5.5433 0 -6 0 1-8cyli.dat
1 16 0 0 10 7.391 0 -3.0615 3.0615 0 7.391 0 -1 0 1-8edge.dat
0 BFC INVERTNEXT
1 16 0 0 10 7.391 0 -3.0615 3.0615 0 7.391 0 -6 0 1-8cyli.dat
2 24 1.5 5.702 10 2.296 5.543 10
2 24 1.5 7.702 10 3.062 7.391 10
4 16 1.5 5.702 10 2.296 5.543 10 2.296 5.543 4 1.5 5.702 4
1 16 1.5 6.702 7 0 -1 0 1 0 0 0 0 3 rect.dat
4 16 1.5 7.702 4 3.062 7.391 4 3.062 7.391 10 1.5 7.702 10
5 24 2.296 5.543 10 2.296 5.543 4 1.5 5.702 4 4.243 4.243 4
5 24 3.062 7.391 10 3.062 7.391 4 1.5 7.702 4 5.657 5.657 4
4 16 0 6 10 1.5 5.702 10 1.5 7.702 10 0 8 10

2 24 -1.5 5.702 10 -2.296 5.543 10
2 24 -1.5 7.702 10 -3.062 7.391 10
4 16 -1.5 5.702 4 -2.296 5.543 4 -2.296 5.543 10 -1.5 5.702 10
1 16 -1.5 6.702 7 0 1 0 1 0 0 0 0 -3 rect.dat
4 16 -1.5 7.702 10 -3.062 7.391 10 -3.062 7.391 4 -1.5 7.702 4
5 24 -2.296 5.543 10 -2.296 5.543 4 -1.5 5.702 4 -4.243 4.243 4
5 24 -3.062 7.391 10 -3.062 7.391 4 -1.5 7.702 4 -5.657 5.657 4
4 16 0 8 10 -1.5 7.702 10 -1.5 5.702 10 0 6 10
1 16 0 0 10 -2.2961 0 -5.5433 5.5433 0 -2.2961 0 -6 0 1-8edge.dat
1 16 0 0 10 -2.2961 0 -5.5433 5.5433 0 -2.2961 0 -6 0 1-8cyli.dat
1 16 0 0 10 -3.0615 0 -7.391 7.391 0 -3.0615 0 -1 0 1-8edge.dat
0 BFC INVERTNEXT
1 16 0 0 10 -3.0615 0 -7.391 7.391 0 -3.0615 0 -6 0 1-8cyli.dat
2 24 -5.702 1.5 10 -5.543 2.296 10
2 24 -7.702 1.5 10 -7.391 3.062 10
4 16 -5.702 1.5 10 -5.543 2.296 10 -5.543 2.296 4 -5.702 1.5 4
1 16 -6.702 1.5 7 -1 0 0 0 -1 0 0 0 3 rect.dat
4 16 -7.702 1.5 4 -7.391 3.062 4 -7.391 3.062 10 -7.702 1.5 10
5 24 -5.543 2.296 10 -5.543 2.296 4 -5.702 1.5 4 -4.243 4.243 4
5 24 -7.391 3.062 10 -7.391 3.062 4 -7.702 1.5 4 -5.657 5.657 4
4 16 -6 0 10 -5.702 1.5 10 -7.702 1.5 10 -8 0 10

2 24 -5.702 -1.5 10 -5.543 -2.296 10
2 24 -7.702 -1.5 10 -7.391 -3.062 10
4 16 -5.702 -1.5 4 -5.543 -2.296 4 -5.543 -2.296 10 -5.702 -1.5 10
1 16 -6.702 -1.5 7 -1 0 0 0 1 0 0 0 -3 rect.dat
4 16 -7.702 -1.5 10 -7.391 -3.062 10 -7.391 -3.062 4 -7.702 -1.5 4
5 24 -5.543 -2.296 10 -5.543 -2.296 4 -5.702 -1.5 4 -4.243 -4.243 4
5 24 -7.391 -3.062 10 -7.391 -3.062 4 -7.702 -1.5 4 -5.657 -5.657 4
4 16 -8 0 10 -7.702 -1.5 10 -5.702 -1.5 10 -6 0 10
1 16 0 0 10 -5.5433 0 2.2961 -2.2961 0 -5.5433 0 -6 0 1-8edge.dat
1 16 0 0 10 -5.5433 0 2.2961 -2.2961 0 -5.5433 0 -6 0 1-8cyli.dat
1 16 0 0 10 -7.391 0 3.0615 -3.0615 0 -7.391 0 -1 0 1-8edge.dat
0 BFC INVERTNEXT
1 16 0 0 10 -7.391 0 3.0615 -3.0615 0 -7.391 0 -6 0 1-8cyli.dat
2 24 -1.5 -5.702 10 -2.296 -5.543 10
2 24 -1.5 -7.702 10 -3.062 -7.391 10
4 16 -1.5 -5.702 10 -2.296 -5.543 10 -2.296 -5.543 4 -1.5 -5.702 4
1 16 -1.5 -6.702 7 0 1 0 -1 0 0 0 0 3 rect.dat
4 16 -1.5 -7.702 4 -3.062 -7.391 4 -3.062 -7.391 10 -1.5 -7.702 10
5 24 -2.296 -5.543 10 -2.296 -5.543 4 -1.5 -5.702 4 -4.243 -4.243 4
5 24 -3.062 -7.391 10 -3.062 -7.391 4 -1.5 -7.702 4 -5.657 -5.657 4
4 16 0 -6 10 -1.5 -5.702 10 -1.5 -7.702 10 0 -8 10

2 24 1.5 -5.702 10 2.296 -5.543 10
2 24 1.5 -7.702 10 3.062 -7.391 10
4 16 1.5 -5.702 4 2.296 -5.543 4 2.296 -5.543 10 1.5 -5.702 10
1 16 1.5 -6.702 7 0 -1 0 -1 0 0 0 0 -3 rect.dat
4 16 1.5 -7.702 10 3.062 -7.391 10 3.062 -7.391 4 1.5 -7.702 4
5 24 2.296 -5.543 10 2.296 -5.543 4 1.5 -5.702 4 4.243 -4.243 4
5 24 3.062 -7.391 10 3.062 -7.391 4 1.5 -7.702 4 5.657 -5.657 4
4 16 0 -8 10 1.5 -7.702 10 1.5 -5.702 10 0 -6 10
1 16 0 0 10 2.2961 0 5.5433 -5.5433 0 2.2961 0 -6 0 1-8edge.dat
1 16 0 0 10 2.2961 0 5.5433 -5.5433 0 2.2961 0 -6 0 1-8cyli.dat
1 16 0 0 10 3.0615 0 7.391 -7.391 0 3.0615 0 -1 0 1-8edge.dat
0 BFC INVERTNEXT
1 16 0 0 10 3.0615 0 7.391 -7.391 0 3.0615 0 -6 0 1-8cyli.dat
2 24 5.702 -1.5 10 5.543 -2.296 10
2 24 7.702 -1.5 10 7.391 -3.062 10
4 16 5.702 -1.5 10 5.543 -2.296 10 5.543 -2.296 4 5.702 -1.5 4
1 16 6.702 -1.5 7 1 0 0 0 1 0 0 0 3 rect.dat
4 16 7.702 -1.5 4 7.391 -3.062 4 7.391 -3.062 10 7.702 -1.5 10
5 24 5.543 -2.296 10 5.543 -2.296 4 5.702 -1.5 4 4.243 -4.243 4
5 24 7.391 -3.062 10 7.391 -3.062 4 7.702 -1.5 4 5.657 -5.657 4
4 16 6 0 10 5.702 -1.5 10 7.702 -1.5 10 8 0 10

1 16 0 0 4 0 0 8 8 0 0 0 -1 0 4-4edge.dat
1 16 0 0 4 0 0 6 6 0 0 0 -1 0 4-4edge.dat
1 16 0 0 4 0 0 2 2 0 0 0 -1 0 4-4ring3.dat
1 16 0 0 0 0 0 4 4 0 0 0 -1 0 4-4edge.dat
0 BFC INVERTNEXT
1 16 0 0 2 4 0 0 0 0 4 0 -2 0 4-4cyli.dat
1 16 0 0 0 0 0 2 2 0 0 0 1 0 4-4ring2.dat
1 16 0 0 2 0 0 8 8 0 0 0 -1 0 4-4edge.dat
1 16 0 0 -2 0 0 8 8 0 0 0 -1 0 4-4edge.dat
1 16 0 0 2 0 0 8 8 0 0 0 -2 0 4-4cyli.dat
1 16 0 0 0 0 0 8 8 0 0 0 -2 0 1-4cyli.dat
1 16 0 0 0 0 0 -8 -8 0 0 0 -2 0 1-4cyli.dat

1 16 0 0 -2 4 0 0 0 0 4 0 -1 0 4-4disc.dat
1 16 4.851 -0.75 -2 -0.1495 0 1 -0.75 0 0 0 -1 0 rect1.dat
1 16 0.75 -4.851 -2 0.75 0 0 0.1495 0 1 0 -1 0 rect1.dat
1 16 -0.75 -4.851 -2 -0.75 0 0 0.1495 0 -1 0 -1 0 rect1.dat
1 16 -4.851 -0.75 -2 0.1495 0 1 -0.75 0 0 0 -1 0 rect1.dat
1 16 -4.851 0.75 -2 0.1495 0 -1 0.75 0 0 0 -1 0 rect1.dat
1 16 -0.75 4.851 -2 -0.75 0 0 -0.1495 0 -1 0 -1 0 rect1.dat
1 16 0.75 4.851 -2 0.75 0 0 -0.1495 0 1 0 -1 0 rect1.dat
1 16 4.851 0.75 -2 -0.1495 0 -1 0.75 0 0 0 -1 0 rect1.dat
2 24 3.701 -1.5 -2 3.695 -1.531 -2
1 16 0 0 -4 3.696 0 -1.531 -1.531 0 -3.696 0 2 0 1-8cylo.dat
2 24 1.531 -3.695 -2 1.5 -3.701 -2
2 24 -1.5 -3.701 -2 -1.531 -3.695 -2
1 16 0 0 -4 -1.531 0 -3.696 -3.696 0 1.531 0 2 0 1-8cylo.dat
2 24 -3.695 -1.531 -2 -3.701 -1.5 -2
2 24 -3.701 1.5 -2 -3.695 1.531 -2
1 16 0 0 -4 -3.696 0 1.531 1.531 0 3.696 0 2 0 1-8cylo.dat
2 24 -1.531 3.695 -2 -1.5 3.701 -2
2 24 1.5 3.701 -2 1.531 3.695 -2
1 16 0 0 -4 1.531 0 3.696 3.696 0 -1.531 0 2 0 1-8cylo.dat
2 24 3.695 1.531 -2 3.701 1.5 -2
2 24 3.701 -1.5 -4 3.695 -1.531 -4
2 24 1.531 -3.695 -4 1.5 -3.701 -4
2 24 -1.5 -3.701 -4 -1.531 -3.695 -4
2 24 -3.695 -1.531 -4 -3.701 -1.5 -4
2 24 -3.701 1.5 -4 -3.695 1.531 -4
2 24 -1.531 3.695 -4 -1.5 3.701 -4
2 24 1.5 3.701 -4 1.531 3.695 -4
2 24 3.695 1.531 -4 3.701 1.5 -4
4 16 3.701 -1.5 -2 3.695 -1.531 -2 3.695 -1.531 -4 3.701 -1.5 -4
5 24 3.695 -1.531 -2 3.695 -1.531 -4 2.828 -2.828 -3 4 0 -3
4 16 1.531 -3.695 -2 1.5 -3.701 -2 1.5 -3.701 -4 1.531 -3.695 -4
5 24 1.531 -3.695 -2 1.531 -3.695 -4 0 -4 -3 2.828 -2.828 -3
4 16 -1.5 -3.701 -2 -1.531 -3.695 -2 -1.531 -3.695 -4 -1.5 -3.701 -4
5 24 -1.531 -3.695 -2 -1.531 -3.695 -4 -2.828 -2.828 -3 0 -4 -3
4 16 -3.695 -1.531 -2 -3.701 -1.5 -2 -3.701 -1.5 -4 -3.695 -1.531 -4
5 24 -3.695 -1.531 -2 -3.695 -1.531 -4 -4 0 -3 -2.828 -2.828 -3
4 16 -3.701 1.5 -2 -3.695 1.531 -2 -3.695 1.531 -4 -3.701 1.5 -4
5 24 -3.695 1.531 -2 -3.695 1.531 -4 -2.828 2.828 -3 -4 0 -3
4 16 -1.531 3.695 -2 -1.5 3.701 -2 -1.5 3.701 -4 -1.531 3.695 -4
5 24 -1.531 3.695 -2 -1.531 3.695 -4 0 4 -3 -2.828 2.828 -3
4 16 1.5 3.701 -2 1.531 3.695 -2 1.531 3.695 -4 1.5 3.701 -4
5 24 1.531 3.695 -2 1.531 3.695 -4 2.828 2.828 -3 0 4 -3
4 16 3.695 1.531 -2 3.701 1.5 -2 3.701 1.5 -4 3.695 1.531 -4
5 24 3.695 1.531 -2 3.695 1.531 -4 4 0 -3 2.828 2.828 -3

1 16 0 0 -2 -5.5433 0 2.2961 2.2961 0 5.5433 0 -11 0 1-8edge.dat
2 24 -5.543 2.296 -2 -5.701 1.5 -2
2 24 -2.296 5.543 -2 -1.5 5.701 -2
4 16 2.296 5.543 -2 5.543 2.296 -2 5.701 1.5 -2 1.5 5.701 -2
1 16 0 0 -2 2.2961 0 5.5433 5.5433 0 -2.2961 0 -11 0 1-8edge.dat
1 16 0 0 -2 5.5433 0 -2.2961 2.2961 0 5.5433 0 11 0 1-8chrd.dat
2 24 2.296 5.543 -2 1.5 5.701 -2
2 24 5.543 2.296 -2 5.701 1.5 -2
4 16 0 8 -2 -0.666 7.867 -2 -0.666 7.867 0 0 8 0
4 16 8 0 0 7.867 -0.666 0 7.867 -0.666 -2 8 0 -2
5 24 0 8 -2 0 8 0 -0.666 7.867 0 3.062 7.391 0
5 24 8 0 -2 8 0 0 7.867 -0.666 0 7.391 3.062 0
1 16 3.601 3.601 -1 4.2665 1 0 -4.2665 1 0 0 0 1 rect.dat
1 16 0 0 0 -3.0615 0 -7.391 7.391 0 -3.0615 0 -1 0 1-8edge.dat
2 24 -0.666 7.867 0 -3.062 7.391 0
2 24 -7.391 3.062 0 -7.867 0.666 0
1 16 0 0 0 -1.8478 0 0.7654 0.7654 0 1.8478 0 1 0 1-8ring3.dat
4 16 0 6 0 -2.296 5.543 0 -3.062 7.391 0 -0.666 7.867 0
4 16 -7.867 0.666 0 -7.391 3.062 0 -5.543 2.296 0 -6 0 0
3 16 1.5 5.701 0 0 6 0 -0.666 7.867 0
3 16 -7.867 0.666 0 -6 0 0 -5.701 -1.5 0
1 16 0 0 -2 -0.7654 0 -1.8479 1.8479 0 -0.7654 0 -1 0 1-8ring3.dat
3 16 -2.296 5.543 -2 -1.5 5.701 -2 -3.062 7.391 -2
3 16 -7.391 3.062 -2 -5.701 1.5 -2 -5.543 2.296 -2
4 16 -0.666 7.867 -2 -3.062 7.391 -2 -1.5 5.701 -2 0 6 -2
4 16 -6 0 -2 -5.701 1.5 -2 -7.391 3.062 -2 -7.867 0.666 -2
3 16 -0.666 7.867 -2 0 6 -2 1.5 5.701 -2
3 16 -5.701 -1.5 -2 -6 0 -2 -7.867 0.666 -2

1 16 0 0 -2 5.5433 0 -2.2961 -2.2961 0 -5.5433 0 -11 0 1-8edge.dat
2 24 5.543 -2.296 -2 5.701 -1.5 -2
2 24 2.296 -5.543 -2 1.5 -5.701 -2
4 16 -2.296 -5.543 -2 -5.543 -2.296 -2 -5.701 -1.5 -2 -1.5 -5.701 -2
1 16 0 0 -2 -2.2961 0 -5.5433 -5.5433 0 2.2961 0 -11 0 1-8edge.dat
1 16 0 0 -2 -5.5433 0 2.2961 -2.2961 0 -5.5433 0 11 0 1-8chrd.dat
2 24 -2.296 -5.543 -2 -1.5 -5.701 -2
2 24 -5.543 -2.296 -2 -5.701 -1.5 -2
4 16 0 -8 -2 0.666 -7.867 -2 0.666 -7.867 0 0 -8 0
4 16 -8 0 0 -7.867 0.666 0 -7.867 0.666 -2 -8 0 -2
5 24 0 -8 -2 0 -8 0 0.666 -7.867 0 -3.062 -7.391 0
5 24 -8 0 -2 -8 0 0 -7.867 0.666 0 -7.391 -3.062 0
1 16 -3.601 -3.601 -1 -4.2665 -1 0 4.2665 -1 0 0 0 1 rect.dat
1 16 0 0 0 3.0615 0 7.391 -7.391 0 3.0615 0 -1 0 1-8edge.dat
2 24 0.666 -7.867 0 3.062 -7.391 0
2 24 7.391 -3.062 0 7.867 -0.666 0
1 16 0 0 0 1.8478 0 -0.7654 -0.7654 0 -1.8478 0 1 0 1-8ring3.dat
4 16 0 -6 0 2.296 -5.543 0 3.062 -7.391 0 0.666 -7.867 0
4 16 7.867 -0.666 0 7.391 -3.062 0 5.543 -2.296 0 6 0 0
3 16 -1.5 -5.701 0 0 -6 0 0.666 -7.867 0
3 16 7.867 -0.666 0 6 0 0 5.701 1.5 0
1 16 0 0 -2 0.7654 0 1.8479 -1.8479 0 0.7654 0 -1 0 1-8ring3.dat
3 16 2.296 -5.543 -2 1.5 -5.701 -2 3.062 -7.391 -2
3 16 7.391 -3.062 -2 5.701 -1.5 -2 5.543 -2.296 -2
4 16 0.666 -7.867 -2 3.062 -7.391 -2 1.5 -5.701 -2 0 -6 -2
4 16 6 0 -2 5.701 -1.5 -2 7.391 -3.062 -2 7.867 -0.666 -2
3 16 0.666 -7.867 -2 0 -6 -2 -1.5 -5.701 -2
3 16 5.701 1.5 -2 6 0 -2 7.867 -0.666 -2

2 24 5.701 -1.5 -2 8.202 -1.5 -4
2 24 3.701 -1.5 -2 3.701 -1.5 -4
2 24 1.5 -3.701 -2 1.5 -3.701 -4
2 24 1.5 -5.701 -2 1.5 -8.202 -4
2 24 -1.5 -5.701 -2 -1.5 -8.202 -4
2 24 -1.5 -3.701 -2 -1.5 -3.701 -4
2 24 -3.701 -1.5 -2 -3.701 -1.5 -4
2 24 -5.701 -1.5 -2 -8.202 -1.5 -4
2 24 -5.701 1.5 -2 -8.202 1.5 -4
2 24 -3.701 1.5 -2 -3.701 1.5 -4
2 24 -1.5 3.701 -2 -1.5 3.701 -4
2 24 -1.5 5.701 -2 -1.5 8.202 -4
2 24 1.5 5.701 -2 1.5 8.202 -4
2 24 1.5 3.701 -2 1.5 3.701 -4
2 24 3.701 1.5 -2 3.701 1.5 -4
2 24 5.701 1.5 -2 8.202 1.5 -4
4 16 8.202 -1.5 -4 7.853 -3.253 -4 5.543 -2.296 -2 5.701 -1.5 -2
5 24 5.543 -2.296 -2 7.853 -3.253 -4 6.01 -6.01 -4 8.5 0 -4
4 16 7.853 -3.253 -4 6.01 -6.01 -4 4.242 -4.242 -2 5.543 -2.296 -2
5 24 4.242 -4.242 -2 6.01 -6.01 -4 3.253 -7.853 -4 7.853 -3.253 -4
4 16 6.01 -6.01 -4 3.253 -7.853 -4 2.296 -5.543 -2 4.242 -4.242 -2
5 24 2.296 -5.543 -2 3.253 -7.853 -4 0 -8.5 -4 6.01 -6.01 -4
4 16 3.253 -7.853 -4 1.5 -8.202 -4 1.5 -5.701 -2 2.296 -5.543 -2
4 16 -1.5 -8.202 -4 -3.253 -7.853 -4 -2.296 -5.543 -2 -1.5 -5.701 -2
5 24 -2.296 -5.543 -2 -3.253 -7.853 -4 -6.01 -6.01 -4 0 -8.5 -4
4 16 -3.253 -7.853 -4 -6.01 -6.01 -4 -4.242 -4.242 -2 -2.296 -5.543 -2
5 24 -4.242 -4.242 -2 -6.01 -6.01 -4 -7.853 -3.253 -4 -3.253 -7.853 -4
4 16 -6.01 -6.01 -4 -7.853 -3.253 -4 -5.543 -2.296 -2 -4.242 -4.242 -2
5 24 -5.543 -2.296 -2 -7.853 -3.253 -4 -8.5 0 -4 -6.01 -6.01 -4
4 16 -7.853 -3.253 -4 -8.202 -1.5 -4 -5.701 -1.5 -2 -5.543 -2.296 -2
4 16 -8.202 1.5 -4 -7.853 3.253 -4 -5.543 2.296 -2 -5.701 1.5 -2
5 24 -5.543 2.296 -2 -7.853 3.253 -4 -6.01 6.01 -4 -8.5 0 -4
4 16 -7.853 3.253 -4 -6.01 6.01 -4 -4.242 4.242 -2 -5.543 2.296 -2
5 24 -4.242 4.242 -2 -6.01 6.01 -4 -3.253 7.853 -4 -7.853 3.253 -4
4 16 -6.01 6.01 -4 -3.253 7.853 -4 -2.296 5.543 -2 -4.242 4.242 -2
5 24 -2.296 5.543 -2 -3.253 7.853 -4 0 8.5 -4 -6.01 6.01 -4
4 16 -3.253 7.853 -4 -1.5 8.202 -4 -1.5 5.701 -2 -2.296 5.543 -2
4 16 1.5 8.202 -4 3.253 7.853 -4 2.296 5.543 -2 1.5 5.701 -2
5 24 2.296 5.543 -2 3.253 7.853 -4 6.01 6.01 -4 0 8.5 -4
4 16 3.253 7.853 -4 6.01 6.01 -4 4.242 4.242 -2 2.296 5.543 -2
5 24 4.242 4.242 -2 6.01 6.01 -4 7.853 3.253 -4 3.253 7.853 -4
4 16 6.01 6.01 -4 7.853 3.253 -4 5.543 2.296 -2 4.242 4.242 -2
5 24 5.543 2.296 -2 7.853 3.253 -4 8.5 0 -4 6.01 6.01 -4
4 16 7.853 3.253 -4 8.202 1.5 -4 5.701 1.5 -2 5.543 2.296 -2
1 16 0 0 -4 4 0 0 0 0 4 0 1 0 4-4disc.dat
4 16 5.701 -1.5 -2 3.701 -1.5 -2 3.701 -1.5 -4 8.202 -1.5 -4
4 16 1.5 -3.701 -2 1.5 -5.701 -2 1.5 -8.202 -4 1.5 -3.701 -4
4 16 -1.5 -5.701 -2 -1.5 -3.701 -2 -1.5 -3.701 -4 -1.5 -8.202 -4
4 16 -3.701 -1.5 -2 -5.701 -1.5 -2 -8.202 -1.5 -4 -3.701 -1.5 -4
4 16 -5.701 1.5 -2 -3.701 1.5 -2 -3.701 1.5 -4 -8.202 1.5 -4
4 16 -1.5 3.701 -2 -1.5 5.701 -2 -1.5 8.202 -4 -1.5 3.701 -4
4 16 1.5 5.701 -2 1.5 3.701 -2 1.5 3.701 -4 1.5 8.202 -4
4 16 3.701 1.5 -2 5.701 1.5 -2 8.202 1.5 -4 3.701 1.5 -4
1 16 6.101 -0.75 -4 -0.149 0 -2.25 -0.75 0 0 0 1 0 rect1.dat
1 16 0.75 -6.101 -4 0.75 0 0 0.1495 0 -2.25 0 1 0 rect1.dat
1 16 -0.75 -6.101 -4 -0.75 0 0 0.149 0 2.25 0 1 0 rect1.dat
1 16 -6.101 -0.75 -4 0.1495 0 -2.25 -0.75 0 0 0 1 0 rect1.dat
1 16 -6.101 0.75 -4 0.149 0 2.25 0.75 0 0 0 1 0 rect1.dat
1 16 -0.75 6.101 -4 -0.75 0 0 -0.1495 0 2.25 0 1 0 rect1.dat
1 16 0.75 6.101 -4 0.75 0 0 -0.149 0 -2.25 0 1 0 rect1.dat
1 16 6.101 0.75 -4 -0.1495 0 2.25 0.75 0 0 0 1 0 rect1.dat

0 BFC INVERTNEXT
1 16 0 0 -4 0 0 8.5 8.5 0 0 0 -6 0 4-4cylo.dat
1 16 0 0 10 0 0 2 2 0 0 0 -1 0 4-4ring4.dat
1 16 0 0 10 0 0 10 10 0 0 0 -6 0 4-4cylo.dat
1 16 0 0 4 0 0 2 2 0 0 0 -2 0 4-4con4.dat
1 16 0 0 -4 0 0 2 2 0 0 0 2 0 4-4con4.dat
1 16 0 0 -4 0 0 10 10 0 0 0 -6 0 4-4cylo.dat
1 16 0 0 -10 0.5 0 0 0 0 0.5 0 1 0 4-4rin17.dat
1 16 0 0 -10 1 0 0 0 0 1 0 1 0 4-4ring9.dat
