0 Wheel Rim  8 x  8 Round Hole for Wheel Holding Pin 
0 Name: 30027a.dat
0 Author: Thomas Burger [grapeape]
0 !LDRAW_ORG Part UPDATE 2012-02
0 !LICENSE Redistributable under CCAL version 2.0 : see CAreadme.txt

0 BFC CERTIFY CCW

0 !HISTORY 1998-02-12 [PTadmin] Official Update 1998-02
0 !HISTORY 1999-05-17 [PTadmin] Official Update 1999-03
0 !HISTORY 2007-05-25 [PTadmin] Header formatted for Contributor Agreement
0 !HISTORY 2008-07-01 [PTadmin] Official Update 2008-01
0 !HISTORY 2008-07-07 [technog] BFC'd and corrected inner details (2006-01-15)
0 !HISTORY 2012-04-26 [PTadmin] Renamed from 30027
0 !HISTORY 2012-04-28 [MagFors] Rotated 90 degrees around Y-axis and centered on Z-axis
0 !HISTORY 2012-08-09 [PTadmin] Official Update 2012-02

0 // Nomenclature: width_(mm) x rim_diameter_(mm) [optional qualifier]

1 16 0 0 10 0 0 4 4 0 0 0 -1 0 4-4edge.dat
1 16 0 0 10 0 0 6 6 0 0 0 -1 0 4-4edge.dat
1 16 0 0 10 0 0 10 10 0 0 0 -1 0 4-4edge.dat
1 16 0 0 10 0 0 8 8 0 0 0 -1 0 4-4edge.dat
1 16 0 0 -10 0 0 10 10 0 0 0 -1 0 4-4edge.dat
1 16 0 0 -10 0 0 8.5 8.5 0 0 0 -1 0 4-4edge.dat
0 // additions
1 16 0 0 4 0 0 10 10 0 0 0 -1 0 4-4edge.dat
1 16 0 0 -4 0 0 10 10 0 0 0 -1 0 4-4edge.dat
1 16 0 0 2 0 0 8 8 0 0 0 -1 0 4-4edge.dat
1 16 0 0 -2 0 0 8 8 0 0 0 -1 0 4-4edge.dat
1 16 0 0 2 0 0 8 8 0 0 0 -4 0 4-4cyli.dat
0 // disks
1 16 0 0 4 0 0 2 2 0 0 0 -2 0 4-4con4.dat
1 16 0 0 -4 0 0 2 2 0 0 0 2 0 4-4con4.dat
0 // inner disk
1 16 0 0 10 0 0 2 2 0 0 0 -1 0 4-4ring2.dat
1 16 0 0 4 0 0 8 8 0 0 0 -1 0 4-4edge.dat
1 16 0 0 4 0 0 2 2 0 0 0 -1 0 4-4ring3.dat
1 16 0 0 4 0 0 6 6 0 0 0 -1 0 4-4edge.dat
1 16 0 0 0 0 0 6 6 0 0 0 -1 0 4-4edge.dat
1 16 0 0 0 0 0 4 4 0 0 0 -1 0 4-4edge.dat
2 24 5.701 -1.5 -2 3.701 -1.5 -2
2 24 3.701 -1.5 -2 3.695 -1.531 -2
1 16 0 0 -2 3.696 0 -1.531 -1.531 0 -3.696 0 1 0 1-8edge.dat
2 24 1.531 -3.695 -2 1.5 -3.701 -2
2 24 1.5 -3.701 -2 1.5 -5.701 -2
2 24 -1.5 -5.701 -2 -1.5 -3.701 -2
2 24 -1.5 -3.701 -2 -1.531 -3.695 -2
1 16 0 0 -2 -1.531 0 -3.696 -3.696 0 1.531 0 1 0 1-8edge.dat
2 24 -3.695 -1.531 -2 -3.701 -1.5 -2
2 24 -3.701 -1.5 -2 -5.701 -1.5 -2
2 24 -5.701 1.5 -2 -3.701 1.5 -2
2 24 -3.701 1.5 -2 -3.695 1.531 -2
1 16 0 0 -2 -3.696 0 1.531 1.531 0 3.696 0 1 0 1-8edge.dat
2 24 -1.531 3.695 -2 -1.5 3.701 -2
2 24 -1.5 3.701 -2 -1.5 5.701 -2
2 24 1.5 5.701 -2 1.5 3.701 -2
2 24 1.5 3.701 -2 1.531 3.695 -2
1 16 0 0 -2 1.531 0 3.696 3.696 0 -1.531 0 1 0 1-8edge.dat
2 24 3.695 1.531 -2 3.701 1.5 -2
2 24 3.701 1.5 -2 5.701 1.5 -2
1 16 0 0 -2 0 0 6 6 0 0 0 -11 0 4-4edge.dat
2 24 8.202 -1.5 -4 3.701 -1.5 -4
2 24 3.701 -1.5 -4 3.695 -1.531 -4
1 16 0 0 -4 3.696 0 -1.531 -1.531 0 -3.696 0 1 0 1-8edge.dat
2 24 1.531 -3.695 -4 1.5 -3.701 -4
2 24 1.5 -3.701 -4 1.5 -8.202 -4
2 24 -1.5 -8.202 -4 -1.5 -3.701 -4
2 24 -1.5 -3.701 -4 -1.531 -3.695 -4
1 16 0 0 -4 -1.531 0 -3.696 -3.696 0 1.531 0 1 0 1-8edge.dat
2 24 -3.695 -1.531 -4 -3.701 -1.5 -4
2 24 -3.701 -1.5 -4 -8.202 -1.5 -4
2 24 -8.202 1.5 -4 -3.701 1.5 -4
2 24 -3.701 1.5 -4 -3.695 1.531 -4
1 16 0 0 -4 -3.696 0 1.531 1.531 0 3.696 0 1 0 1-8edge.dat
2 24 -1.531 3.695 -4 -1.5 3.701 -4
2 24 -1.5 3.701 -4 -1.5 8.202 -4
2 24 1.5 8.202 -4 1.5 3.701 -4
2 24 1.5 3.701 -4 1.531 3.695 -4
1 16 0 0 -4 1.531 0 3.696 3.696 0 -1.531 0 1 0 1-8edge.dat
2 24 3.695 1.531 -4 3.701 1.5 -4
2 24 3.701 1.5 -4 8.202 1.5 -4
2 24 5.701 -1.5 -2 8.202 -1.5 -4
2 24 3.701 -1.5 -2 3.701 -1.5 -4
2 24 1.5 -3.701 -2 1.5 -3.701 -4
2 24 1.5 -5.701 -2 1.5 -8.202 -4
2 24 -1.5 -5.701 -2 -1.5 -8.202 -4
2 24 -1.5 -3.701 -2 -1.5 -3.701 -4
2 24 -3.701 -1.5 -2 -3.701 -1.5 -4
2 24 -5.701 -1.5 -2 -8.202 -1.5 -4
2 24 -5.701 1.5 -2 -8.202 1.5 -4
2 24 -3.701 1.5 -2 -3.701 1.5 -4
2 24 -1.5 3.701 -2 -1.5 3.701 -4
2 24 -1.5 5.701 -2 -1.5 8.202 -4
2 24 1.5 5.701 -2 1.5 8.202 -4
2 24 1.5 3.701 -2 1.5 3.701 -4
2 24 3.701 1.5 -2 3.701 1.5 -4
2 24 5.701 1.5 -2 8.202 1.5 -4
1 16 0 0 -4 0 0 8.5 8.5 0 0 0 -1 0 4-4edge.dat
1 16 0 0 0 0 0 2 2 0 0 0 1 0 4-4ring2.dat
1 16 0 0 -2 4 0 0 0 0 4 0 -1 0 4-4disc.dat
4 16 4 0 -2 3.701 -1.5 -2 5.701 -1.5 -2 6 0 -2
4 16 1.5 -3.701 -2 0 -4 -2 0 -6 -2 1.5 -5.701 -2
4 16 0 -4 -2 -1.5 -3.701 -2 -1.5 -5.701 -2 0 -6 -2
4 16 -3.701 -1.5 -2 -4 0 -2 -6 0 -2 -5.701 -1.5 -2
4 16 -4 0 -2 -3.701 1.5 -2 -5.701 1.5 -2 -6 0 -2
4 16 -1.5 3.701 -2 0 4 -2 0 6 -2 -1.5 5.701 -2
4 16 0 4 -2 1.5 3.701 -2 1.5 5.701 -2 0 6 -2
4 16 3.701 1.5 -2 4 0 -2 6 0 -2 5.701 1.5 -2
4 16 8.202 -1.5 -4 7.853 -3.253 -4 5.543 -2.296 -2 5.701 -1.5 -2
5 24 5.543 -2.296 -2 7.853 -3.253 -4 6.01 -6.01 -4 8.5 0 -4
4 16 7.853 -3.253 -4 6.01 -6.01 -4 4.242 -4.242 -2 5.543 -2.296 -2
5 24 4.242 -4.242 -2 6.01 -6.01 -4 3.253 -7.853 -4 7.853 -3.253 -4
4 16 6.01 -6.01 -4 3.253 -7.853 -4 2.296 -5.543 -2 4.242 -4.242 -2
5 24 2.296 -5.543 -2 3.253 -7.853 -4 0 -8.5 -4 6.01 -6.01 -4
4 16 3.253 -7.853 -4 1.5 -8.202 -4 1.5 -5.701 -2 2.296 -5.543 -2
4 16 -1.5 -8.202 -4 -3.253 -7.853 -4 -2.296 -5.543 -2 -1.5 -5.701 -2
5 24 -2.296 -5.543 -2 -3.253 -7.853 -4 -6.01 -6.01 -4 0 -8.5 -4
4 16 -3.253 -7.853 -4 -6.01 -6.01 -4 -4.242 -4.242 -2 -2.296 -5.543 -2
5 24 -4.242 -4.242 -2 -6.01 -6.01 -4 -7.853 -3.253 -4 -3.253 -7.853 -4
4 16 -6.01 -6.01 -4 -7.853 -3.253 -4 -5.543 -2.296 -2 -4.242 -4.242 -2
5 24 -5.543 -2.296 -2 -7.853 -3.253 -4 -8.5 0 -4 -6.01 -6.01 -4
4 16 -7.853 -3.253 -4 -8.202 -1.5 -4 -5.701 -1.5 -2 -5.543 -2.296 -2
4 16 -8.202 1.5 -4 -7.853 3.253 -4 -5.543 2.296 -2 -5.701 1.5 -2
5 24 -5.543 2.296 -2 -7.853 3.253 -4 -6.01 6.01 -4 -8.5 0 -4
4 16 -7.853 3.253 -4 -6.01 6.01 -4 -4.242 4.242 -2 -5.543 2.296 -2
5 24 -4.242 4.242 -2 -6.01 6.01 -4 -3.253 7.853 -4 -7.853 3.253 -4
4 16 -6.01 6.01 -4 -3.253 7.853 -4 -2.296 5.543 -2 -4.242 4.242 -2
5 24 -2.296 5.543 -2 -3.253 7.853 -4 0 8.5 -4 -6.01 6.01 -4
4 16 -3.253 7.853 -4 -1.5 8.202 -4 -1.5 5.701 -2 -2.296 5.543 -2
4 16 1.5 8.202 -4 3.253 7.853 -4 2.296 5.543 -2 1.5 5.701 -2
5 24 2.296 5.543 -2 3.253 7.853 -4 6.01 6.01 -4 0 8.5 -4
4 16 3.253 7.853 -4 6.01 6.01 -4 4.242 4.242 -2 2.296 5.543 -2
5 24 4.242 4.242 -2 6.01 6.01 -4 7.853 3.253 -4 3.253 7.853 -4
4 16 6.01 6.01 -4 7.853 3.253 -4 5.543 2.296 -2 4.242 4.242 -2
5 24 5.543 2.296 -2 7.853 3.253 -4 8.5 0 -4 6.01 6.01 -4
4 16 7.853 3.253 -4 8.202 1.5 -4 5.701 1.5 -2 5.543 2.296 -2
1 16 0 0 -4 4 0 0 0 0 4 0 1 0 4-4disc.dat
4 16 8.5 0 -4 8.202 -1.5 -4 3.701 -1.5 -4 4 0 -4
4 16 1.5 -8.202 -4 0 -8.5 -4 0 -4 -4 1.5 -3.701 -4
4 16 0 -8.5 -4 -1.5 -8.202 -4 -1.5 -3.701 -4 0 -4 -4
4 16 -8.202 -1.5 -4 -8.5 0 -4 -4 0 -4 -3.701 -1.5 -4
4 16 -8.5 0 -4 -8.202 1.5 -4 -3.701 1.5 -4 -4 0 -4
4 16 -1.5 8.202 -4 0 8.5 -4 0 4 -4 -1.5 3.701 -4
4 16 0 8.5 -4 1.5 8.202 -4 1.5 3.701 -4 0 4 -4
4 16 8.202 1.5 -4 8.5 0 -4 4 0 -4 3.701 1.5 -4
4 16 3.701 -1.5 -2 3.695 -1.531 -2 3.695 -1.531 -4 3.701 -1.5 -4
1 16 0 0 -2 1.531 0 3.696 -3.696 0 1.531 0 -2 0 1-8cyli.dat
5 24 3.695 -1.531 -2 3.695 -1.531 -4 2.828 -2.828 -3 4 0 -3
4 16 1.531 -3.695 -2 1.5 -3.701 -2 1.5 -3.701 -4 1.531 -3.695 -4
5 24 1.531 -3.695 -2 1.531 -3.695 -4 0 -4 -3 2.828 -2.828 -3
4 16 -1.5 -3.701 -2 -1.531 -3.695 -2 -1.531 -3.695 -4 -1.5 -3.701 -4
1 16 0 0 -2 -3.696 0 1.531 -1.531 0 -3.696 0 -2 0 1-8cyli.dat
5 24 -1.531 -3.695 -2 -1.531 -3.695 -4 -2.828 -2.828 -3 0 -4 -3
4 16 -3.695 -1.531 -2 -3.701 -1.5 -2 -3.701 -1.5 -4 -3.695 -1.531 -4
5 24 -3.695 -1.531 -2 -3.695 -1.531 -4 -4 0 -3 -2.828 -2.828 -3
4 16 -3.701 1.5 -2 -3.695 1.531 -2 -3.695 1.531 -4 -3.701 1.5 -4
1 16 0 0 -2 -1.531 0 -3.696 3.696 0 -1.531 0 -2 0 1-8cyli.dat
5 24 -3.695 1.531 -2 -3.695 1.531 -4 -2.828 2.828 -3 -4 0 -3
4 16 -1.531 3.695 -2 -1.5 3.701 -2 -1.5 3.701 -4 -1.531 3.695 -4
5 24 -1.531 3.695 -2 -1.531 3.695 -4 0 4 -3 -2.828 2.828 -3
4 16 1.5 3.701 -2 1.531 3.695 -2 1.531 3.695 -4 1.5 3.701 -4
1 16 0 0 -2 3.696 0 -1.531 1.531 0 3.696 0 -2 0 1-8cyli.dat
5 24 1.531 3.695 -2 1.531 3.695 -4 2.828 2.828 -3 0 4 -3
4 16 3.695 1.531 -2 3.701 1.5 -2 3.701 1.5 -4 3.695 1.531 -4
5 24 3.695 1.531 -2 3.695 1.531 -4 4 0 -3 2.828 2.828 -3
4 16 5.701 -1.5 -2 3.701 -1.5 -2 3.701 -1.5 -4 8.202 -1.5 -4
4 16 1.5 -3.701 -2 1.5 -5.701 -2 1.5 -8.202 -4 1.5 -3.701 -4
4 16 -1.5 -5.701 -2 -1.5 -3.701 -2 -1.5 -3.701 -4 -1.5 -8.202 -4
4 16 -3.701 -1.5 -2 -5.701 -1.5 -2 -8.202 -1.5 -4 -3.701 -1.5 -4
4 16 -5.701 1.5 -2 -3.701 1.5 -2 -3.701 1.5 -4 -8.202 1.5 -4
4 16 -1.5 3.701 -2 -1.5 5.701 -2 -1.5 8.202 -4 -1.5 3.701 -4
4 16 1.5 5.701 -2 1.5 3.701 -2 1.5 3.701 -4 1.5 8.202 -4
4 16 3.701 1.5 -2 5.701 1.5 -2 8.202 1.5 -4 3.701 1.5 -4
0 BFC INVERTNEXT
1 16 0 0 10 0 0 4 4 0 0 0 -10 0 4-4cyli.dat
1 16 0 0 10 0 0 6 6 0 0 0 -6 0 4-4cyli.dat
0 BFC INVERTNEXT
1 16 0 0 0 0 0 6 6 0 0 0 -2 0 4-4cyli.dat
0 BFC INVERTNEXT
1 16 0 0 10 0 0 8 8 0 0 0 -6 0 4-4cyli.dat
0 BFC INVERTNEXT
1 16 0 0 -4 0 0 8.5 8.5 0 0 0 -6 0 4-4cyli.dat
1 16 0 0 10 0 0 10 10 0 0 0 -6 0 4-4cyli.dat
1 16 0 0 -4 0 0 10 10 0 0 0 -6 0 4-4cyli.dat
0 // side edges
1 16 0 0 -10 0.5 0 0 0 0 0.5 0 1 0 4-4rin17.dat
1 16 0 0 -10 1 0 0 0 0 1 0 1 0 4-4ring9.dat
1 16 0 0 10 0 0 2 2 0 0 0 -1 0 4-4ring4.dat
