0 Arm Piece with Towball and Clip
0 Name: 30082.dat
0 Author: Steve Bliss [sbliss]
0 !LDRAW_ORG Part UPDATE 1999-05
0 !LICENSE Redistributable under CCAL version 2.0 : see CAreadme.txt

0 !KEYWORDS claw, hand, towball, bendy-arm, submarine, robot, divers
0 !KEYWORDS outback, clip, grab

0 !HISTORY 1999-07-05 [PTadmin] Official Update 1999-05
0 !HISTORY 2007-10-12 [PTadmin] Header formatted for Contributor Agreement
0 !HISTORY 2008-07-01 [PTadmin] Official Update 2008-01

1 16 0 0 4.255 4 0 0 0 0 4 0 1 0 4-4edge.dat
1 16 0 0 -2.997 4 0 0 0 0 4 0 7.252 0 4-4cyli.dat
1 16 0 0 -2.997 4 0 0 0 0 -4 0 -1.414 0 1-4cyls2.dat
1 16 0 0 -2.997 -4 0 0 0 0 -4 0 -1.414 0 1-4cyls2.dat
1 16 0 0 -2.997 -4 0 0 0 0 4 0 -1.414 0 1-4cyls2.dat
1 16 0 0 -2.997 4 0 0 0 0 4 0 -1.414 0 1-4cyls2.dat
0 Inlined:1 16 0 0 -10 1 0 0 0 1 0 0 0 1 towhook.dat
2 24 6.47 -4 -12.68 7.003 -4 -10
2 24 6.47 4 -12.68 7.003 4 -10
4 16 6.47 -4 -12.68 6.47 4 -12.68 7.003 4 -10 7.003 -4 -10
2 24 7.003 -4 -10 6.47 -4 -7.32
2 24 7.003 4 -10 6.47 4 -7.32
4 16 7.003 -4 -10 7.003 4 -10 6.47 4 -7.32 6.47 -4 -7.32
2 24 6.47 -4 -7.32 4.952 -4 -5.048
2 24 6.47 4 -7.32 4.952 4 -5.048
4 16 6.47 -4 -7.32 6.47 4 -7.32 4.952 4 -5.048 4.952 -4 -5.048
2 24 4.952 -4 -5.048 2.68 -4 -3.53
2 24 4.952 4 -5.048 2.68 4 -3.53
4 16 4.952 -4 -5.048 4.952 4 -5.048 2.68 4 -3.53 2.68 -4 -3.53
2 24 2.68 -4 -3.53 0 -4 -2.997
2 24 2.68 4 -3.53 0 4 -2.997
4 16 2.68 -4 -3.53 2.68 4 -3.53 0 4 -2.997 0 -4 -2.997
2 24 0 -4 -2.997 -2.68 -4 -3.53
2 24 0 4 -2.997 -2.68 4 -3.53
4 16 0 -4 -2.997 0 4 -2.997 -2.68 4 -3.53 -2.68 -4 -3.53
2 24 -2.68 -4 -3.53 -4.952 -4 -5.048
2 24 -2.68 4 -3.53 -4.952 4 -5.048
4 16 -2.68 -4 -3.53 -2.68 4 -3.53 -4.952 4 -5.048 -4.952 -4 -5.048
2 24 -4.952 -4 -5.048 -6.47 -4 -7.32
2 24 -4.952 4 -5.048 -6.47 4 -7.32
4 16 -4.952 -4 -5.048 -4.952 4 -5.048 -6.47 4 -7.32 -6.47 -4 -7.32
2 24 -6.47 -4 -7.32 -7.003 -4 -10
2 24 -6.47 4 -7.32 -7.003 4 -10
4 16 -6.47 -4 -7.32 -6.47 4 -7.32 -7.003 4 -10 -7.003 -4 -10
2 24 -7.003 -4 -10 -6.47 -4 -12.68
2 24 -7.003 4 -10 -6.47 4 -12.68
4 16 -7.003 -4 -10 -7.003 4 -10 -6.47 4 -12.68 -6.47 -4 -12.68
2 24 3.7 -4 -11.534 4.004 -4 -10
2 24 3.7 4 -11.534 4.004 4 -10
4 16 3.7 -4 -11.534 3.7 4 -11.534 4.004 4 -10 4.004 -4 -10
2 24 4.004 -4 -10 3.698 -4 -8.466
2 24 4.004 4 -10 3.698 4 -8.466
4 16 4.004 -4 -10 4.004 4 -10 3.698 4 -8.466 3.698 -4 -8.466
2 24 3.698 -4 -8.466 2.83 -4 -7.167
2 24 3.698 4 -8.466 2.83 4 -7.167
4 16 3.698 -4 -8.466 3.698 4 -8.466 2.83 4 -7.167 2.83 -4 -7.167
2 24 2.83 -4 -7.167 1.534 -4 -6.302
2 24 2.83 4 -7.167 1.534 4 -6.302
4 16 2.83 -4 -7.167 2.83 4 -7.167 1.534 4 -6.302 1.534 -4 -6.302
2 24 1.534 -4 -6.302 1.112 -4 -5.573
2 24 1.534 4 -6.302 1.112 4 -5.573
4 16 1.534 -4 -6.302 1.534 4 -6.302 1.112 4 -5.573 1.112 -4 -5.573
2 24 1.112 -4 -5.573 1.047 -4 -4.991
2 24 1.112 4 -5.573 1.047 4 -4.991
4 16 1.112 -4 -5.573 1.112 4 -5.573 1.047 4 -4.991 1.047 -4 -4.991
2 24 1.047 -4 -4.991 1 -4 -4.2
2 24 1.047 4 -4.991 1 4 -4.2
4 16 1.047 -4 -4.991 1.047 4 -4.991 1 4 -4.2 1 -4 -4.2
1 16 0 -4 -4.2 1 0 0 0 1 0 0 0 1 2-4EDGE.DAT
1 16 0 4 -4.2 1 0 0 0 1 0 0 0 1 2-4EDGE.DAT
1 16 0 -4 -4.2 1 0 0 0 8 0 0 0 1 2-4CYLI.DAT
2 24 -1.047 -4 -4.991 -1 -4 -4.2
2 24 -1.047 4 -4.991 -1 4 -4.2
4 16 -1.047 -4 -4.991 -1.047 4 -4.991 -1 4 -4.2 -1 -4 -4.2
2 24 -1.112 -4 -5.573 -1.047 -4 -4.991
2 24 -1.112 4 -5.573 -1.047 4 -4.991
4 16 -1.112 -4 -5.573 -1.112 4 -5.573 -1.047 4 -4.991 -1.047 -4 -4.991
2 24 -1.534 -4 -6.302 -1.112 -4 -5.573
2 24 -1.534 4 -6.302 -1.112 4 -5.573
4 16 -1.534 -4 -6.302 -1.534 4 -6.302 -1.112 4 -5.573 -1.112 -4 -5.573
2 24 -1.534 -4 -6.302 -2.83 -4 -7.167
2 24 -1.534 4 -6.302 -2.83 4 -7.167
4 16 -1.534 -4 -6.302 -1.534 4 -6.302 -2.83 4 -7.167 -2.83 -4 -7.167
2 24 -2.83 -4 -7.167 -3.698 -4 -8.466
2 24 -2.83 4 -7.167 -3.698 4 -8.466
4 16 -2.83 -4 -7.167 -2.83 4 -7.167 -3.698 4 -8.466 -3.698 -4 -8.466
2 24 -3.698 -4 -8.466 -4.004 -4 -10
2 24 -3.698 4 -8.466 -4.004 4 -10
4 16 -3.698 -4 -8.466 -3.698 4 -8.466 -4.004 4 -10 -4.004 -4 -10
2 24 -4.004 -4 -10 -3.7 -4 -11.534
2 24 -4.004 4 -10 -3.7 4 -11.534
4 16 -4.004 -4 -10 -4.004 4 -10 -3.7 4 -11.534 -3.7 -4 -11.534
2 24 6.47 -4 -12.68 6.137 -4 -13.165
2 24 6.47 4 -12.68 6.137 4 -13.165
4 16 6.47 -4 -12.68 6.47 4 -12.68 6.137 4 -13.165 6.137 -4 -13.165
2 24 6.137 -4 -13.165 5.653 -4 -13.489
2 24 6.137 4 -13.165 5.653 4 -13.489
4 16 6.137 -4 -13.165 6.137 4 -13.165 5.653 4 -13.489 5.653 -4 -13.489
2 24 5.653 -4 -13.489 5.082 -4 -13.603
2 24 5.653 4 -13.489 5.082 4 -13.603
4 16 5.653 -4 -13.489 5.653 4 -13.489 5.082 4 -13.603 5.082 -4 -13.603
2 24 5.082 -4 -13.603 4.51 -4 -13.49
2 24 5.082 4 -13.603 4.51 4 -13.49
4 16 5.082 -4 -13.603 5.082 4 -13.603 4.51 4 -13.49 4.51 -4 -13.49
2 24 4.51 -4 -13.49 4.025 -4 -13.167
2 24 4.51 4 -13.49 4.025 4 -13.167
4 16 4.51 -4 -13.49 4.51 4 -13.49 4.025 4 -13.167 4.025 -4 -13.167
2 24 4.025 -4 -13.167 3.701 -4 -12.683
2 24 4.025 4 -13.167 3.701 4 -12.683
4 16 4.025 -4 -13.167 4.025 4 -13.167 3.701 4 -12.683 3.701 -4 -12.683
2 24 3.701 -4 -12.683 3.587 -4 -12.112
2 24 3.701 4 -12.683 3.587 4 -12.112
4 16 3.701 -4 -12.683 3.701 4 -12.683 3.587 4 -12.112 3.587 -4 -12.112
2 24 3.587 -4 -12.112 3.7 -4 -11.534
2 24 3.587 4 -12.112 3.7 4 -11.534
4 16 3.587 -4 -12.112 3.587 4 -12.112 3.7 4 -11.534 3.7 -4 -11.534
2 24 -3.7 -4 -11.534 -3.587 -4 -12.112
2 24 -3.7 4 -11.534 -3.587 4 -12.112
4 16 -3.7 -4 -11.534 -3.7 4 -11.534 -3.587 4 -12.112 -3.587 -4 -12.112
2 24 -3.587 -4 -12.112 -3.701 -4 -12.683
2 24 -3.587 4 -12.112 -3.701 4 -12.683
4 16 -3.587 -4 -12.112 -3.587 4 -12.112 -3.701 4 -12.683 -3.701 -4 -12.683
2 24 -3.701 -4 -12.683 -4.025 -4 -13.167
2 24 -3.701 4 -12.683 -4.025 4 -13.167
4 16 -3.701 -4 -12.683 -3.701 4 -12.683 -4.025 4 -13.167 -4.025 -4 -13.167
2 24 -4.025 -4 -13.167 -4.51 -4 -13.49
2 24 -4.025 4 -13.167 -4.51 4 -13.49
4 16 -4.025 -4 -13.167 -4.025 4 -13.167 -4.51 4 -13.49 -4.51 -4 -13.49
2 24 -4.51 -4 -13.49 -5.082 -4 -13.603
2 24 -4.51 4 -13.49 -5.082 4 -13.603
4 16 -4.51 -4 -13.49 -4.51 4 -13.49 -5.082 4 -13.603 -5.082 -4 -13.603
2 24 -5.082 -4 -13.603 -5.653 -4 -13.489
2 24 -5.082 4 -13.603 -5.653 4 -13.489
4 16 -5.082 -4 -13.603 -5.082 4 -13.603 -5.653 4 -13.489 -5.653 -4 -13.489
2 24 -5.653 -4 -13.489 -6.137 -4 -13.165
2 24 -5.653 4 -13.489 -6.137 4 -13.165
4 16 -5.653 -4 -13.489 -5.653 4 -13.489 -6.137 4 -13.165 -6.137 -4 -13.165
2 24 -6.137 -4 -13.165 -6.47 -4 -12.68
2 24 -6.137 4 -13.165 -6.47 4 -12.68
4 16 -6.137 -4 -13.165 -6.137 4 -13.165 -6.47 4 -12.68 -6.47 -4 -12.68
1 16 0 -4 -4.2 1 0 0 0 1 0 0 0 1 2-4NDIS.DAT
1 16 0 4 -4.2 1 0 0 0 1 0 0 0 1 2-4NDIS.DAT
3 16 0 -4 -2.997 1.021 -4 -3.2 -1.021 -4 -3.2
3 16 0 4 -2.997 1.021 4 -3.2 -1.021 4 -3.2
4 16 5.653 -4 -13.489 5.082 -4 -13.603 4.51 -4 -13.49 4.025 -4 -13.167
4 16 -5.653 -4 -13.489 -5.082 -4 -13.603 -4.51 -4 -13.49 -4.025 -4 -13.167
4 16 5.653 4 -13.489 5.082 4 -13.603 4.51 4 -13.49 4.025 4 -13.167
4 16 -5.653 4 -13.489 -5.082 4 -13.603 -4.51 4 -13.49 -4.025 4 -13.167
4 16 6.137 -4 -13.165 5.653 -4 -13.489 4.025 -4 -13.167 3.701 -4 -12.683
4 16 -6.137 -4 -13.165 -5.653 -4 -13.489 -4.025 -4 -13.167 -3.701 -4 -12.683
4 16 6.137 4 -13.165 5.653 4 -13.489 4.025 4 -13.167 3.701 4 -12.683
4 16 -6.137 4 -13.165 -5.653 4 -13.489 -4.025 4 -13.167 -3.701 4 -12.683
4 16 6.47 -4 -12.68 6.137 -4 -13.165 3.701 -4 -12.683 3.587 -4 -12.112
4 16 -6.47 -4 -12.68 -6.137 -4 -13.165 -3.701 -4 -12.683 -3.587 -4 -12.112
4 16 6.47 4 -12.68 6.137 4 -13.165 3.701 4 -12.683 3.587 4 -12.112
4 16 -6.47 4 -12.68 -6.137 4 -13.165 -3.701 4 -12.683 -3.587 4 -12.112
4 16 6.47 -4 -12.68 7.003 -4 -10 3.587 -4 -12.112 3.7 -4 -11.534
4 16 -6.47 -4 -12.68 -7.003 -4 -10 -3.587 -4 -12.112 -3.7 -4 -11.534
4 16 6.47 4 -12.68 7.003 4 -10 3.587 4 -12.112 3.7 4 -11.534
4 16 -6.47 4 -12.68 -7.003 4 -10 -3.587 4 -12.112 -3.7 4 -11.534
3 16 7.003 -4 -10 4.004 -4 -10 3.7 -4 -11.534
3 16 -7.003 -4 -10 -4.004 -4 -10 -3.7 -4 -11.534
3 16 7.003 4 -10 4.004 4 -10 3.7 4 -11.534
3 16 -7.003 4 -10 -4.004 4 -10 -3.7 4 -11.534
4 16 7.003 -4 -10 6.47 -4 -7.32 4.004 -4 -10 3.698 -4 -8.466
4 16 -7.003 -4 -10 -6.47 -4 -7.32 -4.004 -4 -10 -3.698 -4 -8.466
4 16 7.003 4 -10 6.47 4 -7.32 4.004 4 -10 3.698 4 -8.466
4 16 -7.003 4 -10 -6.47 4 -7.32 -4.004 4 -10 -3.698 4 -8.466
4 16 6.47 -4 -7.32 4.952 -4 -5.048 3.698 -4 -8.466 2.83 -4 -7.167
4 16 -6.47 -4 -7.32 -4.952 -4 -5.048 -3.698 -4 -8.466 -2.83 -4 -7.167
4 16 6.47 4 -7.32 4.952 4 -5.048 3.698 4 -8.466 2.83 4 -7.167
4 16 -6.47 4 -7.32 -4.952 4 -5.048 -3.698 4 -8.466 -2.83 4 -7.167
4 16 4.952 -4 -5.048 2.68 -4 -3.53 2.83 -4 -7.167 1.534 -4 -6.302
4 16 -4.952 -4 -5.048 -2.68 -4 -3.53 -2.83 -4 -7.167 -1.534 -4 -6.302
4 16 4.952 4 -5.048 2.68 4 -3.53 2.83 4 -7.167 1.534 4 -6.302
4 16 -4.952 4 -5.048 -2.68 4 -3.53 -2.83 4 -7.167 -1.534 4 -6.302
4 16 2.68 -4 -3.53 1.534 -4 -6.302 1.112 -4 -5.573 1.047 -4 -4.991
4 16 -2.68 -4 -3.53 -1.534 -4 -6.302 -1.112 -4 -5.573 -1.047 -4 -4.991
4 16 2.68 4 -3.53 1.534 4 -6.302 1.112 4 -5.573 1.047 4 -4.991
4 16 -2.68 4 -3.53 -1.534 4 -6.302 -1.112 4 -5.573 -1.047 4 -4.991
4 16 2.68 -4 -3.53 1.047 -4 -4.991 1 -4 -4.2 1.021 -4 -3.2
4 16 -2.68 -4 -3.53 -1.047 -4 -4.991 -1 -4 -4.2 -1.021 -4 -3.2
4 16 2.68 4 -3.53 1.047 4 -4.991 1 4 -4.2 1.021 4 -3.2
4 16 -2.68 4 -3.53 -1.047 4 -4.991 -1 4 -4.2 -1.021 4 -3.2
4 16 5.653 -4 -13.489 5.082 -4 -13.603 4.51 -4 -13.49 4.025 -4 -13.167
4 16 -5.653 -4 -13.489 -5.082 -4 -13.603 -4.51 -4 -13.49 -4.025 -4 -13.167
4 16 5.653 4 -13.489 5.082 4 -13.603 4.51 4 -13.49 4.025 4 -13.167
4 16 -5.653 4 -13.489 -5.082 4 -13.603 -4.51 4 -13.49 -4.025 4 -13.167
4 16 6.137 -4 -13.165 5.653 -4 -13.489 4.025 -4 -13.167 3.701 -4 -12.683
4 16 -6.137 -4 -13.165 -5.653 -4 -13.489 -4.025 -4 -13.167 -3.701 -4 -12.683
4 16 6.137 4 -13.165 5.653 4 -13.489 4.025 4 -13.167 3.701 4 -12.683
4 16 -6.137 4 -13.165 -5.653 4 -13.489 -4.025 4 -13.167 -3.701 4 -12.683
4 16 6.47 -4 -12.68 6.137 -4 -13.165 3.701 -4 -12.683 3.587 -4 -12.112
4 16 -6.47 -4 -12.68 -6.137 -4 -13.165 -3.701 -4 -12.683 -3.587 -4 -12.112
4 16 6.47 4 -12.68 6.137 4 -13.165 3.701 4 -12.683 3.587 4 -12.112
4 16 -6.47 4 -12.68 -6.137 4 -13.165 -3.701 4 -12.683 -3.587 4 -12.112
4 16 6.47 -4 -12.68 7.003 -4 -10 3.587 -4 -12.112 3.7 -4 -11.534
4 16 -6.47 -4 -12.68 -7.003 -4 -10 -3.587 -4 -12.112 -3.7 -4 -11.534
4 16 6.47 4 -12.68 7.003 4 -10 3.587 4 -12.112 3.7 4 -11.534
4 16 -6.47 4 -12.68 -7.003 4 -10 -3.587 4 -12.112 -3.7 4 -11.534
3 16 7.003 -4 -10 4.004 -4 -10 3.7 -4 -11.534
3 16 -7.003 -4 -10 -4.004 -4 -10 -3.7 -4 -11.534
3 16 7.003 4 -10 4.004 4 -10 3.7 4 -11.534
3 16 -7.003 4 -10 -4.004 4 -10 -3.7 4 -11.534
4 16 7.003 -4 -10 6.47 -4 -7.32 4.004 -4 -10 3.698 -4 -8.466
4 16 -7.003 -4 -10 -6.47 -4 -7.32 -4.004 -4 -10 -3.698 -4 -8.466
4 16 7.003 4 -10 6.47 4 -7.32 4.004 4 -10 3.698 4 -8.466
4 16 -7.003 4 -10 -6.47 4 -7.32 -4.004 4 -10 -3.698 4 -8.466
4 16 6.47 -4 -7.32 4.952 -4 -5.048 3.698 -4 -8.466 2.83 -4 -7.167
4 16 -6.47 -4 -7.32 -4.952 -4 -5.048 -3.698 -4 -8.466 -2.83 -4 -7.167
4 16 6.47 4 -7.32 4.952 4 -5.048 3.698 4 -8.466 2.83 4 -7.167
4 16 -6.47 4 -7.32 -4.952 4 -5.048 -3.698 4 -8.466 -2.83 4 -7.167
4 16 4.952 -4 -5.048 2.68 -4 -3.53 2.83 -4 -7.167 1.534 -4 -6.302
4 16 -4.952 -4 -5.048 -2.68 -4 -3.53 -2.83 -4 -7.167 -1.534 -4 -6.302
4 16 4.952 4 -5.048 2.68 4 -3.53 2.83 4 -7.167 1.534 4 -6.302
4 16 -4.952 4 -5.048 -2.68 4 -3.53 -2.83 4 -7.167 -1.534 4 -6.302
4 16 2.68 -4 -3.53 1.534 -4 -6.302 1.112 -4 -5.573 1.047 -4 -4.991
4 16 -2.68 -4 -3.53 -1.534 -4 -6.302 -1.112 -4 -5.573 -1.047 -4 -4.991
4 16 2.68 4 -3.53 1.534 4 -6.302 1.112 4 -5.573 1.047 4 -4.991
4 16 -2.68 4 -3.53 -1.534 4 -6.302 -1.112 4 -5.573 -1.047 4 -4.991
4 16 2.68 -4 -3.53 1.047 -4 -4.991 1 -4 -4.2 1.021 -4 -3.2
4 16 -2.68 -4 -3.53 -1.047 -4 -4.991 -1 -4 -4.2 -1.021 -4 -3.2
4 16 2.68 4 -3.53 1.047 4 -4.991 1 4 -4.2 1.021 4 -3.2
4 16 -2.68 4 -3.53 -1.047 4 -4.991 -1 4 -4.2 -1.021 4 -3.2
5 24 1 -4 -4.2 1 4 -4.2 0.924 -4 -3.817 1.047 -4 -4.991
5 24 -1 -4 -4.2 -1 4 -4.2 -0.924 -4 -3.817 -1.047 -4 -4.991
5 24 1.047 -4 -4.991 1.047 4 -4.991 1 -4 -4.2 1.112 -4 -5.573
5 24 -1.047 -4 -4.991 -1.047 4 -4.991 -1 -4 -4.2 -1.112 -4 -5.573
5 24 1.112 -4 -5.573 1.112 4 -5.573 1.047 -4 -4.991 1.534 -4 -6.302
5 24 -1.112 -4 -5.573 -1.112 4 -5.573 -1.047 -4 -4.991 -1.534 -4 -6.302
5 24 1.534 -4 -6.302 1.534 4 -6.302 1.112 -4 -5.573 2.83 -4 -7.167
5 24 -1.534 -4 -6.302 -1.534 4 -6.302 -1.112 -4 -5.573 -2.83 -4 -7.167
5 24 2.83 -4 -7.167 2.83 4 -7.167 1.534 -4 -6.302 3.698 -4 -8.466
5 24 -2.83 -4 -7.167 -2.83 4 -7.167 -1.534 -4 -6.302 -3.698 -4 -8.466
5 24 3.698 -4 -8.466 3.698 4 -8.466 2.83 -4 -7.167 4.004 -4 -10
5 24 -3.698 -4 -8.466 -3.698 4 -8.466 -2.83 -4 -7.167 -4.004 -4 -10
5 24 4.004 -4 -10 4.004 4 -10 3.698 -4 -8.466 3.7 -4 -11.534
5 24 -4.004 -4 -10 -4.004 4 -10 -3.698 -4 -8.466 -3.7 -4 -11.534
5 24 3.7 -4 -11.534 3.7 4 -11.534 4.004 -4 -10 3.587 -4 -12.112
5 24 -3.7 -4 -11.534 -3.7 4 -11.534 -4.004 -4 -10 -3.587 -4 -12.112
5 24 3.587 -4 -12.112 3.587 4 -12.112 3.7 -4 -11.534 3.701 -4 -12.683
5 24 -3.587 -4 -12.112 -3.587 4 -12.112 -3.7 -4 -11.534 -3.701 -4 -12.683
5 24 3.701 -4 -12.683 3.701 4 -12.683 3.587 -4 -12.112 4.025 -4 -13.167
5 24 -3.701 -4 -12.683 -3.701 4 -12.683 -3.587 -4 -12.112 -4.025 -4 -13.167
5 24 4.025 -4 -13.167 4.025 4 -13.167 3.701 -4 -12.683 4.51 -4 -13.49
5 24 -4.025 -4 -13.167 -4.025 4 -13.167 -3.701 -4 -12.683 -4.51 -4 -13.49
5 24 4.51 -4 -13.49 4.51 4 -13.49 4.025 -4 -13.167 5.082 -4 -13.603
5 24 -4.51 -4 -13.49 -4.51 4 -13.49 -4.025 -4 -13.167 -5.082 -4 -13.603
5 24 5.082 -4 -13.603 5.082 4 -13.603 4.51 -4 -13.49 5.653 -4 -13.489
5 24 -5.082 -4 -13.603 -5.082 4 -13.603 -4.51 -4 -13.49 -5.653 -4 -13.489
5 24 5.653 -4 -13.489 5.653 4 -13.489 5.082 -4 -13.603 6.137 -4 -13.165
5 24 -5.653 -4 -13.489 -5.653 4 -13.489 -5.082 -4 -13.603 -6.137 -4 -13.165
5 24 6.137 -4 -13.165 6.137 4 -13.165 5.653 -4 -13.489 6.47 -4 -12.68
5 24 -6.137 -4 -13.165 -6.137 4 -13.165 -5.653 -4 -13.489 -6.47 -4 -12.68
5 24 6.47 -4 -12.68 6.47 4 -12.68 6.137 -4 -13.165 7.003 -4 -10
5 24 -6.47 -4 -12.68 -6.47 4 -12.68 -6.137 -4 -13.165 -7.003 -4 -10
5 24 7.003 -4 -10 7.003 4 -10 6.47 -4 -12.68 6.47 -4 -7.32
5 24 -7.003 -4 -10 -7.003 4 -10 -6.47 -4 -12.68 -6.47 -4 -7.32
5 24 6.47 -4 -7.32 6.47 4 -7.32 7.003 -4 -10 4.952 -4 -5.048
5 24 -6.47 -4 -7.32 -6.47 4 -7.32 -7.003 -4 -10 -4.952 -4 -5.048
5 24 4.952 -4 -5.048 4.952 4 -5.048 6.47 -4 -7.32 2.68 -4 -3.53
5 24 -4.952 -4 -5.048 -4.952 4 -5.048 -6.47 -4 -7.32 -2.68 -4 -3.53
5 24 2.68 -4 -3.53 2.68 4 -3.53 4.952 -4 -5.048 0 -4 -2.997
5 24 -2.68 -4 -3.53 -2.68 4 -3.53 -4.952 -4 -5.048 0 -4 -2.997
5 24 0 -4 -2.997 0 4 -2.997 2.68 -4 -3.53 -2.68 -4 -3.53
5 24 0 -4 -2.997 0 4 -2.997 -2.68 -4 -3.53 2.68 -4 -3.53
5 24 -2.68 -4 -3.53 -2.68 4 -3.53 0 -4 -2.997 -4.952 -4 -5.048
5 24 2.68 -4 -3.53 2.68 4 -3.53 0 -4 -2.997 4.952 -4 -5.048
5 24 -4.952 -4 -5.048 -4.952 4 -5.048 -2.68 -4 -3.53 -6.47 -4 -7.32
5 24 4.952 -4 -5.048 4.952 4 -5.048 2.68 -4 -3.53 6.47 -4 -7.32
5 24 -6.47 -4 -7.32 -6.47 4 -7.32 -4.952 -4 -5.048 -7.003 -4 -10
5 24 6.47 -4 -7.32 6.47 4 -7.32 4.952 -4 -5.048 7.003 -4 -10
5 24 -7.003 -4 -10 -7.003 4 -10 -6.47 -4 -7.32 -6.47 -4 -12.68
5 24 7.003 -4 -10 7.003 4 -10 6.47 -4 -7.32 6.47 -4 -12.68
5 24 -6.47 -4 -12.68 -6.47 4 -12.68 -7.003 -4 -10 -6.137 -4 -13.165
5 24 6.47 -4 -12.68 6.47 4 -12.68 7.003 -4 -10 6.137 -4 -13.165
5 24 -6.137 -4 -13.165 -6.137 4 -13.165 -6.47 -4 -12.68 -5.653 -4 -13.489
5 24 6.137 -4 -13.165 6.137 4 -13.165 6.47 -4 -12.68 5.653 -4 -13.489
5 24 -5.653 -4 -13.489 -5.653 4 -13.489 -6.137 -4 -13.165 -5.082 -4 -13.603
5 24 5.653 -4 -13.489 5.653 4 -13.489 6.137 -4 -13.165 5.082 -4 -13.603
5 24 -5.082 -4 -13.603 -5.082 4 -13.603 -5.653 -4 -13.489 -4.51 -4 -13.49
5 24 5.082 -4 -13.603 5.082 4 -13.603 5.653 -4 -13.489 4.51 -4 -13.49
5 24 -4.51 -4 -13.49 -4.51 4 -13.49 -5.082 -4 -13.603 -4.025 -4 -13.167
5 24 4.51 -4 -13.49 4.51 4 -13.49 5.082 -4 -13.603 4.025 -4 -13.167
5 24 -4.025 -4 -13.167 -4.025 4 -13.167 -4.51 -4 -13.49 -3.701 -4 -12.683
5 24 4.025 -4 -13.167 4.025 4 -13.167 4.51 -4 -13.49 3.701 -4 -12.683
5 24 -3.701 -4 -12.683 -3.701 4 -12.683 -4.025 -4 -13.167 -3.587 -4 -12.112
5 24 3.701 -4 -12.683 3.701 4 -12.683 4.025 -4 -13.167 3.587 -4 -12.112
5 24 -3.587 -4 -12.112 -3.587 4 -12.112 -3.701 -4 -12.683 -3.7 -4 -11.534
5 24 3.587 -4 -12.112 3.587 4 -12.112 3.701 -4 -12.683 3.7 -4 -11.534
5 24 -3.7 -4 -11.534 -3.7 4 -11.534 -3.587 -4 -12.112 -4.004 -4 -10
5 24 3.7 -4 -11.534 3.7 4 -11.534 3.587 -4 -12.112 4.004 -4 -10
5 24 -4.004 -4 -10 -4.004 4 -10 -3.7 -4 -11.534 -3.698 -4 -8.466
5 24 4.004 -4 -10 4.004 4 -10 3.7 -4 -11.534 3.698 -4 -8.466
5 24 -3.698 -4 -8.466 -3.698 4 -8.466 -4.004 -4 -10 -2.83 -4 -7.167
5 24 3.698 -4 -8.466 3.698 4 -8.466 4.004 -4 -10 2.83 -4 -7.167
5 24 -2.83 -4 -7.167 -2.83 4 -7.167 -3.698 -4 -8.466 -1.534 -4 -6.302
5 24 2.83 -4 -7.167 2.83 4 -7.167 3.698 -4 -8.466 1.534 -4 -6.302
5 24 -1.534 -4 -6.302 -1.534 4 -6.302 -2.83 -4 -7.167 -1.112 -4 -5.573
5 24 1.534 -4 -6.302 1.534 4 -6.302 2.83 -4 -7.167 1.112 -4 -5.573
5 24 -1.112 -4 -5.573 -1.112 4 -5.573 -1.534 -4 -6.302 -1.047 -4 -4.991
5 24 1.112 -4 -5.573 1.112 4 -5.573 1.534 -4 -6.302 1.047 -4 -4.991
5 24 -1.047 -4 -4.991 -1.047 4 -4.991 -1.112 -4 -5.573 -1 -4 -4.2
5 24 1.047 -4 -4.991 1.047 4 -4.991 1.112 -4 -5.573 1 -4 -4.2
2 24 0 -4 -2.997 1.531 -3.696 -3.301
2 24 0 -4 -2.997 -1.531 -3.696 -3.301
2 24 0 4 -2.997 1.531 3.696 -3.301
2 24 0 4 -2.997 -1.531 3.696 -3.301
2 24 1.531 -3.696 -3.301 2.68 -2.889 -3.53
2 24 -1.531 -3.696 -3.301 -2.68 -2.889 -3.53
2 24 1.531 3.696 -3.301 2.68 2.889 -3.53
2 24 -1.531 3.696 -3.301 -2.68 2.889 -3.53
2 24 2.68 -2.889 -3.53 2.828 -2.828 -3.629
2 24 -2.68 -2.889 -3.53 -2.828 -2.828 -3.629
2 24 2.68 2.889 -3.53 2.828 2.828 -3.629
2 24 -2.68 2.889 -3.53 -2.828 2.828 -3.629
2 24 2.828 -2.828 -3.629 3.696 -1.531 -4.209
2 24 -2.828 -2.828 -3.629 -3.696 -1.531 -4.209
2 24 2.828 2.828 -3.629 3.696 1.531 -4.209
2 24 -2.828 2.828 -3.629 -3.696 1.531 -4.209
2 24 3.696 -1.531 -4.209 4 0 -4.412
2 24 -3.696 -1.531 -4.209 -4 0 -4.412
2 24 3.696 1.531 -4.209 4 0 -4.412
2 24 -3.696 1.531 -4.209 -4 0 -4.412
1 16 0 0 10 7 0 0 0 0 7 0 -7 0 4-8sphe.DAT
2 24 2.5 -5.374 13.5 2.333 -5.949 12.66
2 24 2.333 -5.949 12.66 2.31 -5.978 12.543
2 24 2.31 -5.978 12.543 1.768 -6.263 11.732
2 24 1.768 -6.263 11.732 0.957 -6.548 11.19
2 24 0.957 -6.548 11.19 0 -6.789 11
5 24 2.31 -5.374 12.543 2.31 -5.978 12.543 1.768 -5.374 11.732 2.5 -5.374 13.5
5 24 1.768 -5.374 11.732 1.768 -6.263 11.732 0.957 -5.374 11.19 2.31 -5.374 12.543
5 24 0.957 -5.374 11.19 0.957 -7 11.19 0 -5.374 11 1.768 -5.374 11.732
5 24 0 -5.374 11 0 -6.789 11 0.957 -5.374 11.19 -2.5 -5.374 11
5 24 2.333 -5.949 12.66 2.66 -5.88 12.66 2.66 -4.55 14.55 2.66 -6.44 10
5 24 2.5 -4.575 14.575 2.66 -4.55 14.55 2.66 -2.66 15.88 2.66 -5.88 12.66
5 24 0 0 17 2.66 0 16.44 2.66 -2.66 15.88 2.66 7 16.44
5 24 2.5 -2.66 15.914 2.66 -2.66 15.88 2.66 -4.55 14.55 2.66 0 16.44
5 24 0 0 17 0 -2 16.708 2.66 -2.66 15.88 -7 -2.66 16.44
5 24 0 -6.789 11 0 -7 10 2.66 -6.44 10 -7 -7 10
5 24 0 -7 10 2.66 -6.44 10 2.66 -5.88 12.66 2.66 -6.44 3
5 24 2.66 -6.44 10 4.97 -4.97 10 4.55 -4.55 12.66 4.97 -4.97 3
5 24 4.97 -4.97 10 6.44 -2.66 10 5.88 -2.66 12.66 6.44 -2.66 3
5 24 6.44 -2.66 10 7 0 10 6.44 0 12.66 7 0 3
5 24 2.66 -5.88 12.66 4.55 -4.55 12.66 2.66 -4.55 14.55 4.97 -4.97 10
5 24 4.55 -4.55 12.66 5.88 -2.66 12.66 4.55 -2.66 14.55 6.44 -2.66 10
5 24 5.88 -2.66 12.66 6.44 0 12.66 4.97 0 14.97 7 0 10
5 24 2.66 -4.55 14.55 4.55 -2.66 14.55 2.66 -2.66 15.88 4.55 -4.55 12.66
5 24 4.55 -2.66 14.55 4.97 0 14.97 2.66 0 16.44 6.44 0 12.66
5 24 2.66 0 16.44 4.97 0 14.97 4.55 -2.66 14.55 4.97 7 14.97
5 24 4.97 0 14.97 6.44 0 12.66 5.88 -2.66 12.66 6.44 7 12.66
5 24 6.44 0 12.66 7 0 10 6.44 -2.66 10 7 7 10
5 24 2.66 -2.66 15.88 4.55 -2.66 14.55 2.66 -4.55 14.55 4.97 0 14.97
5 24 4.55 -2.66 14.55 5.88 -2.66 12.66 4.55 -4.55 12.66 6.44 0 12.66
5 24 5.88 -2.66 12.66 6.44 -2.66 10 4.97 -4.97 10 7 0 10
5 24 2.66 -4.55 14.55 4.55 -4.55 12.66 2.66 -5.88 12.66 4.55 -2.66 14.55
5 24 4.55 -4.55 12.66 4.97 -4.97 10 2.66 -6.44 10 6.44 -2.66 10
5 24 2.66 0 16.44 2.66 -2.66 15.88 4.55 -2.66 14.55 0 -2.66 16.44
5 24 2.66 -2.66 15.88 2.66 -4.55 14.55 4.55 -2.66 14.55 0 -4.97 14.97
5 24 2.66 -4.55 14.55 2.66 -5.88 12.66 4.55 -4.55 12.66 0 -6.44 12.66
5 24 2.66 -5.88 12.66 2.66 -6.44 10 4.97 -4.97 10 0 -7 10
5 24 4.97 0 14.97 4.55 -2.66 14.55 5.88 -2.66 12.66 2.66 -2.66 15.88
5 24 4.55 -2.66 14.55 4.55 -4.55 12.66 5.88 -2.66 12.66 2.66 -4.55 14.55
5 24 4.55 -4.55 12.66 4.97 -4.97 10 6.44 -2.66 10 2.66 -6.44 10
2 24 2.5 -2 16.211 0 -2 16.708
2 24 2.5 -2 16.211 2.5 -2 13.5
1 16 0 -2 13.5 2.5 0 0 0 20 0 0 0 2.5 1-4edge.dat
2 24 2.5 -5.374 13.5 2.5 -4.623 14.623
2 24 2.5 -4.623 14.623 2.5 -2.502 16.041
2 24 2.5 -2.502 16.041 2.5 -2 16.211
3 16 2.5 -5.374 13.5 2.333 -5.374 12.66 2.333 -5.949 12.66
4 16 2.333 -5.374 12.66 2.333 -5.949 12.66 2.31 -5.374 12.543 2.31 -5.978 12.543
4 16 2.31 -5.374 12.543 1.768 -5.374 11.732 1.768 -6.263 11.732 2.31 -5.978 12.543
4 16 1.768 -5.374 11.732 0.957 -5.374 11.19 0.957 -6.548 11.19 1.768 -6.263 11.732
4 16 0.957 -5.374 11.19 0 -5.374 11 0 -6.789 11 0.957 -6.548 11.19
4 16 0 -2 16.708 2.5 -2 16.211 2.66 0 16.44 0 0 17
3 16 2.5 -5.374 13.5 2.333 -5.949 12.66 2.66 -5.88 12.66
3 16 2.66 -5.88 12.66 2.333 -5.949 12.66 2.31 -5.978 12.543
3 16 2.31 -5.978 12.543 1.768 -6.263 11.732 2.66 -5.88 12.66
3 16 1.768 -6.263 11.732 2.66 -5.88 12.66 2.66 -6.44 10
3 16 1.768 -6.263 11.732 0.957 -6.548 11.19 2.66 -6.44 10
3 16 0.957 -6.548 11.19 0 -6.789 11 2.66 -6.44 10
3 16 0 -7 10 0 -6.789 11 2.66 -6.44 10
4 16 2.66 -6.44 10 4.97 -4.97 10 4.55 -4.55 12.66 2.66 -5.88 12.66
4 16 4.97 -4.97 10 6.44 -2.66 10 5.88 -2.66 12.66 4.55 -4.55 12.66
4 16 6.44 -2.66 10 7 0 10 6.44 0 12.66 5.88 -2.66 12.66
3 16 2.66 -5.88 12.66 2.5 -4.623 14.623 4.55 -4.55 12.66
3 16 4.55 -4.55 12.66 2.5 -4.623 14.623 4.55 -2.66 14.55
3 16 4.55 -4.55 12.66 4.55 -2.66 14.55 5.88 -2.66 12.66
4 16 6.44 0 12.66 5.88 -2.66 12.66 4.55 -2.66 14.55 4.97 0 14.97
3 16 2.5 -4.623 14.623 2.5 -2.502 16.041 4.55 -2.66 14.55
3 16 2.5 -2.502 16.041 4.55 -2.66 14.55 2.5 -2 16.211
3 16 4.97 0 14.97 4.55 -2.66 14.55 2.5 -2 16.211
3 16 4.97 0 14.97 2.5 -2 16.211 2.66 0 16.44
1 16 0 -2 13.5 0 0 2.5 0 2 0 2.5 0 0 2-4cyli.dat
1 16 0 -2 13.5 2.5 0 0 0 -3.374 0 0 0 -2.5 1-4cyli.dat
4 16 2.5 -5.374 13.5 2.5 -4.623 14.623 2.5 -2 13.5 2.5 -2 14.623
4 16 2.5 -4.623 14.623 2.5 -2.502 16.041 2.5 -2 14.623 2.5 -2 16.041
3 16 2.5 -2.502 16.041 2.5 -2 16.211 2.5 -2 16.041
3 16 2.5 -2 13.5 2.31 -2 14.457 2.5 -2 16.211
3 16 2.31 -2 14.457 1.768 -2 15.268 2.5 -2 16.211
3 16 1.768 -2 15.268 0.957 -2 15.81 2.5 -2 16.211
4 16 0.957 -2 15.81 0 -2 16 2.5 -2 16.211 0 -2 16.708
2 24 -2.5 -5.374 13.5 -2.333 -5.949 12.66
2 24 -2.333 -5.949 12.66 -2.31 -5.978 12.543
2 24 -2.31 -5.978 12.543 -1.768 -6.263 11.732
2 24 -1.768 -6.263 11.732 -0.957 -6.548 11.19
2 24 -0.957 -6.548 11.19 0 -6.789 11
5 24 -2.31 -5.374 12.543 -2.31 -5.978 12.543 -1.768 -5.374 11.732 -2.5 -5.374 13.5
5 24 -1.768 -5.374 11.732 -1.768 -6.263 11.732 -0.957 -5.374 11.19 -2.31 -5.374 12.543
5 24 -0.957 -5.374 11.19 -0.957 -7 11.19 0 -5.374 11 -1.768 -5.374 11.732
5 24 0 -5.374 11 0 -6.789 11 -0.957 -5.374 11.19 2.5 -5.374 11
5 24 -2.333 -5.949 12.66 -2.66 -5.88 12.66 -2.66 -4.55 14.55 -2.66 -6.44 10
5 24 -2.5 -4.575 14.575 -2.66 -4.55 14.55 -2.66 -2.66 15.88 -2.66 -5.88 12.66
5 24 0 0 17 -2.66 0 16.44 -2.66 -2.66 15.88 -2.66 7 16.44
5 24 -2.5 -2.66 15.914 -2.66 -2.66 15.88 -2.66 -4.55 14.55 -2.66 0 16.44
5 24 0 0 17 0 -2 16.708 -2.66 -2.66 15.88 7 -2.66 16.44
5 24 0 -6.789 11 0 -7 10 -2.66 -6.44 10 7 -7 10
5 24 0 -7 10 -2.66 -6.44 10 -2.66 -5.88 12.66 -2.66 -6.44 3
5 24 -2.66 -6.44 10 -4.97 -4.97 10 -4.55 -4.55 12.66 -4.97 -4.97 3
5 24 -4.97 -4.97 10 -6.44 -2.66 10 -5.88 -2.66 12.66 -6.44 -2.66 3
5 24 -6.44 -2.66 10 -7 0 10 -6.44 0 12.66 -7 0 3
5 24 -2.66 -5.88 12.66 -4.55 -4.55 12.66 -2.66 -4.55 14.55 -4.97 -4.97 10
5 24 -4.55 -4.55 12.66 -5.88 -2.66 12.66 -4.55 -2.66 14.55 -6.44 -2.66 10
5 24 -5.88 -2.66 12.66 -6.44 0 12.66 -4.97 0 14.97 -7 0 10
5 24 -2.66 -4.55 14.55 -4.55 -2.66 14.55 -2.66 -2.66 15.88 -4.55 -4.55 12.66
5 24 -4.55 -2.66 14.55 -4.97 0 14.97 -2.66 0 16.44 -6.44 0 12.66
5 24 -2.66 0 16.44 -4.97 0 14.97 -4.55 -2.66 14.55 -4.97 7 14.97
5 24 -4.97 0 14.97 -6.44 0 12.66 -5.88 -2.66 12.66 -6.44 7 12.66
5 24 -6.44 0 12.66 -7 0 10 -6.44 -2.66 10 -7 7 10
5 24 -2.66 -2.66 15.88 -4.55 -2.66 14.55 -2.66 -4.55 14.55 -4.97 0 14.97
5 24 -4.55 -2.66 14.55 -5.88 -2.66 12.66 -4.55 -4.55 12.66 -6.44 0 12.66
5 24 -5.88 -2.66 12.66 -6.44 -2.66 10 -4.97 -4.97 10 -7 0 10
5 24 -2.66 -4.55 14.55 -4.55 -4.55 12.66 -2.66 -5.88 12.66 -4.55 -2.66 14.55
5 24 -4.55 -4.55 12.66 -4.97 -4.97 10 -2.66 -6.44 10 -6.44 -2.66 10
5 24 -2.66 0 16.44 -2.66 -2.66 15.88 -4.55 -2.66 14.55 0 -2.66 16.44
5 24 -2.66 -2.66 15.88 -2.66 -4.55 14.55 -4.55 -2.66 14.55 0 -4.97 14.97
5 24 -2.66 -4.55 14.55 -2.66 -5.88 12.66 -4.55 -4.55 12.66 0 -6.44 12.66
5 24 -2.66 -5.88 12.66 -2.66 -6.44 10 -4.97 -4.97 10 0 -7 10
5 24 -4.97 0 14.97 -4.55 -2.66 14.55 -5.88 -2.66 12.66 -2.66 -2.66 15.88
5 24 -4.55 -2.66 14.55 -4.55 -4.55 12.66 -5.88 -2.66 12.66 -2.66 -4.55 14.55
5 24 -4.55 -4.55 12.66 -4.97 -4.97 10 -6.44 -2.66 10 -2.66 -6.44 10
2 24 -2.5 -2 16.211 0 -2 16.708
2 24 -2.5 -2 16.211 -2.5 -2 13.5
1 16 0 -2 13.5 -2.5 0 0 0 20 0 0 0 2.5 1-4edge.dat
2 24 -2.5 -5.374 13.5 -2.5 -4.623 14.623
2 24 -2.5 -4.623 14.623 -2.5 -2.502 16.041
2 24 -2.5 -2.502 16.041 -2.5 -2 16.211
3 16 -2.5 -5.374 13.5 -2.333 -5.374 12.66 -2.333 -5.949 12.66
4 16 -2.333 -5.374 12.66 -2.333 -5.949 12.66 -2.31 -5.374 12.543 -2.31 -5.978 12.543
4 16 -2.31 -5.374 12.543 -1.768 -5.374 11.732 -1.768 -6.263 11.732 -2.31 -5.978 12.543
4 16 -1.768 -5.374 11.732 -0.957 -5.374 11.19 -0.957 -6.548 11.19 -1.768 -6.263 11.732
4 16 -0.957 -5.374 11.19 0 -5.374 11 0 -6.789 11 -0.957 -6.548 11.19
4 16 0 -2 16.708 -2.5 -2 16.211 -2.66 0 16.44 0 0 17
3 16 -2.5 -5.374 13.5 -2.333 -5.949 12.66 -2.66 -5.88 12.66
3 16 -2.66 -5.88 12.66 -2.333 -5.949 12.66 -2.31 -5.978 12.543
3 16 -2.31 -5.978 12.543 -1.768 -6.263 11.732 -2.66 -5.88 12.66
3 16 -1.768 -6.263 11.732 -2.66 -5.88 12.66 -2.66 -6.44 10
3 16 -1.768 -6.263 11.732 -0.957 -6.548 11.19 -2.66 -6.44 10
3 16 -0.957 -6.548 11.19 0 -6.789 11 -2.66 -6.44 10
3 16 0 -7 10 0 -6.789 11 -2.66 -6.44 10
4 16 -2.66 -6.44 10 -4.97 -4.97 10 -4.55 -4.55 12.66 -2.66 -5.88 12.66
4 16 -4.97 -4.97 10 -6.44 -2.66 10 -5.88 -2.66 12.66 -4.55 -4.55 12.66
4 16 -6.44 -2.66 10 -7 0 10 -6.44 0 12.66 -5.88 -2.66 12.66
3 16 -2.66 -5.88 12.66 -2.5 -4.623 14.623 -4.55 -4.55 12.66
3 16 -4.55 -4.55 12.66 -2.5 -4.623 14.623 -4.55 -2.66 14.55
3 16 -4.55 -4.55 12.66 -4.55 -2.66 14.55 -5.88 -2.66 12.66
4 16 -6.44 0 12.66 -5.88 -2.66 12.66 -4.55 -2.66 14.55 -4.97 0 14.97
3 16 -2.5 -4.623 14.623 -2.5 -2.502 16.041 -4.55 -2.66 14.55
3 16 -2.5 -2.502 16.041 -4.55 -2.66 14.55 -2.5 -2 16.211
3 16 -4.97 0 14.97 -4.55 -2.66 14.55 -2.5 -2 16.211
3 16 -4.97 0 14.97 -2.5 -2 16.211 -2.66 0 16.44
1 16 0 -2 13.5 0 0 -2.5 0 2 0 2.5 0 0 2-4cyli.dat
1 16 0 -2 13.5 -2.5 0 0 0 -3.374 0 0 0 -2.5 1-4cyli.dat
4 16 -2.5 -5.374 13.5 -2.5 -4.623 14.623 -2.5 -2 13.5 -2.5 -2 14.623
4 16 -2.5 -4.623 14.623 -2.5 -2.502 16.041 -2.5 -2 14.623 -2.5 -2 16.041
3 16 -2.5 -2.502 16.041 -2.5 -2 16.211 -2.5 -2 16.041
3 16 -2.5 -2 13.5 -2.31 -2 14.457 -2.5 -2 16.211
3 16 -2.31 -2 14.457 -1.768 -2 15.268 -2.5 -2 16.211
3 16 -1.768 -2 15.268 -0.957 -2 15.81 -2.5 -2 16.211
4 16 -0.957 -2 15.81 0 -2 16 -2.5 -2 16.211 0 -2 16.708
2 24 -2.5 5.374 13.5 -2.333 5.949 12.66
2 24 -2.333 5.949 12.66 -2.31 5.978 12.543
2 24 -2.31 5.978 12.543 -1.768 6.263 11.732
2 24 -1.768 6.263 11.732 -0.957 6.548 11.19
2 24 -0.957 6.548 11.19 0 6.789 11
5 24 -2.31 5.374 12.543 -2.31 5.978 12.543 -1.768 5.374 11.732 -2.5 5.374 13.5
5 24 -1.768 5.374 11.732 -1.768 6.263 11.732 -0.957 5.374 11.19 -2.31 5.374 12.543
5 24 -0.957 5.374 11.19 -0.957 7 11.19 0 5.374 11 -1.768 5.374 11.732
5 24 0 5.374 11 0 6.789 11 -0.957 5.374 11.19 2.5 5.374 11
5 24 -2.333 5.949 12.66 -2.66 5.88 12.66 -2.66 4.55 14.55 -2.66 6.44 10
5 24 -2.5 4.575 14.575 -2.66 4.55 14.55 -2.66 2.66 15.88 -2.66 5.88 12.66
5 24 0 0 17 -2.66 0 16.44 -2.66 2.66 15.88 -2.66 -7 16.44
5 24 -2.5 2.66 15.914 -2.66 2.66 15.88 -2.66 4.55 14.55 -2.66 0 16.44
5 24 0 0 17 0 2 16.708 -2.66 2.66 15.88 7 2.66 16.44
5 24 0 6.789 11 0 7 10 -2.66 6.44 10 7 7 10
5 24 0 7 10 -2.66 6.44 10 -2.66 5.88 12.66 -2.66 6.44 3
5 24 -2.66 6.44 10 -4.97 4.97 10 -4.55 4.55 12.66 -4.97 4.97 3
5 24 -4.97 4.97 10 -6.44 2.66 10 -5.88 2.66 12.66 -6.44 2.66 3
5 24 -6.44 2.66 10 -7 0 10 -6.44 0 12.66 -7 0 3
5 24 -2.66 5.88 12.66 -4.55 4.55 12.66 -2.66 4.55 14.55 -4.97 4.97 10
5 24 -4.55 4.55 12.66 -5.88 2.66 12.66 -4.55 2.66 14.55 -6.44 2.66 10
5 24 -5.88 2.66 12.66 -6.44 0 12.66 -4.97 0 14.97 -7 0 10
5 24 -2.66 4.55 14.55 -4.55 2.66 14.55 -2.66 2.66 15.88 -4.55 4.55 12.66
5 24 -4.55 2.66 14.55 -4.97 0 14.97 -2.66 0 16.44 -6.44 0 12.66
5 24 -2.66 0 16.44 -4.97 0 14.97 -4.55 2.66 14.55 -4.97 -7 14.97
5 24 -4.97 0 14.97 -6.44 0 12.66 -5.88 2.66 12.66 -6.44 -7 12.66
5 24 -6.44 0 12.66 -7 0 10 -6.44 2.66 10 -7 -7 10
5 24 -2.66 2.66 15.88 -4.55 2.66 14.55 -2.66 4.55 14.55 -4.97 0 14.97
5 24 -4.55 2.66 14.55 -5.88 2.66 12.66 -4.55 4.55 12.66 -6.44 0 12.66
5 24 -5.88 2.66 12.66 -6.44 2.66 10 -4.97 4.97 10 -7 0 10
5 24 -2.66 4.55 14.55 -4.55 4.55 12.66 -2.66 5.88 12.66 -4.55 2.66 14.55
5 24 -4.55 4.55 12.66 -4.97 4.97 10 -2.66 6.44 10 -6.44 2.66 10
5 24 -2.66 0 16.44 -2.66 2.66 15.88 -4.55 2.66 14.55 0 2.66 16.44
5 24 -2.66 2.66 15.88 -2.66 4.55 14.55 -4.55 2.66 14.55 0 4.97 14.97
5 24 -2.66 4.55 14.55 -2.66 5.88 12.66 -4.55 4.55 12.66 0 6.44 12.66
5 24 -2.66 5.88 12.66 -2.66 6.44 10 -4.97 4.97 10 0 7 10
5 24 -4.97 0 14.97 -4.55 2.66 14.55 -5.88 2.66 12.66 -2.66 2.66 15.88
5 24 -4.55 2.66 14.55 -4.55 4.55 12.66 -5.88 2.66 12.66 -2.66 4.55 14.55
5 24 -4.55 4.55 12.66 -4.97 4.97 10 -6.44 2.66 10 -2.66 6.44 10
2 24 -2.5 2 16.211 0 2 16.708
2 24 -2.5 2 16.211 -2.5 2 13.5
1 16 0 2 13.5 -2.5 0 0 0 -20 0 0 0 2.5 1-4edge.dat
2 24 -2.5 5.374 13.5 -2.5 4.623 14.623
2 24 -2.5 4.623 14.623 -2.5 2.502 16.041
2 24 -2.5 2.502 16.041 -2.5 2 16.211
3 16 -2.5 5.374 13.5 -2.333 5.374 12.66 -2.333 5.949 12.66
4 16 -2.333 5.374 12.66 -2.333 5.949 12.66 -2.31 5.374 12.543 -2.31 5.978 12.543
4 16 -2.31 5.374 12.543 -1.768 5.374 11.732 -1.768 6.263 11.732 -2.31 5.978 12.543
4 16 -1.768 5.374 11.732 -0.957 5.374 11.19 -0.957 6.548 11.19 -1.768 6.263 11.732
4 16 -0.957 5.374 11.19 0 5.374 11 0 6.789 11 -0.957 6.548 11.19
4 16 0 2 16.708 -2.5 2 16.211 -2.66 0 16.44 0 0 17
3 16 -2.5 5.374 13.5 -2.333 5.949 12.66 -2.66 5.88 12.66
3 16 -2.66 5.88 12.66 -2.333 5.949 12.66 -2.31 5.978 12.543
3 16 -2.31 5.978 12.543 -1.768 6.263 11.732 -2.66 5.88 12.66
3 16 -1.768 6.263 11.732 -2.66 5.88 12.66 -2.66 6.44 10
3 16 -1.768 6.263 11.732 -0.957 6.548 11.19 -2.66 6.44 10
3 16 -0.957 6.548 11.19 0 6.789 11 -2.66 6.44 10
3 16 0 7 10 0 6.789 11 -2.66 6.44 10
4 16 -2.66 6.44 10 -4.97 4.97 10 -4.55 4.55 12.66 -2.66 5.88 12.66
4 16 -4.97 4.97 10 -6.44 2.66 10 -5.88 2.66 12.66 -4.55 4.55 12.66
4 16 -6.44 2.66 10 -7 0 10 -6.44 0 12.66 -5.88 2.66 12.66
3 16 -2.66 5.88 12.66 -2.5 4.623 14.623 -4.55 4.55 12.66
3 16 -4.55 4.55 12.66 -2.5 4.623 14.623 -4.55 2.66 14.55
3 16 -4.55 4.55 12.66 -4.55 2.66 14.55 -5.88 2.66 12.66
4 16 -6.44 0 12.66 -5.88 2.66 12.66 -4.55 2.66 14.55 -4.97 0 14.97
3 16 -2.5 4.623 14.623 -2.5 2.502 16.041 -4.55 2.66 14.55
3 16 -2.5 2.502 16.041 -4.55 2.66 14.55 -2.5 2 16.211
3 16 -4.97 0 14.97 -4.55 2.66 14.55 -2.5 2 16.211
3 16 -4.97 0 14.97 -2.5 2 16.211 -2.66 0 16.44
1 16 0 2 13.5 0 0 -2.5 0 -2 0 2.5 0 0 2-4cyli.dat
1 16 0 2 13.5 -2.5 0 0 0 3.374 0 0 0 -2.5 1-4cyli.dat
4 16 -2.5 5.374 13.5 -2.5 4.623 14.623 -2.5 2 13.5 -2.5 2 14.623
4 16 -2.5 4.623 14.623 -2.5 2.502 16.041 -2.5 2 14.623 -2.5 2 16.041
3 16 -2.5 2.502 16.041 -2.5 2 16.211 -2.5 2 16.041
3 16 -2.5 2 13.5 -2.31 2 14.457 -2.5 2 16.211
3 16 -2.31 2 14.457 -1.768 2 15.268 -2.5 2 16.211
3 16 -1.768 2 15.268 -0.957 2 15.81 -2.5 2 16.211
4 16 -0.957 2 15.81 0 2 16 -2.5 2 16.211 0 2 16.708
2 24 2.5 5.374 13.5 2.333 5.949 12.66
2 24 2.333 5.949 12.66 2.31 5.978 12.543
2 24 2.31 5.978 12.543 1.768 6.263 11.732
2 24 1.768 6.263 11.732 0.957 6.548 11.19
2 24 0.957 6.548 11.19 0 6.789 11
5 24 2.31 5.374 12.543 2.31 5.978 12.543 1.768 5.374 11.732 2.5 5.374 13.5
5 24 1.768 5.374 11.732 1.768 6.263 11.732 0.957 5.374 11.19 2.31 5.374 12.543
5 24 0.957 5.374 11.19 0.957 7 11.19 0 5.374 11 1.768 5.374 11.732
5 24 0 5.374 11 0 6.789 11 0.957 5.374 11.19 -2.5 5.374 11
5 24 2.333 5.949 12.66 2.66 5.88 12.66 2.66 4.55 14.55 2.66 6.44 10
5 24 2.5 4.575 14.575 2.66 4.55 14.55 2.66 2.66 15.88 2.66 5.88 12.66
5 24 0 0 17 2.66 0 16.44 2.66 2.66 15.88 2.66 -7 16.44
5 24 2.5 2.66 15.914 2.66 2.66 15.88 2.66 4.55 14.55 2.66 0 16.44
5 24 0 0 17 0 2 16.708 2.66 2.66 15.88 -7 2.66 16.44
5 24 0 6.789 11 0 7 10 2.66 6.44 10 -7 7 10
5 24 0 7 10 2.66 6.44 10 2.66 5.88 12.66 2.66 6.44 3
5 24 2.66 6.44 10 4.97 4.97 10 4.55 4.55 12.66 4.97 4.97 3
5 24 4.97 4.97 10 6.44 2.66 10 5.88 2.66 12.66 6.44 2.66 3
5 24 6.44 2.66 10 7 0 10 6.44 0 12.66 7 0 3
5 24 2.66 5.88 12.66 4.55 4.55 12.66 2.66 4.55 14.55 4.97 4.97 10
5 24 4.55 4.55 12.66 5.88 2.66 12.66 4.55 2.66 14.55 6.44 2.66 10
5 24 5.88 2.66 12.66 6.44 0 12.66 4.97 0 14.97 7 0 10
5 24 2.66 4.55 14.55 4.55 2.66 14.55 2.66 2.66 15.88 4.55 4.55 12.66
5 24 4.55 2.66 14.55 4.97 0 14.97 2.66 0 16.44 6.44 0 12.66
5 24 2.66 0 16.44 4.97 0 14.97 4.55 2.66 14.55 4.97 -7 14.97
5 24 4.97 0 14.97 6.44 0 12.66 5.88 2.66 12.66 6.44 -7 12.66
5 24 6.44 0 12.66 7 0 10 6.44 2.66 10 7 -7 10
5 24 2.66 2.66 15.88 4.55 2.66 14.55 2.66 4.55 14.55 4.97 0 14.97
5 24 4.55 2.66 14.55 5.88 2.66 12.66 4.55 4.55 12.66 6.44 0 12.66
5 24 5.88 2.66 12.66 6.44 2.66 10 4.97 4.97 10 7 0 10
5 24 2.66 4.55 14.55 4.55 4.55 12.66 2.66 5.88 12.66 4.55 2.66 14.55
5 24 4.55 4.55 12.66 4.97 4.97 10 2.66 6.44 10 6.44 2.66 10
5 24 2.66 0 16.44 2.66 2.66 15.88 4.55 2.66 14.55 0 2.66 16.44
5 24 2.66 2.66 15.88 2.66 4.55 14.55 4.55 2.66 14.55 0 4.97 14.97
5 24 2.66 4.55 14.55 2.66 5.88 12.66 4.55 4.55 12.66 0 6.44 12.66
5 24 2.66 5.88 12.66 2.66 6.44 10 4.97 4.97 10 0 7 10
5 24 4.97 0 14.97 4.55 2.66 14.55 5.88 2.66 12.66 2.66 2.66 15.88
5 24 4.55 2.66 14.55 4.55 4.55 12.66 5.88 2.66 12.66 2.66 4.55 14.55
5 24 4.55 4.55 12.66 4.97 4.97 10 6.44 2.66 10 2.66 6.44 10
2 24 2.5 2 16.211 0 2 16.708
2 24 2.5 2 16.211 2.5 2 13.5
1 16 0 2 13.5 2.5 0 0 0 -20 0 0 0 2.5 1-4edge.dat
2 24 2.5 5.374 13.5 2.5 4.623 14.623
2 24 2.5 4.623 14.623 2.5 2.502 16.041
2 24 2.5 2.502 16.041 2.5 2 16.211
3 16 2.5 5.374 13.5 2.333 5.374 12.66 2.333 5.949 12.66
4 16 2.333 5.374 12.66 2.333 5.949 12.66 2.31 5.374 12.543 2.31 5.978 12.543
4 16 2.31 5.374 12.543 1.768 5.374 11.732 1.768 6.263 11.732 2.31 5.978 12.543
4 16 1.768 5.374 11.732 0.957 5.374 11.19 0.957 6.548 11.19 1.768 6.263 11.732
4 16 0.957 5.374 11.19 0 5.374 11 0 6.789 11 0.957 6.548 11.19
4 16 0 2 16.708 2.5 2 16.211 2.66 0 16.44 0 0 17
3 16 2.5 5.374 13.5 2.333 5.949 12.66 2.66 5.88 12.66
3 16 2.66 5.88 12.66 2.333 5.949 12.66 2.31 5.978 12.543
3 16 2.31 5.978 12.543 1.768 6.263 11.732 2.66 5.88 12.66
3 16 1.768 6.263 11.732 2.66 5.88 12.66 2.66 6.44 10
3 16 1.768 6.263 11.732 0.957 6.548 11.19 2.66 6.44 10
3 16 0.957 6.548 11.19 0 6.789 11 2.66 6.44 10
3 16 0 7 10 0 6.789 11 2.66 6.44 10
4 16 2.66 6.44 10 4.97 4.97 10 4.55 4.55 12.66 2.66 5.88 12.66
4 16 4.97 4.97 10 6.44 2.66 10 5.88 2.66 12.66 4.55 4.55 12.66
4 16 6.44 2.66 10 7 0 10 6.44 0 12.66 5.88 2.66 12.66
3 16 2.66 5.88 12.66 2.5 4.623 14.623 4.55 4.55 12.66
3 16 4.55 4.55 12.66 2.5 4.623 14.623 4.55 2.66 14.55
3 16 4.55 4.55 12.66 4.55 2.66 14.55 5.88 2.66 12.66
4 16 6.44 0 12.66 5.88 2.66 12.66 4.55 2.66 14.55 4.97 0 14.97
3 16 2.5 4.623 14.623 2.5 2.502 16.041 4.55 2.66 14.55
3 16 2.5 2.502 16.041 4.55 2.66 14.55 2.5 2 16.211
3 16 4.97 0 14.97 4.55 2.66 14.55 2.5 2 16.211
3 16 4.97 0 14.97 2.5 2 16.211 2.66 0 16.44
1 16 0 2 13.5 0 0 2.5 0 -2 0 2.5 0 0 2-4cyli.dat
1 16 0 2 13.5 2.5 0 0 0 3.374 0 0 0 -2.5 1-4cyli.dat
4 16 2.5 5.374 13.5 2.5 4.623 14.623 2.5 2 13.5 2.5 2 14.623
4 16 2.5 4.623 14.623 2.5 2.502 16.041 2.5 2 14.623 2.5 2 16.041
3 16 2.5 2.502 16.041 2.5 2 16.211 2.5 2 16.041
3 16 2.5 2 13.5 2.31 2 14.457 2.5 2 16.211
3 16 2.31 2 14.457 1.768 2 15.268 2.5 2 16.211
3 16 1.768 2 15.268 0.957 2 15.81 2.5 2 16.211
4 16 0.957 2 15.81 0 2 16 2.5 2 16.211 0 2 16.708
0