0 Minifig Feathers with Clip and Black Tip Pattern
0 Name: 30127p01.dat
0 Author: Franklin W. Cain [fwcain]
0 !LDRAW_ORG Part UPDATE 2012-03
0 !LICENSE Redistributable under CCAL version 2.0 : see CAreadme.txt

0 !CATEGORY Minifig Headwear
0 !KEYWORDS feather, bald eagle, Wild West, Western, indian

0 !CMDLINE -C15

0 !HISTORY 2002-02-18 [PTadmin] Official Update 2002-01
0 !HISTORY 2007-07-08 [PTadmin] Header formatted for Contributor Agreement
0 !HISTORY 2008-07-01 [PTadmin] Official Update 2008-01
0 !HISTORY 2008-07-07 [PTadmin] Renamed subfile
0 !HISTORY 2009-05-01 [PTadmin] Moved from 471p01
0 !HISTORY 2009-05-02 [PTadmin] Official Update 2009-01
0 !HISTORY 2012-12-24 [cwdee] Update category
0 !HISTORY 2012-12-28 [PTadmin] Official Update 2012-03

 1 16 0 -4 0 4 0 0 0 8 0 0 0 4 2-4cyli.dat
 1 16 0 -4 0 -4 0 0 0 8 0 0 0 -4 1-8cyli.dat
 1 16 0 -4 0 4 0 0 0 8 0 0 0 -4 1-8cyli.dat
0
 1 16 0 -4 0 -6 0 0 0 8 0 0 0 -6 1-8cyli.dat
 1 16 0 -4 0 6 0 0 0 8 0 0 0 -6 1-8cyli.dat
 1 16 0 -4 0 -6 0 0 0 8 0 0 0 6 1-8cyli.dat
 1 16 0 -4 0 6 0 0 0 8 0 0 0 6 1-8cyli.dat
0
 4 16 -4.243 -4 -4.243 -2.828 -4 -2.828 -2.828 4 -2.828 -4.243 4 -4.243
 4 16 4.243 -4 -4.243 2.828 -4 -2.828 2.828 4 -2.828 4.243 4 -4.243
0
 4 16 -4 -4 0 -6 -4 0 -5.543 -4 -2.296 -3.696 -4 -1.531
 4 16 4 -4 0 6 -4 0 5.543 -4 -2.296 3.696 -4 -1.531
 4 16 -4 -4 0 -6 -4 0 -5.543 -4 2.296 -3.696 -4 1.531
 4 16 4 -4 0 6 -4 0 5.543 -4 2.296 3.696 -4 1.531
 4 16 -4 4 0 -6 4 0 -5.543 4 -2.296 -3.696 4 -1.531
 4 16 4 4 0 6 4 0 5.543 4 -2.296 3.696 4 -1.531
 4 16 -4 4 0 -6 4 0 -5.543 4 2.296 -3.696 4 1.531
 4 16 4 4 0 6 4 0 5.543 4 2.296 3.696 4 1.531
 4 16 -3.696 -4 -1.531 -5.543 -4 -2.296 -4.243 -4 -4.243 -2.828 -4 -2.828
 4 16 3.696 -4 -1.531 5.543 -4 -2.296 4.243 -4 -4.243 2.828 -4 -2.828
 4 16 -3.696 -4 1.531 -5.543 -4 2.296 -4.243 -4 4.243 -2.828 -4 2.828
 4 16 3.696 -4 1.531 5.543 -4 2.296 4.243 -4 4.243 2.828 -4 2.828
 4 16 -3.696 4 -1.531 -5.543 4 -2.296 -4.243 4 -4.243 -2.828 4 -2.828
 4 16 3.696 4 -1.531 5.543 4 -2.296 4.243 4 -4.243 2.828 4 -2.828
 4 16 -3.696 4 1.531 -5.543 4 2.296 -4.243 4 4.243 -2.828 4 2.828
 4 16 3.696 4 1.531 5.543 4 2.296 4.243 4 4.243 2.828 4 2.828
0
 3 16 -4.243 -4 4.243 -2.828 -4 2.828 -1.531 -4 3.696
 3 16 4.243 -4 4.243 2.828 -4 2.828 1.531 -4 3.696
 3 16 -4.243 4 4.243 -2.828 4 2.828 -1.531 4 3.696
 3 16 4.243 4 4.243 2.828 4 2.828 1.531 4 3.696
 3 16 -4.243 -4 4.243 -1.531 -4 3.696 -4 -4 12
 3 16 4.243 -4 4.243 1.531 -4 3.696 4 -4 12
 3 16 -4.243 4 4.243 -1.531 4 3.696 -4 4 12
 3 16 4.243 4 4.243 1.531 4 3.696 4 4 12
 3 16 -1.531 -4 3.696 0 -4 4 -4 -4 12
 3 16 1.531 -4 3.696 0 -4 4 4 -4 12
 3 16 -1.531 4 3.696 0 4 4 -4 4 12
 3 16 1.531 4 3.696 0 4 4 4 4 12
 3 16 0 -4 4 -4 -4 12 4 -4 12
 3 16 0 4 4 -4 4 12 4 4 12
0
 4 16 -4 -4 12 -4 4 12 -4.243 4 4.243 -4.243 -4 4.243
 4 16 4 -4 12 4 4 12 4.243 4 4.243 4.243 -4 4.243
0
 4 16 -4 -4 12 4 -4 12 4 4 12 -4 4 12
0
 1 16 0 0 12 1 0 0 0 0 1 0 -1 0 s\30126a01.dat
0
 1 16 0 -4 0 4 0 0 0 1 0 0 0 4 2-4edge.dat
 1 16 0 4 0 4 0 0 0 1 0 0 0 4 2-4edge.dat
 1 16 0 -4 0 -4 0 0 0 1 0 0 0 -4 1-8edge.dat
 1 16 0 4 0 -4 0 0 0 1 0 0 0 -4 1-8edge.dat
 1 16 0 -4 0 4 0 0 0 1 0 0 0 -4 1-8edge.dat
 1 16 0 4 0 4 0 0 0 1 0 0 0 -4 1-8edge.dat
0
 1 16 0 -4 0 -6 0 0 0 1 0 0 0 -6 1-8edge.dat
 1 16 0 4 0 -6 0 0 0 1 0 0 0 -6 1-8edge.dat
 1 16 0 -4 0 6 0 0 0 1 0 0 0 -6 1-8edge.dat
 1 16 0 4 0 6 0 0 0 1 0 0 0 -6 1-8edge.dat
 1 16 0 -4 0 -6 0 0 0 1 0 0 0 6 1-8edge.dat
 1 16 0 4 0 -6 0 0 0 1 0 0 0 6 1-8edge.dat
 1 16 0 -4 0 6 0 0 0 1 0 0 0 6 1-8edge.dat
 1 16 0 4 0 6 0 0 0 1 0 0 0 6 1-8edge.dat
0
 2 24 -4.243 -4 -4.243 -2.828 -4 -2.828
 2 24 -4.243 4 -4.243 -2.828 4 -2.828
 2 24 4.243 -4 -4.243 2.828 -4 -2.828
 2 24 4.243 4 -4.243 2.828 4 -2.828
0
 2 24 -2.828 -4 -2.828 -2.828 4 -2.828
 2 24 2.828 -4 -2.828 2.828 4 -2.828
 2 24 -4.243 -4 -4.243 -4.243 4 -4.243
 2 24 4.243 -4 -4.243 4.243 4 -4.243
0
 2 24 -4 -4 12 -4.243 -4 4.243
 2 24 4 -4 12 4.243 -4 4.243
 2 24 -4 4 12 -4.243 4 4.243
 2 24 4 4 12 4.243 4 4.243
0
 2 24 -4 -4 12 4 -4 12
 2 24 -4 4 12 4 4 12
 2 24 -4 -4 12 -4 4 12
 2 24 4 -4 12 4 4 12
0
