0 Minifig Sextant
0 Name: 30154.dat
0 Author: Orion Pobursky [OrionP]
0 !LDRAW_ORG Part UPDATE 2003-02
0 !LICENSE Redistributable under CCAL version 2.0 : see CAreadme.txt

0 !CATEGORY Minifig Accessory
0 !KEYWORDS navagation, Adventurers, Egypt, Dino Island, boat, boating, sailing
0 !KEYWORDS Star Wars, TIE Interceptor, Amazon, river, ocean, sea, ship
0 !KEYWORDS orienteering, stars, celestial, plotting, chart, charts

0 !HISTORY 2003-08-01 [PTadmin] Official Update 2003-02
0 !HISTORY 2007-06-06 [PTadmin] Header formatted for Contributor Agreement
0 !HISTORY 2008-07-01 [PTadmin] Official Update 2008-01

1 16 10 0 0 0 2 0 -5.5 0 0 0 0 -5.5 4-4cyli.dat
1 16 12 0 0 0 1 0 -6 0 0 0 0 -6 4-4disc.dat
1 16 10 0 0 0 1 0 -5.5 0 0 0 0 -5.5 4-4disc.dat
1 16 -12 0 0 0 1 0 -2 0 0 0 0 -2 4-4disc.dat
1 16 0 -6 0 4 0 0 0 1 0 0 0 -4 4-4disc.dat
1 16 12 0 0 0 10 0 -6 0 0 0 0 -6 4-4cyli.dat
1 16 -13 0 0 0 9 0 -4 0 0 0 0 -4 4-4cyli.dat
1 16 4 0 0 0 18 0 -4 0 0 0 0 -4 4-4cyli.dat
1 16 0 4 0 4 0 0 0 30 0 0 0 -4 4-4cyli.dat
1 16 0 -6 0 4 0 0 0 2 0 0 0 -4 4-4cyli.dat
1 16 0 34 0 1 0 0 0 1 0 0 0 -1 2-4ring3.dat
1 16 0 34 0 1 0 0 0 -1 0 0 0 1 2-4ring3.dat
1 16 0 34 0 3 0 0 0 2 0 0 0 -3 4-4cyli.dat
1 16 -16 0 0 0 2 0 -4 0 0 0 0 -4 4-4cyli.dat
1 16 -16 0 0 0 4 0 -2 0 0 0 0 -2 4-4cyli.dat
1 16 -16 0 0 0 2 0 -2 0 0 0 0 -2 2-4ring1.dat
1 16 -16 0 0 0 -2 0 -2 0 0 0 0 2 2-4ring1.dat
1 16 -14 0 0 0 2 0 -2 0 0 0 0 -2 2-4ring1.dat
1 16 -14 0 0 0 -2 0 -2 0 0 0 0 2 2-4ring1.dat
1 16 -13 0 0 0 2 0 -2 0 0 0 0 -2 2-4ring1.dat
1 16 -13 0 0 0 -2 0 -2 0 0 0 0 2 2-4ring1.dat
1 16 -14 0 0 0 1 0 -3.5 0 0 0 0 -3.5 4-4cyli.dat
1 16 22 0 0 0 1 0 -2 0 0 0 0 -2 2-4ring2.dat
1 16 22 0 0 0 -1 0 -2 0 0 0 0 2 2-4ring2.dat
1 16 0 38 0 0 -4 0 -4 0 0 0 0 4 8-8SPHE.DAT
1 16 22 0 0 0 -2 0 -4 0 0 0 0 4 4-4edge.dat
1 16 0 -6 0 4 0 0 0 1 0 0 0 -4 4-4edge.dat
1 16 0 34 0 4 0 0 0 1 0 0 0 -4 4-4edge.dat
1 16 0 34 0 3 0 0 0 1 0 0 0 -3 4-4edge.dat
1 16 -16 0 0 0 -2 0 -2 0 0 0 0 2 4-4edge.dat
1 16 -16 0 0 0 -2 0 -4 0 0 0 0 4 4-4edge.dat
1 16 -14 0 0 0 -2 0 -4 0 0 0 0 4 4-4edge.dat
1 16 -13 0 0 0 -2 0 -4 0 0 0 0 4 4-4edge.dat
1 16 -13 0 0 0 -2 0 -3.5 0 0 0 0 3.5 4-4edge.dat
1 16 -14 0 0 0 -2 0 -3.5 0 0 0 0 3.5 4-4edge.dat
1 16 10 0 0 0 -2 0 -5.5 0 0 0 0 5.5 4-4edge.dat
1 16 12 0 0 0 -2 0 -6 0 0 0 0 6 4-4edge.dat
1 16 22 0 0 0 -2 0 -6 0 0 0 0 6 4-4edge.dat
1 16 10 0 0 0 -2 0 -4 0 0 0 0 4 4-4edge.dat
1 16 12 0 0 0 -2 0 -4 0 0 0 0 4 4-4edge.dat
1 16 -12 0 0 0 -2 0 -2 0 0 0 0 2 4-4edge.dat
1 16 12 0 0 0 -2 0 -5.5 0 0 0 0 5.5 4-4edge.dat
4 16 20.2132 19.2132 -2 10.4806 25.7172 -2 10.4806 25.7172 2 20.2132 19.2132 2
5 24 20.2132 19.2132 -2 20.2132 19.2132 2 10.4806 25.7172 -2 41.4264 -2 -2
4 16 10.4806 25.7172 -2 -1 27.9997 -2 -1 27.9997 2 10.4806 25.7172 2
5 24 10.4806 25.7172 -2 10.4806 25.7172 2 -1 27.9997 -2 20.2132 19.2132 -2
4 16 -1 27.9997 -2 -12.4806 25.7172 -2 -12.4806 25.7172 2 -1 27.9997 2
5 24 -1 27.9997 -2 -1 27.9997 2 -12.4806 25.7172 -2 10.4806 25.7172 -2
4 16 -12.4806 25.7172 -2 -22.2132 19.2132 -2 -22.2132 19.2132 2 -12.4806 25.7172 2
5 24 -12.4806 25.7172 -2 -12.4806 25.7172 2 -22.2132 19.2132 -2 -1 27.9997 -2
5 24 -22.2132 19.2132 -2 -22.2132 19.2132 2 -12.4806 25.7172 -2 -43.4264 -2 -2
4 16 15.9706 14.9706 -2 8.1845 20.1738 -2 8.1845 20.1738 2 15.9706 14.9706 2
5 24 15.9706 14.9706 -2 15.9706 14.9706 2 8.1845 20.1738 -2 32.9412 -2 -2
4 16 8.1845 20.1738 -2 -1 21.9998 -2 -1 21.9998 2 8.1845 20.1738 2
5 24 8.1845 20.1738 -2 8.1845 20.1738 2 -1 21.9998 -2 15.9706 14.9706 -2
4 16 -1 21.9998 -2 -10.1845 20.1738 -2 -10.1845 20.1738 2 -1 21.9998 2
5 24 -1 21.9998 -2 -1 21.9998 2 -10.1845 20.1738 -2 8.1845 20.1738 -2
4 16 -10.1845 20.1738 -2 -17.9706 14.9706 -2 -17.9706 14.9706 2 -10.1845 20.1738 2
5 24 -10.1845 20.1738 -2 -10.1845 20.1738 2 -17.9706 14.9706 -2 -1 21.9998 -2
5 24 -17.9706 14.9706 -2 -17.9706 14.9706 2 -10.1845 20.1738 -2 -34.9412 -2 -2
4 16 20.2132 19.2132 2 10.4806 25.7172 2 8.1845 20.1738 2 15.9706 14.9706 2
4 16 20.2132 19.2132 -2 10.4806 25.7172 -2 8.1845 20.1738 -2 15.9706 14.9706 -2
4 16 10.4806 25.7172 2 -1 27.9997 2 -1 21.9998 2 8.1845 20.1738 2
4 16 10.4806 25.7172 -2 -1 27.9997 -2 -1 21.9998 -2 8.1845 20.1738 -2
4 16 -1 27.9997 2 -12.4806 25.7172 2 -10.1845 20.1738 2 -1 21.9998 2
4 16 -1 27.9997 -2 -12.4806 25.7172 -2 -10.1845 20.1738 -2 -1 21.9998 -2
4 16 -12.4806 25.7172 2 -22.2132 19.2132 2 -17.9706 14.9706 2 -10.1845 20.1738 2
4 16 -12.4806 25.7172 -2 -22.2132 19.2132 -2 -17.9706 14.9706 -2 -10.1845 20.1738 -2
2 24 20.2132 19.2132 -2 10.4806 25.7172 -2
2 24 -12.4806 25.7172 -2 -22.2132 19.2132 -2
2 24 15.9706 14.9706 -2 8.1845 20.1738 -2
2 24 -10.1845 20.1738 -2 -17.9706 14.9706 -2
2 24 10.4806 25.7172 2 20.2132 19.2132 2
2 24 -22.2132 19.2132 2 -12.4806 25.7172 2
2 24 8.1845 20.1738 2 15.9706 14.9706 2
2 24 -17.9706 14.9706 2 -10.1845 20.1738 2
1 16 -4 0 0 0 4 0 -4 0 0 0 0 -4 1-4cyls.dat
1 16 -4 0 0 0 4 0 -4 0 0 0 0 4 1-4cyls.dat
1 16 4 0 0 0 -4 0 -4 0 0 0 0 4 1-4cyls.dat
1 16 4 0 0 0 -4 0 -4 0 0 0 0 -4 1-4cyls.dat
1 16 -4 0 0 0 4 0 4 0 0 0 0 4 1-4cyls.dat
1 16 -4 0 0 0 4 0 4 0 0 0 0 -4 1-4cyls.dat
1 16 4 0 0 0 -4 0 4 0 0 0 0 -4 1-4cyls.dat
1 16 4 0 0 0 -4 0 4 0 0 0 0 4 1-4cyls.dat
1 16 0 -4 0 4 0 0 0 4 0 0 0 -4 1-4cyls.dat
1 16 0 -4 0 4 0 0 0 4 0 0 0 4 1-4cyls.dat
1 16 0 4 0 4 0 0 0 -4 0 0 0 4 1-4cyls.dat
1 16 0 4 0 4 0 0 0 -4 0 0 0 -4 1-4cyls.dat
1 16 0 -4 0 -4 0 0 0 4 0 0 0 4 1-4cyls.dat
1 16 0 -4 0 -4 0 0 0 4 0 0 0 -4 1-4cyls.dat
1 16 0 4 0 -4 0 0 0 -4 0 0 0 -4 1-4cyls.dat
1 16 0 4 0 -4 0 0 0 -4 0 0 0 4 1-4cyls.dat
1 16 -20.0919 17.0919 2 -2.12132 0 -2.12132 2.12132 0 -2.12132 0 -4 0 2-4cyli.dat
1 16 -20.0919 17.0919 2 -2.12132 0 -2.12132 2.12132 0 -2.12132 0 -4 0 2-4edge.dat
1 16 -20.0919 17.0919 -2 -2.12132 0 -2.12132 2.12132 0 -2.12132 0 -4 0 2-4edge.dat
1 16 -20.0919 17.0919 2 -2.12132 0 -2.12132 2.12132 0 -2.12132 0 -4 0 2-4disc.dat
1 16 -20.0919 17.0919 -2 -2.12132 0 -2.12132 2.12132 0 -2.12132 0 -4 0 2-4disc.dat
1 16 18.0919 17.0919 2 -2.12132 0 2.12132 -2.12132 0 -2.12132 0 -4 0 2-4cyli.dat
1 16 18.0919 17.0919 2 -2.12132 0 2.12132 -2.12132 0 -2.12132 0 -4 0 2-4disc.dat
1 16 18.0919 17.0919 2 -2.12132 0 2.12132 -2.12132 0 -2.12132 0 -4 0 2-4edge.dat
1 16 18.0919 17.0919 -2 -2.12132 0 2.12132 -2.12132 0 -2.12132 0 -4 0 2-4edge.dat
1 16 18.0919 17.0919 -2 -2.12132 0 2.12132 -2.12132 0 -2.12132 0 -4 0 2-4disc.dat
2 24 -17.8677 15.0393 1 -14.4769 17.3053 1
2 24 -17.8677 15.0393 -1 -14.4769 17.3053 -1
2 24 -17.8677 15.0393 1 -17.8677 15.0393 -1
2 24 -14.4769 17.3053 -1 -14.4769 17.3053 1
4 16 -4.9792 2.1508 1 -17.8677 15.0393 1 -14.4769 17.3053 1 -2.1508 4.9792 1
4 16 -4.9792 2.1508 -1 -17.8677 15.0393 -1 -14.4769 17.3053 -1 -2.1508 4.9792 -1
4 16 -4.9792 2.1508 1 -17.8677 15.0393 1 -17.8677 15.0393 -1 -4.9792 2.1508 -1
4 16 -14.4769 17.3053 -1 -2.1508 4.9792 -1 -2.1508 4.9792 1 -14.4769 17.3053 1
2 24 10 7.7549 1 15.9391 14.9916 1
2 24 15.9391 14.9916 -1 10 7.7549 -1
2 24 15.9391 14.9916 1 15.9391 14.9916 -1
2 24 15.9391 14.9916 -1 12.5973 17.2249 -1
2 24 15.9391 14.9916 1 12.5973 17.2249 1
2 24 12.5973 17.2249 -1 12.5973 17.2249 1
4 16 10 7.7549 1 15.9391 14.9916 1 15.9391 14.9916 -1 10 7.7549 -1
4 16 4.4925 1.044 -1 15.9391 14.9916 -1 12.5973 17.2249 -1 1.4005 3.5816 -1
4 16 4.4925 1.044 1 15.9391 14.9916 1 12.5973 17.2249 1 1.4005 3.5816 1
4 16 1.4005 3.5816 -1 12.5973 17.2249 -1 12.5973 17.2249 1 1.4005 3.5816 1
4 16 10 7.7549 -1 10 3 -1 10 3 1 10 7.7549 1
3 16 10 7.7549 1 10 3 1 4.4925 1.044 1
3 16 10 7.7549 -1 10 3 -1 4.4925 1.044 -1
2 24 16 -7 1 12 -7 1
2 24 12 -7 1 12 -7 -1
2 24 12 -7 -1 16 -7 -1
2 24 16 -7 -1 16 -7 1
4 16 12 -7 -1 16 -7 -1 16 -7 1 12 -7 1
2 24 10 7.7549 1 10 7.7549 -1
1 16 0 2 8 0 0 -4 -4 0 0 0 -6.5 0 4-4cyli.dat
1 16 0 2 8 0 0 4 -4 0 0 0 2 0 4-4edge.dat
1 16 0 2 8 0 0 2 -2 0 0 0 2 0 2-4ring1.dat
1 16 0 2 8 0 0 -2 -2 0 0 0 -2 0 2-4ring1.dat
1 16 0 2 8 0 0 2 -2 0 0 0 2 0 4-4edge.dat
1 16 0 2 4 0 0 2 -2 0 0 0 2 0 4-4edge.dat
1 16 0 2 8 0 0 -2 -2 0 0 0 -4 0 4-4cyli.dat
1 16 0 2 4 0 0 -2 -2 0 0 0 -1 0 4-4disc.dat
2 24 -3.382 27.53 2 -3.382 21.53 2
2 24 -3.382 27.53 -2 -3.382 21.53 -2
2 24 -3.696 21.46 -1.531 -3.382 21.53 -2
2 24 -4 21.4 0 -3.696 21.46 -1.531
2 24 -3.696 21.46 1.531 -4 21.4 0
2 24 -3.382 21.53 2 -3.696 21.46 1.531
2 24 -3.696 27.46 1.531 -3.382 27.53 2
2 24 -3.382 27.53 -2 -3.696 27.46 -1.531
2 24 -3.696 27.46 -1.531 -4 27.4 0
2 24 -4 27.4 0 -3.696 27.46 1.531
2 24 -3.382 21.53 -2 -10.1845 20.1738 -2
2 24 -3.382 27.53 -2 -12.4806 25.7172 -2
2 24 -3.382 21.53 2 -10.1845 20.1738 2
2 24 -3.382 27.53 2 -12.4806 25.7172 2
2 24 3.696 27.07 -1.531 3.382 27.13 -2
2 24 3.382 27.13 2 3.696 27.07 1.531
2 24 3.696 27.07 1.531 4 27.01 0
2 24 4 27.01 0 3.696 27.07 -1.531
2 24 4 21.01 0 3.696 21.07 1.531
2 24 3.696 21.07 1.531 3.382 21.13 2
2 24 3.382 21.13 -2 3.696 21.07 -1.531
2 24 3.696 21.07 -1.531 4 21.01 0
2 24 3.382 21.13 2 3.382 27.13 2
2 24 3.382 21.13 -2 3.382 27.13 -2
2 24 10.4806 25.7172 -2 3.382 27.13 -2
2 24 8.1845 20.1738 -2 3.382 21.13 -2
2 24 10.4806 25.7172 2 3.382 27.13 2
2 24 8.1845 20.1738 2 3.382 21.13 2
3 16 16 -5.801 -1 16 -6 0 16 -7 -1
4 16 16 -6 0 16 -5.801 1 16 -7 1 16 -7 -1
3 16 12 -5.801 -1 12 -6 0 12 -7 -1
4 16 12 -6 0 12 -5.801 1 12 -7 1 12 -7 -1
4 16 16 -5.801 1 12 -5.801 1 12 -7 1 16 -7 1
4 16 16 -5.801 -1 12 -5.801 -1 12 -7 -1 16 -7 -1
2 24 16 -5.801 1 12 -5.801 1
2 24 16 -5.801 -1 12 -5.801 -1
2 24 16 -5.801 -1 16 -6 0
2 24 16 -6 0 16 -5.801 1
2 24 12 -6 0 12 -5.801 1
2 24 12 -5.801 -1 12 -6 0
2 24 16 -5.801 -1 16 -7 -1
2 24 16 -5.801 1 16 -7 1
2 24 12 -5.801 1 12 -7 1
2 24 12 -5.801 -1 12 -7 -1
2 24 -4 6.828 0 -3.801 6.63 1
2 24 -3.801 6.63 -1 -4 6.828 0
2 24 -6.63 3.801 1 -6.828 4 0
2 24 -6.828 4 0 -6.63 3.801 -1
2 24 -3.801 6.63 1 -3.801 3.801 1
2 24 -3.801 6.63 -1 -3.801 3.801 -1
2 24 -6.63 3.801 1 -3.801 3.801 1
2 24 -6.63 3.801 -1 -3.801 3.801 -1
2 24 -6.63 3.801 1 -17.8677 15.0393 1
2 24 -14.4769 17.3053 1 -3.801 6.63 1
2 24 -6.63 3.801 -1 -17.8677 15.0393 -1
2 24 -14.4769 17.3053 -1 -3.801 6.63 -1
2 24 3.801 6.507 -1 4 6.749 0
2 24 4 6.749 0 3.801 6.507 1
2 24 10 4 0 10 3.801 -1
2 24 10 3.801 1 10 4 0
2 24 3.801 6.507 -1 3.801 3.801 -1
2 24 3.801 6.507 1 3.801 3.801 1
2 24 10 3.801 -1 3.801 3.801 -1
2 24 10 3.801 1 3.801 3.801 1
2 24 12.5973 17.2249 1 3.801 6.507 1
2 24 12.5973 17.2249 -1 3.801 6.507 -1
2 24 10 3.801 1 10 7.7549 1
2 24 10 3.801 -1 10 7.7549 -1
0
