0 Animal Scorpion
0 Name: 30169.dat
0 Author: Chris Dee [cwdee]
0 !LDRAW_ORG Part UPDATE 2009-01
0 !LICENSE Redistributable under CCAL version 2.0 : see CAreadme.txt

0 BFC CERTIFY CW

0 !HISTORY 2009-05-02 [PTadmin] Official Update 2009-01

0 // topside stud






1 16 0 0 0 1 0 0 0 1 0 0 0 1 stud2.dat
1 16 0 0 0 4 0 0 0 1 0 0 0 4 4-4disc.dat
0 underside stud
1 16 0 10 0 1 0 0 0 -1.5 0 0 0 1 stud4.dat
1 16 0 4 0 4 0 0 0 -1 0 0 0 4 4-4disc.dat
1 16 0 4 0 4 0 0 0 1 0 0 0 4 4-4edge.dat
0 BFC INVERTNEXT
1 16 0 4 0 4 0 0 0 7 0 0 0 4 4-4cyli.dat
1 16 0 11 0 4 0 0 0 1 0 0 0 4 4-4edge.dat
1 16 0 11 0 2 0 0 0 -1 0 0 0 2 ring2.dat
1 16 0 10 0 8 0 0 0 -1 0 0 0 -8 4-4ndis.dat
0 non-sym top surface
2 24 5.5 0 8 -5.5 0 8
2 24 5.5 0 8 7 0 0 
2 24 7 0 0 6.4673 0 -2.6789
2 24 6.4673 0 -2.6789 4.9497 0 -4.9497
2 24 4.9497 0 -4.9497 2.6789 0 -6.4673
2 24 2.6789 0 -6.4673 0 0 -7
2 24 0 0 -7 -2.6789 0 -6.4673
2 24 -2.6789 0 -6.4673 -4.9497 0 -4.9497
2 24 -4.9497 0 -4.9497 -6.4673 0 -2.6789
2 24 -6.4673 0 -2.6789 -7 0 0
2 24 -7 0 0 -5.5 0 8
1 16 0 0 0 1 0 0 0 1 0 0 0 1 4-4ring6.dat
3 16 5.5 0 8 7 0 0 6.4673 0 2.6789
3 16 5.5 0 8 6.4673 0 2.6789 4.9497 0 4.9497
3 16 5.5 0 8 4.9497 0 4.9497 2.6789 0 6.4673
3 16 5.5 0 8 2.6789 0 6.4673 0 0 7
3 16 5.5 0 8 0 0 7 -5.5 0 8
3 16 -6.4673 0 2.6789 -7 0 0 -5.5 0 8
3 16 -4.9497 0 4.9497 -6.4673 0 2.6789 -5.5 0 8
3 16 -2.6789 0 6.4673 -4.9497 0 4.9497 -5.5 0 8
3 16 0 0 7 -2.6789 0 6.4673 -5.5 0 8
5 24 0 2 -8 0 0 -7 -2.6789 0 -6.4673 2.6789 0 -6.4673
0 x-sym front claw
2 24 -11 10 5 -13 10 3
2 24 -13 10 3 -15 10 0
2 24 -15 10 0 -16.5 10 -3.5
2 24 -16.5 10 -3.5 -18 10 -7.5
2 24 -18 10 -7.5 -19 10 -12
2 24 -19 10 -12 -20 10 -17
2 24 -20 10 -17 -17 10 -20
2 24 -17 10 -20 -11 10 -23
2 24 -11 10 -23 -6 10 -24
2 24 -6 10 -24 -10.5 10 -19.5
2 24 -10.5 10 -19.5 -11 10 -18.6
2 24 -11 10 -18.6 -10.5 10 -18
2 24 -10.5 10 -18 -5 10 -16
2 24 -5 10 -16 -11 10 -13.5
2 24 -11 10 -13.5 -12.25 10 -12.75
2 24 -12.25 10 -12.75 -12.75 10 -12
2 24 -12.75 10 -12 -13 10 -11
2 24 -13 10 -11 -12.75 10 -10
2 24 -12.75 10 -10 -12 10 -9
2 24 -12 10 -9 -10.5 10 -8.5
2 24 -10.5 10 -8.5 -9.5 10 -8.5
2 24 -9.5 10 -8.5 -3.5 10 -11
2 24 -3.5 10 -11 -3 10 -10
2 24 -3 10 -10 -1.5 10 -8.5
2 24 -1.5 10 -8.5 0 10 -8
2 24 -15 2 0 -16.5 2 -3.5
2 24 -16.5 2 -3.5 -18 2 -7.5
2 24 -18 2 -7.5 -19 2 -12
2 24 -19 2 -12 -20 2 -17
2 24 -20 2 -17 -17 2 -20
2 24 -17 2 -20 -11 2 -23
2 24 -11 2 -23 -6 2 -24
2 24 -6 2 -24 -10.5 2 -19.5
2 24 -10.5 2 -19.5 -11 2 -18.6
2 24 -11 2 -18.6 -10.5 2 -18
2 24 -10.5 2 -18 -5 2 -16
2 24 -5 2 -16 -11 2 -13.5
2 24 -11 2 -13.5 -12.25 2 -12.75
2 24 -12.25 2 -12.75 -12.75 2 -12
2 24 -12.75 2 -12 -13 2 -11
2 24 -13 2 -11 -12.75 2 -10
2 24 -12.75 2 -10 -12 2 -9
2 24 -12 2 -9 -10.5 2 -8.5
2 24 -10.5 2 -8.5 -9.5 2 -8.5
2 24 -9.5 2 -8.5 -5 1 -8.5
5 24 -15 2 0 -15 10 0 -13 10 3 -16.5 10 -3.5
5 24 -16.5 2 -3.5 -16.5 10 -3.5 -15 10 0 -18 10 -7.5
5 24 -18 2 -7.5 -18 10 -7.5 -16.5 10 -3.5 -19 10 -12
5 24 -19 2 -12 -19 10 -12 -18 10 -7.5 -20 10 -17
2 24 -20 2 -17 -20 10 -17
5 24 -17 2 -20 -17 10 -20 -20 10 -17 -11 10 -23
5 24 -11 2 -23 -11 10 -23 -17 10 -20 -6 10 -24
2 24 -6 2 -24 -6 10 -24
5 24 -10.5 2 -19.5 -10.5 10 -19.5 -6 10 -24 -11 10 -18.6
5 24 -11 2 -18.6 -11 10 -18.6 -10.5 10 -19.5 -10.5 10 -18
5 24 -10.5 2 -18 -10.5 10 -18 -11 10 -18.6 -5 10 -16
2 24 -5 2 -16 -5 10 -16
5 24 -11 2 -13.5 -11 10 -13.5 -5 10 -16 -12.25 10 -12.75
5 24 -12.25 2 -12.75 -12.25 10 -12.75 -11 10 -13.5 -12.75 10 -12
5 24 -12.75 2 -12 -12.75 10 -12 -12.25 10 -12.75 -13 10 -11
5 24 -13 2 -11 -13 10 -11 -12.75 10 -12 -12.75 10 -10
5 24 -12.75 2 -10 -12.75 10 -10 -13 10 -11 -12 10 -9
5 24 -12 2 -9 -12 10 -9 -12.75 10 -10 -10.5 10 -8.5
5 24 -10.5 2 -8.5 -10.5 10 -8.5 -12 10 -9 -9.5 10 -8.5
5 24 -9.5 2 -8.5 -9.5 10 -8.5 -10.5 10 -8.5 0 10 -8
4 16 -15 2 0 -16.5 2 -3.5 -16.5 10 -3.5 -15 10 0
4 16 -16.5 2 -3.5 -18 2 -7.5 -18 10 -7.5 -16.5 10 -3.5
4 16 -18 2 -7.5 -19 2 -12 -19 10 -12 -18 10 -7.5
4 16 -19 2 -12 -20 2 -17 -20 10 -17 -19 10 -12
4 16 -20 2 -17 -17 2 -20 -17 10 -20 -20 10 -17
4 16 -17 2 -20 -11 2 -23 -11 10 -23 -17 10 -20
4 16 -11 2 -23 -6 2 -24 -6 10 -24 -11 10 -23
4 16 -6 2 -24 -10.5 2 -19.5 -10.5 10 -19.5 -6 10 -24
4 16 -10.5 2 -19.5 -11 2 -18.6 -11 10 -18.6 -10.5 10 -19.5
4 16 -11 2 -18.6 -10.5 2 -18 -10.5 10 -18 -11 10 -18.6
4 16 -10.5 2 -18 -5 2 -16 -5 10 -16 -10.5 10 -18
4 16 -5 2 -16 -11 2 -13.5 -11 10 -13.5 -5 10 -16
4 16 -11 2 -13.5 -12.25 2 -12.75 -12.25 10 -12.75 -11 10 -13.5
4 16 -12.25 2 -12.75 -12.75 2 -12 -12.75 10 -12 -12.25 10 -12.75
4 16 -12.75 2 -12 -13 2 -11 -13 10 -11 -12.75 10 -12
4 16 -13 2 -11 -12.75 2 -10 -12.75 10 -10 -13 10 -11
4 16 -12.75 2 -10 -12 2 -9 -12 10 -9 -12.75 10 -10
4 16 -12 2 -9 -10.5 2 -8.5 -10.5 10 -8.5 -12 10 -9
4 16 -10.5 2 -8.5 -9.5 2 -8.5 -9.5 10 -8.5 -10.5 10 -8.5
3 16 -8.3 6 -9 -9.5 2 -8.5 -5 1 -8.5
3 16 -9.5 10 -8.5 -9.5 2 -8.5 -8.3 6 -9
3 16 -5 1 -8.5 -7.1 4 -9.5 -8.3 6 -9
3 16 -5 1 -8.5 -5.9 3 -10 -7.1 4 -9.5
3 16 -5 1 -8.5 -4.7 4 -10.5 -5.9 3 -10
3 16 -5 1 -8.5 -3.5 6 -11 -4.7 4 -10.5
5 24 -5 1 -8.5 -3.5 6 -11 -2.679 0 -6.467 -4.7 4 -10.5
5 24 -5 1 -8.5 -4.7 4 -10.5 -3.5 6 -11 -5.9 3 -10
5 24 -5 1 -8.5 -5.9 3 -10 -4.7 4 -10.5 -7.1 4 -9.5
5 24 -5 1 -8.5 -7.1 4 -9.5 -5.9 3 -10 -8.3 6 -9
5 24 -2.679 0 -6.467 0 2 -8 0 0 -7 -1.5 3 -8.5
5 24 -2.679 0 -6.467 -1.5 3 -8.5 0 2 -8 -3 5 -10
5 24 -2.679 0 -6.467 -3 5 -10 -1.5 3 -8.5 -3.5 6 -11
5 24 -2.679 0 -6.467 -3.5 6 -11 -3 5 -10 -5 1 -8.5
3 16 -5 1 -8.5 -2.679 0 -6.467 -3.5 6 -11
3 16 -3.5 6 -11 -2.679 0 -6.467 -3 5 -10
3 16 -3 5 -10 -2.679 0 -6.467 -1.5 3 -8.5
3 16 -1.5 3 -8.5 -2.679 0 -6.467 0 2 -8
3 16 0 2 -8 -2.679 0 -6.467 0 0 -7
4 16 -9.5 10 -8.5 -8.3 6 -9 -3.5 6 -11 -3.5 10 -11
4 16 -8.3 6 -9 -7.1 4 -9.5 -4.7 4 -10.5 -3.5 6 -11
3 16 -7.1 4 -9.5 -5.9 3 -10 -4.7 4 -10.5
4 16 -3.5 6 -11 -3 5 -10 -3 10 -10 -3.5 10 -11
4 16 -3 5 -10 -1.5 3 -8.5 -1.5 10 -8.5 -3 10 -10
4 16 -1.5 3 -8.5 0 2 -8 0 10 -8 -1.5 10 -8.5
2 24 -8.3 6 -9 -5 1 -8.5
2 24 -4.7 4 -10.5 -3.5 6 -11
2 24 -5.9 3 -10 -4.7 4 -10.5
2 24 -7.1 4 -9.5 -5.9 3 -10
2 24 -8.3 6 -9 -7.1 4 -9.5
2 24 -9.5 10 -8.5 -8.3 6 -9
2 24 -3.5 6 -11 -3.5 10 -11
2 24 -3.5 6 -11 -3 5 -10
2 24 -3 5 -10 -1.5 3 -8.5
2 24 -1.5 3 -8.5 0 2 -8
4 16 -17 10 -20 -11 10 -23 -6 10 -24 -10.5 10 -19.5
4 16 -20 10 -17 -17 10 -20 -10.5 10 -19.5 -11 10 -18.6
4 16 -11 10 -18.6 -10.5 10 -18 -11 10 -13.5 -12.25 10 -12.75
3 16 -10.5 10 -18 -5 10 -16 -11 10 -13.5
4 16 -20 10 -17 -11 10 -18.6 -12.25 10 -12.75 -12.75 10 -12
4 16 -19 10 -12 -20 10 -17 -12.75 10 -12 -13 10 -11
4 16 -18 10 -7.5 -19 10 -12 -13 10 -11 -12.75 10 -10
4 16 -16.5 10 -3.5 -18 10 -7.5 -12.75 10 -10 -12 10 -9
4 16 -15 10 0 -16.5 10 -3.5 -12 10 -9 -10.5 10 -8.5
4 16 -13 10 3 -15 10 0 -10.5 10 -8.5 -9.5 10 -8.5
4 16 -11 10 5 -13 10 3 -9.5 10 -8.5 -8 10 0
3 16 -8 10 0 -9.5 10 -8.5 -8 10 -8
4 16 -8 10 -8 -9.5 10 -8.5 -3.5 10 -11 -3 10 -10
3 16 -8 10 -8 -3 10 -10 -1.5 10 -8.5
3 16 -8 10 -8 -1.5 10 -8.5 0 10 -8
4 16 -6 2 -24 -11 2 -23 -17 2 -20 -10.5 2 -19.5
4 16 -10.5 2 -19.5 -17 2 -20 -20 2 -17 -11 2 -18.6
4 16 -11 2 -13.5 -10.5 2 -18 -11 2 -18.6 -12.25 2 -12.75
3 16 -11 2 -13.5 -5 2 -16 -10.5 2 -18
4 16 -12.25 2 -12.75 -11 2 -18.6 -20 2 -17 -12.75 2 -12
4 16 -12.75 2 -12 -20 2 -17 -19 2 -12 -13 2 -11
4 16 -13 2 -11 -19 2 -12 -18 2 -7.5 -12.75 2 -10
4 16 -12.75 2 -10 -18 2 -7.5 -16.5 2 -3.5 -12 2 -9
4 16 -12 2 -9 -16.5 2 -3.5 -15 2 0 -10.5 2 -8.5
0
2 24 11 10 5 13 10 3
2 24 13 10 3 15 10 0
2 24 15 10 0 16.5 10 -3.5
2 24 16.5 10 -3.5 18 10 -7.5
2 24 18 10 -7.5 19 10 -12
2 24 19 10 -12 20 10 -17
2 24 20 10 -17 17 10 -20
2 24 17 10 -20 11 10 -23
2 24 11 10 -23 6 10 -24
2 24 6 10 -24 10.5 10 -19.5
2 24 10.5 10 -19.5 11 10 -18.6
2 24 11 10 -18.6 10.5 10 -18
2 24 10.5 10 -18 5 10 -16
2 24 5 10 -16 11 10 -13.5
2 24 11 10 -13.5 12.25 10 -12.75
2 24 12.25 10 -12.75 12.75 10 -12
2 24 12.75 10 -12 13 10 -11
2 24 13 10 -11 12.75 10 -10
2 24 12.75 10 -10 12 10 -9
2 24 12 10 -9 10.5 10 -8.5
2 24 10.5 10 -8.5 9.5 10 -8.5
2 24 9.5 10 -8.5 3.5 10 -11
2 24 3.5 10 -11 3 10 -10
2 24 3 10 -10 1.5 10 -8.5
2 24 1.5 10 -8.5 0 10 -8
2 24 15 2 0 16.5 2 -3.5
2 24 16.5 2 -3.5 18 2 -7.5
2 24 18 2 -7.5 19 2 -12
2 24 19 2 -12 20 2 -17
2 24 20 2 -17 17 2 -20
2 24 17 2 -20 11 2 -23
2 24 11 2 -23 6 2 -24
2 24 6 2 -24 10.5 2 -19.5
2 24 10.5 2 -19.5 11 2 -18.6
2 24 11 2 -18.6 10.5 2 -18
2 24 10.5 2 -18 5 2 -16
2 24 5 2 -16 11 2 -13.5
2 24 11 2 -13.5 12.25 2 -12.75
2 24 12.25 2 -12.75 12.75 2 -12
2 24 12.75 2 -12 13 2 -11
2 24 13 2 -11 12.75 2 -10
2 24 12.75 2 -10 12 2 -9
2 24 12 2 -9 10.5 2 -8.5
2 24 10.5 2 -8.5 9.5 2 -8.5
2 24 9.5 2 -8.5 5 1 -8.5
5 24 15 2 0 15 10 0 13 10 3 16.5 10 -3.5
5 24 16.5 2 -3.5 16.5 10 -3.5 15 10 0 18 10 -7.5
5 24 18 2 -7.5 18 10 -7.5 16.5 10 -3.5 19 10 -12
5 24 19 2 -12 19 10 -12 18 10 -7.5 20 10 -17
2 24 20 2 -17 20 10 -17
5 24 17 2 -20 17 10 -20 20 10 -17 11 10 -23
5 24 11 2 -23 11 10 -23 17 10 -20 6 10 -24
2 24 6 2 -24 6 10 -24
5 24 10.5 2 -19.5 10.5 10 -19.5 6 10 -24 11 10 -18.6
5 24 11 2 -18.6 11 10 -18.6 10.5 10 -19.5 10.5 10 -18
5 24 10.5 2 -18 10.5 10 -18 11 10 -18.6 5 10 -16
2 24 5 2 -16 5 10 -16
5 24 11 2 -13.5 11 10 -13.5 5 10 -16 12.25 10 -12.75
5 24 12.25 2 -12.75 12.25 10 -12.75 11 10 -13.5 12.75 10 -12
5 24 12.75 2 -12 12.75 10 -12 12.25 10 -12.75 13 10 -11
5 24 13 2 -11 13 10 -11 12.75 10 -12 12.75 10 -10
5 24 12.75 2 -10 12.75 10 -10 13 10 -11 12 10 -9
5 24 12 2 -9 12 10 -9 12.75 10 -10 10.5 10 -8.5
5 24 10.5 2 -8.5 10.5 10 -8.5 12 10 -9 9.5 10 -8.5
5 24 9.5 2 -8.5 9.5 10 -8.5 10.5 10 -8.5 0 10 -8
4 16 16.5 10 -3.5 16.5 2 -3.5 15 2 0 15 10 0
4 16 18 10 -7.5 18 2 -7.5 16.5 2 -3.5 16.5 10 -3.5
4 16 19 10 -12 19 2 -12 18 2 -7.5 18 10 -7.5
4 16 20 10 -17 20 2 -17 19 2 -12 19 10 -12
4 16 17 10 -20 17 2 -20 20 2 -17 20 10 -17
4 16 11 10 -23 11 2 -23 17 2 -20 17 10 -20
4 16 6 10 -24 6 2 -24 11 2 -23 11 10 -23
4 16 10.5 10 -19.5 10.5 2 -19.5 6 2 -24 6 10 -24
4 16 11 10 -18.6 11 2 -18.6 10.5 2 -19.5 10.5 10 -19.5
4 16 10.5 10 -18 10.5 2 -18 11 2 -18.6 11 10 -18.6
4 16 5 10 -16 5 2 -16 10.5 2 -18 10.5 10 -18
4 16 11 10 -13.5 11 2 -13.5 5 2 -16 5 10 -16
4 16 12.25 10 -12.75 12.25 2 -12.75 11 2 -13.5 11 10 -13.5
4 16 12.75 10 -12 12.75 2 -12 12.25 2 -12.75 12.25 10 -12.75
4 16 13 10 -11 13 2 -11 12.75 2 -12 12.75 10 -12
4 16 12.75 10 -10 12.75 2 -10 13 2 -11 13 10 -11
4 16 12 10 -9 12 2 -9 12.75 2 -10 12.75 10 -10
4 16 10.5 10 -8.5 10.5 2 -8.5 12 2 -9 12 10 -9
4 16 9.5 10 -8.5 9.5 2 -8.5 10.5 2 -8.5 10.5 10 -8.5
3 16 5 1 -8.5 9.5 2 -8.5 8.3 6 -9
3 16 8.3 6 -9 9.5 2 -8.5 9.5 10 -8.5
3 16 8.3 6 -9 7.1 4 -9.5 5 1 -8.5
3 16 7.1 4 -9.5 5.9 3 -10 5 1 -8.5
3 16 5.9 3 -10 4.7 4 -10.5 5 1 -8.5
3 16 4.7 4 -10.5 3.5 6 -11 5 1 -8.5
5 24 5 1 -8.5 3.5 6 -11 2.679 0 -6.467 4.7 4 -10.5
5 24 5 1 -8.5 4.7 4 -10.5 3.5 6 -11 5.9 3 -10
5 24 5 1 -8.5 5.9 3 -10 4.7 4 -10.5 7.1 4 -9.5
5 24 5 1 -8.5 7.1 4 -9.5 5.9 3 -10 8.3 6 -9
5 24 2.679 0 -6.467 0 2 -8 0 0 -7 1.5 3 -8.5
5 24 2.679 0 -6.467 1.5 3 -8.5 0 2 -8 3 5 -10
5 24 2.679 0 -6.467 3 5 -10 1.5 3 -8.5 3.5 6 -11
5 24 2.679 0 -6.467 3.5 6 -11 3 5 -10 5 1 -8.5
3 16 3.5 6 -11 2.679 0 -6.467 5 1 -8.5
3 16 3 5 -10 2.679 0 -6.467 3.5 6 -11
3 16 1.5 3 -8.5 2.679 0 -6.467 3 5 -10
3 16 0 2 -8 2.679 0 -6.467 1.5 3 -8.5
3 16 0 0 -7 2.679 0 -6.467 0 2 -8
4 16 3.5 6 -11 8.3 6 -9 9.5 10 -8.5 3.5 10 -11
4 16 4.7 4 -10.5 7.1 4 -9.5 8.3 6 -9 3.5 6 -11
3 16 4.7 4 -10.5 5.9 3 -10 7.1 4 -9.5
4 16 3 10 -10 3 5 -10 3.5 6 -11 3.5 10 -11
4 16 1.5 10 -8.5 1.5 3 -8.5 3 5 -10 3 10 -10
4 16 0 10 -8 0 2 -8 1.5 3 -8.5 1.5 10 -8.5
2 24 8.3 6 -9 5 1 -8.5
2 24 4.7 4 -10.5 3.5 6 -11
2 24 5.9 3 -10 4.7 4 -10.5
2 24 7.1 4 -9.5 5.9 3 -10
2 24 8.3 6 -9 7.1 4 -9.5
2 24 9.5 10 -8.5 8.3 6 -9
2 24 3.5 6 -11 3.5 10 -11
2 24 3.5 6 -11 3 5 -10
2 24 3 5 -10 1.5 3 -8.5
2 24 1.5 3 -8.5 0 2 -8
4 16 6 10 -24 11 10 -23 17 10 -20 10.5 10 -19.5
4 16 10.5 10 -19.5 17 10 -20 20 10 -17 11 10 -18.6
4 16 11 10 -13.5 10.5 10 -18 11 10 -18.6 12.25 10 -12.75
3 16 11 10 -13.5 5 10 -16 10.5 10 -18
4 16 12.25 10 -12.75 11 10 -18.6 20 10 -17 12.75 10 -12
4 16 12.75 10 -12 20 10 -17 19 10 -12 13 10 -11
4 16 13 10 -11 19 10 -12 18 10 -7.5 12.75 10 -10
4 16 12.75 10 -10 18 10 -7.5 16.5 10 -3.5 12 10 -9
4 16 12 10 -9 16.5 10 -3.5 15 10 0 10.5 10 -8.5
4 16 10.5 10 -8.5 15 10 0 13 10 3 9.5 10 -8.5
4 16 9.5 10 -8.5 13 10 3 11 10 5 8 10 0
3 16 8 10 -8 9.5 10 -8.5 8 10 0
4 16 3.5 10 -11 9.5 10 -8.5 8 10 -8 3 10 -10
3 16 1.5 10 -8.5 3 10 -10 8 10 -8
3 16 0 10 -8 1.5 10 -8.5 8 10 -8
4 16 17 2 -20 11 2 -23 6 2 -24 10.5 2 -19.5
4 16 20 2 -17 17 2 -20 10.5 2 -19.5 11 2 -18.6
4 16 11 2 -18.6 10.5 2 -18 11 2 -13.5 12.25 2 -12.75
3 16 10.5 2 -18 5 2 -16 11 2 -13.5
4 16 20 2 -17 11 2 -18.6 12.25 2 -12.75 12.75 2 -12
4 16 19 2 -12 20 2 -17 12.75 2 -12 13 2 -11
4 16 18 2 -7.5 19 2 -12 13 2 -11 12.75 2 -10
4 16 16.5 2 -3.5 18 2 -7.5 12.75 2 -10 12 2 -9
4 16 15 2 0 16.5 2 -3.5 12 2 -9 10.5 2 -8.5
0 thorax x-sym
2 24 -11 10 5 -11 10 11
2 24 -11 10 11 -10.333 9.5 12
2 24 -10.333 9.5 12 -10.167 9.5 13
2 24 -10.167 9.5 13 -10.5 10 14
2 24 -10.5 10 14 -9.75 10 17
2 24 -9.75 10 17 -9 9.5 18
2 24 -9 9.5 18 -8.75 9.5 19
2 24 -8.75 9.5 19 -9 10 20
2 24 -9 10 20 -8 10 23
2 24 -8 10 23 -7.167 9.5 24
2 24 -7.167 9.5 24 -6.833 9.5 25
2 24 -6.833 9.5 25 -7 10 26
2 24 -7 10 26 -5 10 30
2 24 -5 10 30 -2.5 10 31.5
2 24 -2.5 10 31.5 0 10 32
2 24 -11 10 11 -7.471 10 11
5 24 -7.206 9.5 12 -10.333 9.5 12 -7.471 10 11 -10.167 9.5 13
5 24 -6.941 9.5 13 -10.167 9.5 13 -10.333 9.5 12 -6.676 10 14
2 24 -10.5 10 14 -6.676 10 14
2 24 -9.75 10 17 -5.882 10 17
5 24 -5.618 9.5 18 -9 9.5 18 -5.882 10 17 -8.75 9.5 19
5 24 -5.353 9.5 19 -8.75 9.5 19 -9 9.5 18 -5.088 10 20
2 24 -9 10 20 -5.088 10 20
2 24 -8 10 23 -4.294 10 23
5 24 -4.029 9.5 24 -7.167 9.5 24 -4.294 10 23 -6.833 9.5 25
5 24 -3.765 9.5 25 -6.833 9.5 25 -7.167 9.5 24 -3.5 10 26
2 24 -7 10 26 -3.5 10 26
3 16 -8 10 9 -7.471 10 11 -11 10 11
4 16 -11 10 11 -7.471 10 11 -7.206 9.5 12 -10.333 9.5 12
4 16 -10.333 9.5 12 -7.206 9.5 12 -6.941 9.5 13 -10.167 9.5 13
4 16 -10.167 9.5 13 -6.941 9.5 13 -6.676 10 14 -10.5 10 14
4 16 -10.5 10 14 -6.676 10 14 -5.882 10 17 -9.75 10 17
4 16 -9.75 10 17 -5.882 10 17 -5.618 9.5 18 -9 9.5 18
4 16 -9 9.5 18 -5.618 9.5 18 -5.353 9.5 19 -8.75 9.5 19
4 16 -8.75 9.5 19 -5.353 9.5 19 -5.088 10 20 -9 10 20
4 16 -9 10 20 -5.088 10 20 -4.294 10 23 -8 10 23
4 16 -8 10 23 -4.294 10 23 -4.029 9.5 24 -7.167 9.5 24
4 16 -7.167 9.5 24 -4.029 9.5 24 -3.765 9.5 25 -6.833 9.5 25
4 16 -6.833 9.5 25 -3.765 9.5 25 -3.5 10 26 -7 10 26
4 16 -11 10 5 -8 10 0 -8 10 9 -11 10 11
3 16 -7 10 26 -3.5 10 26 -5 10 30
4 16 -5 10 30 -3.5 10 26 0 10 26.5 -2.5 10 31.5
2 24 -11 6 5 -11 10 5
2 24 -11 6.857 11 -11 10 11
5 24 -10.333 7 12 -10.333 9.5 12 -11 10 11 -10.167 9.5 13
5 24 -10.167 7.143 13 -10.167 9.5 13 -10.333 9.5 12 -10.5 10 14
2 24 -10.5 7.286 14 -10.5 10 14
2 24 -9.75 7.714 17 -9.75 10 17
5 24 -9 7.857 18 -9 9.5 18 -9.75 10 17 -8.75 9.5 19
5 24 -8.75 8 19 -8.75 9.5 19 -9 9.5 18 -9 10 20
2 24 -9 8.143 20 -9 10 20
2 24 -8 8.571 23 -8 10 23
5 24 -7.167 8.714 24 -7.167 9.5 24 -8 10 23 -6.833 9.5 25
5 24 -6.833 8.857 25 -6.833 9.5 25 -7.167 9.5 24 -7 10 26
2 24 -7 9 26 -7 10 26
4 16 -11 6 5 -11 10 5 -11 10 11 -11 6.857 11
4 16 -11 6.857 11 -11 10 11 -10.333 9.5 12 -10.333 7 12
4 16 -10.333 7 12 -10.333 9.5 12 -10.167 9.5 13 -10.167 7.143 13
4 16 -10.167 7.143 13 -10.167 9.5 13 -10.5 10 14 -10.5 7.286 14
4 16 -10.5 7.286 14 -10.5 10 14 -9.75 10 17 -9.75 7.714 17
4 16 -9.75 7.714 17 -9.75 10 17 -9 9.5 18 -9 7.857 18
4 16 -9 7.857 18 -9 9.5 18 -8.75 9.5 19 -8.75 8 19
4 16 -8.75 8 19 -8.75 9.5 19 -9 10 20 -9 8.143 20
4 16 -9 8.143 20 -9 10 20 -8 10 23 -8 8.571 23
4 16 -8 8.571 23 -8 10 23 -7.167 9.5 24 -7.167 8.714 24
4 16 -7.167 8.714 24 -7.167 9.5 24 -6.833 9.5 25 -6.833 8.857 25
4 16 -6.833 8.857 25 -6.833 9.5 25 -7 10 26 -7 9 26
2 24 -11 6 5 -11 6.857 11
2 24 -11 6.857 11 -10.333 7 12
2 24 -10.333 7 12 -10.167 7.143 13
2 24 -10.167 7.143 13 -10.5 7.286 14
2 24 -10.5 7.286 14 -9.75 7.714 17
2 24 -9.75 7.714 17 -9 7.857 18
2 24 -9 7.857 18 -8.75 8 19
2 24 -8.75 8 19 -9 8.143 20
2 24 -9 8.143 20 -8 8.571 23
2 24 -8 8.571 23 -7.167 8.714 24
2 24 -7.167 8.714 24 -6.833 8.857 25
2 24 -6.833 8.857 25 -7 9 26
2 24 -5.5 0 8 -6.5 .667 11
2 24 -6.5 .667 11 -5.943 1.389 12
2 24 -5.943 1.389 12 -5.867 1.611 13
2 24 -5.867 1.611 13 -6.3 1.333 14
2 24 -6.3 1.333 14 -6.1 2 17
2 24 -6.1 2 17 -5.533 2.722 18
2 24 -5.533 2.722 18 -5.467 2.944 19
2 24 -5.467 2.944 19 -5.9 2.667 20
2 24 -5.9 2.667 20 -5.7 3.333 23
2 24 -5.7 3.333 23 -5.133 4.056 24
2 24 -5.133 4.056 24 -5.067 4.278 25
2 24 -5.067 4.278 25 -5.5 4 26
2 24 -6.5 .667 11 -11 6.857 11
5 24 -5.943 .889 12 -10.333 7 12 -11 6.857 11 -10.167 7.143 13
5 24 -5.867 1.611 13 -10.167 7.143 13 -10.333 7 12 -10.5 7.286 14
2 24 -6.3 1.333 14 -10.5 7.286 14
2 24 -6.1 2 17 -9.75 7.714 17
5 24 -5.533 2.722 18 -9 7.857 18 -9.75 7.714 17 -8.75 8 19
5 24 -5.467 2.944 19 -8.75 8 19 -9 7.857 18 -9 8.143 20
2 24 -5.9 2.667 20 -9 8.143 20
2 24 -5.7 3.333 23 -8 8.571 23
5 24 -5.133 4.056 24 -7.167 8.714 24 -8 8.571 23 -6.833 8.857 25
5 24 -5.067 4.278 25 -6.833 8.857 25 -7.167 8.714 24 -7 9 26
2 24 -5.5 4 26 -7 9 26
3 16 -6.5 .667 11 -11 6.857 11 -5.943 1.389 12
3 16 -5.943 1.389 12 -11 6.857 11 -10.333 7 12
3 16 -5.943 1.389 12 -10.333 7 12 -5.867 1.611 13
3 16 -5.867 1.611 13 -10.333 7 12 -10.167 7.143 13
3 16 -5.867 1.611 13 -10.167 7.143 13 -10.5 7.286 14
3 16 -10.5 7.286 14 -6.3 1.333 14 -5.867 1.611 13
3 16 -6.3 1.333 14 -10.5 7.286 14 -6.1 2 17
3 16 -6.1 2 17 -10.5 7.286 14 -9.75 7.714 17
3 16 -6.1 2 17 -9.75 7.714 17 -5.533 2.722 18
3 16 -5.533 2.722 18 -9.75 7.714 17 -9 7.857 18
3 16 -5.533 2.722 18 -9 7.857 18 -5.467 2.944 19
3 16 -5.467 2.944 19 -9 7.857 18 -8.75 8 19
3 16 -5.467 2.944 19 -8.75 8 19 -9 8.143 20
3 16 -9 8.143 20 -5.9 2.667 20 -5.467 2.944 19
3 16 -5.9 2.667 20 -9 8.143 20 -5.7 3.333 23
3 16 -5.7 3.333 23 -9 8.143 20 -8 8.571 23
3 16 -5.7 3.333 23 -8 8.571 23 -5.133 4.056 24
3 16 -5.133 4.056 24 -8 8.571 23 -7.167 8.714 24
3 16 -5.133 4.056 24 -7.167 8.714 24 -5.067 4.278 25
3 16 -5.067 4.278 25 -7.167 8.714 24 -6.833 8.857 25
3 16 -5.067 4.278 25 -6.833 8.857 25 -7 9 26
3 16 -7 9 26 -5.5 4 26 -5.067 4.278 25
5 24 -6.1 2 17 -10.5 7.286 14 -9.75 7.714 17 -6.3 1.333 14
5 24 -9 8.143 20 -5.7 3.333 23 -5.9 2.667 20 -8 8.571 23
0
2 24 11 10 5 11 10 11
2 24 11 10 11 10.333 9.5 12
2 24 10.333 9.5 12 10.167 9.5 13
2 24 10.167 9.5 13 10.5 10 14
2 24 10.5 10 14 9.75 10 17
2 24 9.75 10 17 9 9.5 18
2 24 9 9.5 18 8.75 9.5 19
2 24 8.75 9.5 19 9 10 20
2 24 9 10 20 8 10 23
2 24 8 10 23 7.167 9.5 24
2 24 7.167 9.5 24 6.833 9.5 25
2 24 6.833 9.5 25 7 10 26
2 24 7 10 26 5 10 30
2 24 5 10 30 2.5 10 31.5
2 24 2.5 10 31.5 0 10 32
2 24 11 10 11 7.471 10 11
5 24 7.206 9.5 12 10.333 9.5 12 7.471 10 11 10.167 9.5 13
5 24 6.941 9.5 13 10.167 9.5 13 10.333 9.5 12 6.676 10 14
2 24 10.5 10 14 6.676 10 14
2 24 9.75 10 17 5.882 10 17
5 24 5.618 9.5 18 9 9.5 18 5.882 10 17 8.75 9.5 19
5 24 5.353 9.5 19 8.75 9.5 19 9 9.5 18 5.088 10 20
2 24 9 10 20 5.088 10 20
2 24 8 10 23 4.294 10 23
5 24 4.029 9.5 24 7.167 9.5 24 4.294 10 23 6.833 9.5 25
5 24 3.765 9.5 25 6.833 9.5 25 7.167 9.5 24 3.5 10 26
2 24 7 10 26 3.5 10 26
3 16 11 10 11 7.471 10 11 8 10 9
4 16 7.206 9.5 12 7.471 10 11 11 10 11 10.333 9.5 12
4 16 6.941 9.5 13 7.206 9.5 12 10.333 9.5 12 10.167 9.5 13
4 16 6.676 10 14 6.941 9.5 13 10.167 9.5 13 10.5 10 14
4 16 5.882 10 17 6.676 10 14 10.5 10 14 9.75 10 17
4 16 5.618 9.5 18 5.882 10 17 9.75 10 17 9 9.5 18
4 16 5.353 9.5 19 5.618 9.5 18 9 9.5 18 8.75 9.5 19
4 16 5.088 10 20 5.353 9.5 19 8.75 9.5 19 9 10 20
4 16 4.294 10 23 5.088 10 20 9 10 20 8 10 23
4 16 4.029 9.5 24 4.294 10 23 8 10 23 7.167 9.5 24
4 16 3.765 9.5 25 4.029 9.5 24 7.167 9.5 24 6.833 9.5 25
4 16 3.5 10 26 3.765 9.5 25 6.833 9.5 25 7 10 26
4 16 8 10 9 8 10 0 11 10 5 11 10 11
3 16 5 10 30 3.5 10 26 7 10 26
4 16 0 10 26.5 3.5 10 26 5 10 30 2.5 10 31.5
2 24 11 6 5 11 10 5
2 24 11 6.857 11 11 10 11
5 24 10.333 7 12 10.333 9.5 12 11 10 11 10.167 9.5 13
5 24 10.167 7.143 13 10.167 9.5 13 10.333 9.5 12 10.5 10 14
2 24 10.5 7.286 14 10.5 10 14
2 24 9.75 7.714 17 9.75 10 17
5 24 9 7.857 18 9 9.5 18 9.75 10 17 8.75 9.5 19
5 24 8.75 8 19 8.75 9.5 19 9 9.5 18 9 10 20
2 24 9 8.143 20 9 10 20
2 24 8 8.571 23 8 10 23
5 24 7.167 8.714 24 7.167 9.5 24 8 10 23 6.833 9.5 25
5 24 6.833 8.857 25 6.833 9.5 25 7.167 9.5 24 7 10 26
2 24 7 9 26 7 10 26
4 16 11 10 11 11 10 5 11 6 5 11 6.857 11
4 16 10.333 9.5 12 11 10 11 11 6.857 11 10.333 7 12
4 16 10.167 9.5 13 10.333 9.5 12 10.333 7 12 10.167 7.143 13
4 16 10.5 10 14 10.167 9.5 13 10.167 7.143 13 10.5 7.286 14
4 16 9.75 10 17 10.5 10 14 10.5 7.286 14 9.75 7.714 17
4 16 9 9.5 18 9.75 10 17 9.75 7.714 17 9 7.857 18
4 16 8.75 9.5 19 9 9.5 18 9 7.857 18 8.75 8 19
4 16 9 10 20 8.75 9.5 19 8.75 8 19 9 8.143 20
4 16 8 10 23 9 10 20 9 8.143 20 8 8.571 23
4 16 7.167 9.5 24 8 10 23 8 8.571 23 7.167 8.714 24
4 16 6.833 9.5 25 7.167 9.5 24 7.167 8.714 24 6.833 8.857 25
4 16 7 10 26 6.833 9.5 25 6.833 8.857 25 7 9 26
2 24 11 6 5 11 6.857 11
2 24 11 6.857 11 10.333 7 12
2 24 10.333 7 12 10.167 7.143 13
2 24 10.167 7.143 13 10.5 7.286 14
2 24 10.5 7.286 14 9.75 7.714 17
2 24 9.75 7.714 17 9 7.857 18
2 24 9 7.857 18 8.75 8 19
2 24 8.75 8 19 9 8.143 20
2 24 9 8.143 20 8 8.571 23
2 24 8 8.571 23 7.167 8.714 24
2 24 7.167 8.714 24 6.833 8.857 25
2 24 6.833 8.857 25 7 9 26
2 24 5.5 0 8 6.5 .667 11
2 24 6.5 .667 11 5.943 1.389 12
2 24 5.943 1.389 12 5.867 1.611 13
2 24 5.867 1.611 13 6.3 1.333 14
2 24 6.3 1.333 14 6.1 2 17
2 24 6.1 2 17 5.533 2.722 18
2 24 5.533 2.722 18 5.467 2.944 19
2 24 5.467 2.944 19 5.9 2.667 20
2 24 5.9 2.667 20 5.7 3.333 23
2 24 5.7 3.333 23 5.133 4.056 24
2 24 5.133 4.056 24 5.067 4.278 25
2 24 5.067 4.278 25 5.5 4 26
2 24 6.5 .667 11 11 6.857 11
5 24 5.943 .889 12 10.333 7 12 11 6.857 11 10.167 7.143 13
5 24 5.867 1.611 13 10.167 7.143 13 10.333 7 12 10.5 7.286 14
2 24 6.3 1.333 14 10.5 7.286 14
2 24 6.1 2 17 9.75 7.714 17
5 24 5.533 2.722 18 9 7.857 18 9.75 7.714 17 8.75 8 19
5 24 5.467 2.944 19 8.75 8 19 9 7.857 18 9 8.143 20
2 24 5.9 2.667 20 9 8.143 20
2 24 5.7 3.333 23 8 8.571 23
5 24 5.133 4.056 24 7.167 8.714 24 8 8.571 23 6.833 8.857 25
5 24 5.067 4.278 25 6.833 8.857 25 7.167 8.714 24 7 9 26
2 24 5.5 4 26 7 9 26
3 16 5.943 1.389 12 11 6.857 11 6.5 .667 11
3 16 10.333 7 12 11 6.857 11 5.943 1.389 12
3 16 5.867 1.611 13 10.333 7 12 5.943 1.389 12
3 16 10.167 7.143 13 10.333 7 12 5.867 1.611 13
3 16 10.5 7.286 14 10.167 7.143 13 5.867 1.611 13
3 16 5.867 1.611 13 6.3 1.333 14 10.5 7.286 14
3 16 6.1 2 17 10.5 7.286 14 6.3 1.333 14
3 16 9.75 7.714 17 10.5 7.286 14 6.1 2 17
3 16 5.533 2.722 18 9.75 7.714 17 6.1 2 17
3 16 9 7.857 18 9.75 7.714 17 5.533 2.722 18
3 16 5.467 2.944 19 9 7.857 18 5.533 2.722 18
3 16 8.75 8 19 9 7.857 18 5.467 2.944 19
3 16 9 8.143 20 8.75 8 19 5.467 2.944 19
3 16 5.467 2.944 19 5.9 2.667 20 9 8.143 20
3 16 5.7 3.333 23 9 8.143 20 5.9 2.667 20
3 16 8 8.571 23 9 8.143 20 5.7 3.333 23
3 16 5.133 4.056 24 8 8.571 23 5.7 3.333 23
3 16 7.167 8.714 24 8 8.571 23 5.133 4.056 24
3 16 5.067 4.278 25 7.167 8.714 24 5.133 4.056 24
3 16 6.833 8.857 25 7.167 8.714 24 5.067 4.278 25
3 16 7 9 26 6.833 8.857 25 5.067 4.278 25
3 16 5.067 4.278 25 5.5 4 26 7 9 26
5 24 6.1 2 17 10.5 7.286 14 9.75 7.714 17 6.3 1.333 14
5 24 9 8.143 20 5.7 3.333 23 5.9 2.667 20 8 8.571 23
0 claw to thorax filler x-sym
2 24 -5.5 0 8 -7.469 2 8.5
2 24 -7.469 2 8.5 -8.923 4 7.5
2 24 -8.923 4 7.5 -11 6 5
2 24 -5.5 0 8 -13 1.6 3
2 24 -13 1.6 3 -15 2 0
3 16 -6.5 .667 11 -5.5 0 8 -7.469 2 8.5
3 16 -6.5 .667 11 -7.469 2 8.5 -11 6.857 11
3 16 -11 6.857 11 -7.469 2 8.5 -8.923 4 7.5
3 16 -11 6.857 11 -8.923 4 7.5 -11 6 5
4 16 -13 1.6 3 -15 2 0 -15 10 0 -13 10 3
3 16 -13 1.6 3 -13 10 3 -11 10 5
3 16 -13 1.6 3 -11 10 5 -11 6 5
3 16 -13 1.6 3 -11 6 5 -8.923 4 7.5
3 16 -13 1.6 3 -8.923 4 7.5 -7.469 2 8.5
3 16 -13 1.6 3 -7.469 2 8.5 -5.5 0 8
5 24 -13 1.6 3 -13 10 3 -15 10 0 -11 10 5
5 24 -13 1.6 3 -11 10 5 -13 10 3 -11 6 5
5 24 -13 1.6 3 -11 6 5 -11 10 5 -8.923 4 7.5
5 24 -13 1.6 3 -8.923 4 7.5 -11 6 5 -7.469 2 8.5
5 24 -13 1.6 3 -7.469 2 8.5 -8.923 4 7.5 -5.5 0 8
2 24 -5 1 -8.5 -6.364 .833 -6.364
2 24 -6.364 .833 -6.364 -7.853 .667 -3.253
2 24 -7.853 .667 -3.253 -8 .5 0
2 24 -8 .5 0 -5.5 0 8
3 16 -7 0 0 -8 .5 0 -5.5 0 8
3 16 -7 0 0 -6.467 0 -2.679 -7.853 .667 -3.253
3 16 -7 0 0 -7.853 .667 -3.253 -8 .5 0
3 16 -6.467 0 -2.679 -4.95 0 -4.95 -6.364 .833 -6.364
3 16 -6.467 0 -2.679 -6.364 .833 -6.364 -7.853 .667 -3.253
3 16 -4.95 0 -4.95 -2.679 0 -6.467 -5 1 -8.5
3 16 -4.95 0 -4.95 -5 1 -8.5 -6.364 .833 -6.364
5 24 -8 .5 0 -7 0 0 -5.5 0 8 -7.853 .667 -3.253
5 24 -7 0 0 -7.853 .667 -3.253 -8 .5 0 -6.467 0 -2.679
5 24 -7.853 .667 -3.253 -6.467 0 -2.679 -7 0 0 -6.364 .833 -6.364
5 24 -6.467 0 -2.679 -6.364 .833 -6.364 -7.853 .667 -3.253 -4.95 0 -4.95
5 24 -6.364 .833 -6.364 -4.95 0 -4.95 -6.467 0 -2.679 -5 1 -8.5
5 24 -4.95 0 -4.95 -5 1 -8.5 -6.364 .833 -6.364 -2.679 0 -6.467
5 24 -5 1 -8.5 -2.679 0 -6.467 -6.364 .833 -6.364 -3.5 6 -11

3 16 -9.5 2 -8.5 -6.364 .833 -6.364 -5 1 -8.5
3 16 -9.5 2 -8.5 -10.5 2 -8.5 -15 2 0
3 16 -9.5 2 -8.5 -7.853 .667 -3.253 -6.364 .833 -6.364
3 16 -9.5 2 -8.5 -15 2 0 -7.853 .667 -3.253
3 16 -15 2 0 -8 .5 0 -7.853 .667 -3.253
3 16 -15 2 0 -13 1.6 3 -8 .5 0
3 16 -13 1.6 3 -5.5 0 8 -8 .5 0
5 24 -9.5 2 -8.5 -6.364 .833 -6.364 -5 1 -8.5 -15 2 0
5 24 -9.5 2 -8.5 -15 2 0 -10.5 2 -8.5 -6.364 .833 -6.364
5 24 -7.853 .667 -3.253 -15 2 0 -6.364 .833 -6.364 -8 .5 0
5 24 -7.853 .667 -3.253 -9.5 2 -8.5 -15 2 0 -6.364 .833 -6.364
5 24 -15 2 0 -8 .5 0 -6.364 .833 -6.364 -13 1.6 3
5 24 -8 .5 0 -13 1.6 3 -15 2 0 -5.5 0 8
0
2 24 5.5 0 8 7.469 2 8.5
2 24 7.469 2 8.5 8.923 4 7.5
2 24 8.923 4 7.5 11 6 5
2 24 5.5 0 8 13 1.6 3
2 24 13 1.6 3 15 2 0
3 16 7.469 2 8.5 5.5 0 8 6.5 .667 11
3 16 11 6.857 11 7.469 2 8.5 6.5 .667 11
3 16 8.923 4 7.5 7.469 2 8.5 11 6.857 11
3 16 11 6 5 8.923 4 7.5 11 6.857 11
4 16 15 10 0 15 2 0 13 1.6 3 13 10 3
3 16 11 10 5 13 10 3 13 1.6 3
3 16 11 6 5 11 10 5 13 1.6 3
3 16 8.923 4 7.5 11 6 5 13 1.6 3
3 16 7.469 2 8.5 8.923 4 7.5 13 1.6 3
3 16 5.5 0 8 7.469 2 8.5 13 1.6 3
5 24 13 1.6 3 13 10 3 15 10 0 11 10 5
5 24 13 1.6 3 11 10 5 13 10 3 11 6 5
5 24 13 1.6 3 11 6 5 11 10 5 8.923 4 7.5
5 24 13 1.6 3 8.923 4 7.5 11 6 5 7.469 2 8.5
5 24 13 1.6 3 7.469 2 8.5 8.923 4 7.5 5.5 0 8
2 24 5 1 -8.5 6.364 .833 -6.364
2 24 6.364 .833 -6.364 7.853 .667 -3.253
2 24 7.853 .667 -3.253 8 .5 0
2 24 8 .5 0 5.5 0 8
3 16 5.5 0 8 8 .5 0 7 0 0
3 16 7.853 .667 -3.253 6.467 0 -2.679 7 0 0
3 16 8 .5 0 7.853 .667 -3.253 7 0 0
3 16 6.364 .833 -6.364 4.95 0 -4.95 6.467 0 -2.679
3 16 7.853 .667 -3.253 6.364 .833 -6.364 6.467 0 -2.679
3 16 5 1 -8.5 2.679 0 -6.467 4.95 0 -4.95
3 16 6.364 .833 -6.364 5 1 -8.5 4.95 0 -4.95
5 24 8 .5 0 7 0 0 -5.5 0 8 7.853 .667 -3.253
5 24 7 0 0 7.853 .667 -3.253 8 .5 0 6.467 0 -2.679
5 24 7.853 .667 -3.253 6.467 0 -2.679 7 0 0 6.364 .833 -6.364
5 24 6.467 0 -2.679 6.364 .833 -6.364 7.853 .667 -3.253 4.95 0 -4.95
5 24 6.364 .833 -6.364 4.95 0 -4.95 6.467 0 -2.679 5 1 -8.5
5 24 4.95 0 -4.95 5 1 -8.5 6.364 .833 -6.364 2.679 0 -6.467
5 24 5 1 -8.5 2.679 0 -6.467 6.364 .833 -6.364 3.5 6 -11

3 16 5 1 -8.5 6.364 .833 -6.364 9.5 2 -8.5
3 16 15 2 0 10.5 2 -8.5 9.5 2 -8.5
3 16 6.364 .833 -6.364 7.853 .667 -3.253 9.5 2 -8.5
3 16 7.853 .667 -3.253 15 2 0 9.5 2 -8.5
3 16 7.853 .667 -3.253 8 .5 0 15 2 0
3 16 8 .5 0 13 1.6 3 15 2 0
3 16 8 .5 0 5.5 0 8 13 1.6 3
5 24 9.5 2 -8.5 6.364 .833 -6.364 5 1 -8.5 15 2 0
5 24 9.5 2 -8.5 15 2 0 10.5 2 -8.5 6.364 .833 -6.364
5 24 7.853 .667 -3.253 15 2 0 6.364 .833 -6.364 8 .5 0
5 24 7.853 .667 -3.253 9.5 2 -8.5 15 2 0 6.364 .833 -6.364
5 24 15 2 0 8 .5 0 6.364 .833 -6.364 13 1.6 3
5 24 8 .5 0 13 1.6 3 15 2 0 5.5 0 8
0 thorax underside pit
2 24 8 10 9 -8 10 9
2 24 -8 10 9 -7.471 10 11
2 24 -7.471 10 11 -7.206 9.5 12
2 24 -7.206 9.5 12 -6.941 9.5 13
2 24 -6.941 9.5 13 -6.676 10 14
2 24 -6.676 10 14 -5.882 10 17
2 24 -5.882 10 17 -5.618 9.5 18
2 24 -5.618 9.5 18 -5.353 9.5 19
2 24 -5.353 9.5 19 -5.088 10 20
2 24 -5.088 10 20 -4.294 10 23
2 24 -4.294 10 23 -4.029 9.5 24
2 24 -4.029 9.5 24 -3.765 9.5 25
2 24 -3.765 9.5 25 -3.5 10 26
2 24 -3.5 10 26 0 10 26.5
2 24 0 10 26.5 3.5 10 26
2 24 8 10 9 7.471 10 11
2 24 7.471 10 11 7.206 9.5 12
2 24 7.206 9.5 12 6.941 9.5 13
2 24 6.941 9.5 13 6.676 10 14
2 24 6.676 10 14 5.882 10 17
2 24 5.882 10 17 5.618 9.5 18
2 24 5.618 9.5 18 5.353 9.5 19
2 24 5.353 9.5 19 5.088 10 20
2 24 5.088 10 20 4.294 10 23
2 24 4.294 10 23 4.029 9.5 24
2 24 4.029 9.5 24 3.765 9.5 25
2 24 3.765 9.5 25 3.5 10 26
2 24 8 3 9 -8 3 9
2 24 -8 3 9 -3.5 6 26
2 24 -3.5 6 26 0 6.088 26.5
2 24 0 6.088 26.5 3.5 6 26
2 24 3.5 6 26 8 3 9
2 24 8 10 9 8 3 9
2 24 -8 10 9 -8 3 9
2 24 3.5 10 26 3.5 6 26
2 24 -3.5 10 26 -3.5 6 26
4 16 3.5 6 26 -3.5 6 26 -8 3 9 8 3 9
3 16 3.5 6 26 0 6.088 26.5 -3.5 6 26
4 16 -8 10 9 8 10 9 8 3 9 -8 3 9
3 16 -3.765 9.5 25 -3.5 6 26 -3.5 10 26
4 16 -7.206 9.5 12 -8 3 9 -3.5 6 26 -3.765 9.5 25
4 16 -8 10 9 -8 3 9 -7.206 9.5 12 -7.471 10 11
4 16 -5.882 10 17 -6.676 10 14 -6.941 9.5 13 -5.618 9.5 18
4 16 -4.294 10 23 -5.088 10 20 -5.353 9.5 19 -4.029 9.5 24
4 16 0 6.088 26.5 0 10 26.5 -3.5 10 26 -3.5 6 26
4 16 3.5 6 26 3.5 10 26 0 10 26.5 0 6.088 26.5
3 16 3.5 10 26 3.5 6 26 3.765 9.5 25
4 16 3.5 6 26 8 3 9 7.206 9.5 12 3.765 9.5 25
4 16 7.206 9.5 12 8 3 9 8 10 9 7.471 10 11 
4 16 6.941 9.5 13 6.676 10 14 5.882 10 17 5.618 9.5 18
4 16 5.353 9.5 19 5.088 10 20 4.294 10 23 4.029 9.5 24
0 thorax top non-sym
4 16 -5.5 0 8 -6.5 0.667 11 6.5 0.667 11 5.5 0 8
4 16 -6.5 0.667 11 -5.943 1.389 12 5.943 1.389 12 6.5 0.667 11
4 16 -5.943 1.389 12 -5.867 1.611 13 5.867 1.611 13 5.943 1.389 12
4 16 -5.867 1.611 13 -6.3 1.333 14 6.3 1.333 14 5.867 1.611 13
4 16 -6.3 1.333 14 -6.1 2 17 6.1 2 17 6.3 1.333 14
4 16 -6.1 2 17 -5.533 2.722 18 5.533 2.722 18 6.1 2 17
4 16 -5.533 2.722 18 -5.467 2.944 19 5.467 2.944 19 5.533 2.722 18
4 16 -5.467 2.944 19 -5.9 2.667 20 5.9 2.667 20 5.467 2.944 19
4 16 -5.9 2.667 20 -5.7 3.333 23 5.7 3.333 23 5.9 2.667 20
4 16 -5.7 3.333 23 -5.133 4.056 24 5.133 4.056 24 5.7 3.333 23
4 16 -5.133 4.056 24 -5.067 4.278 25 5.067 4.278 25 5.133 4.056 24
4 16 -5.067 4.278 25 -5.5 4 26 5.5 4 26 5.067 4.278 25
2 24 -6.5 0.667 11 6.5 0.667 11
5 24 -5.943 1.389 12 5.943 1.389 12 0 0.667 11 0 1.611 13
5 24 -5.867 1.611 13 5.867 1.611 13 0 0.667 11 0 1.333 14
2 24 -6.3 1.333 14 6.3 1.333 14
2 24 -6.1 2 17 6.1 2 17
5 24 -5.533 2.722 18 5.533 2.722 18 0 2 17 0 2.944 19
5 24 -5.467 2.944 19 5.467 2.944 19 0 2.722 18 0 2.667 20
2 24 -5.9 2.667 20 5.9 2.667 20
2 24 -5.7 3.333 23 5.7 3.333 23
5 24 -5.133 4.056 24 5.133 4.056 24 0 3.333 23 0 4.278 25
5 24 -5.067 4.278 25 5.067 4.278 25 0 4.056 24 0 4 26
2 24 -5.5 4 26 5.5 4 26
0 thorax to tail join non-sym
4 16 8 10 9 -8 10 9 -8 10 8 8 10 8
4 16 -2.5 10 31.5 0 10 26.5 2.5 10 31.5 0 10 32
3 16 0 2 36 -1.531 4 35.696 1.531 4 35.696 
5 24 -1.531 4 35.696 1.531 4 35.696 0 2 36 0 6 34.8
4 16 1.531 4 35.696 -1.531 4 35.696 -2 6 34.8 2 6 34.8
5 24 -2 6 34.8 2 6 34.8 0 4 35.696 0 8 33.5
4 16 2 6 34.8 -2 6 34.8 -1.5 8 33.5 1.5 8 33.5
5 24 -1.5 8 33.5 1.5 8 33.5 0 6 34.8 0 10 32
3 16 1.5 8 33.5 -1.5 8 33.5 0 10 32
0 thorax to tail join x-sym
2 24 0 2 36 -1.531 4 35.696
2 24 -1.531 4 35.696 -2 6 34.8
2 24 -2 6 34.8 -1.5 8 33.5
2 24 -1.5 8 33.5 0 10 32
4 16 -3.696 4 33.531 -3.696 2 33.531 -4 2 32 -4 4 32
5 24 -4 2 32 -4 4 32 -3.696 2 33.531 -4 2 28
4 16 -2.828 4 34.828 -2.828 2 34.828 -3.696 2 33.531 -3.696 4 33.531
5 24 -3.696 2 33.531 -3.696 4 33.531 -2.828 2 34.828 -4 2 32
4 16 -1.531 4 35.696 -1.531 2 35.696 -2.828 2 34.828 -2.828 4 34.828
5 24 -2.828 2 34.828 -2.828 4 34.828 -1.531 2 35.696 -3.696 2 33.531
3 16 -1.531 4 35.696 0 2 36 -1.531 2 35.696
5 24 -1.531 2 35.696 -1.531 4 35.696 0 2 36 -2.828 2 34.828
4 16 -2 6 34.8 -1.531 4 35.696 -2.828 4 34.828 -3.297 6 33.932
5 24 -2.828 4 34.828 -3.297 6 33.932 -1.531 4 35.696 -3.696 4 33.531
4 16 -3.297 6 33.932 -2.828 4 34.828 -3.696 4 33.531 -4.165 6 32.635
5 24 -3.696 4 33.531 -4.165 6 32.635 -2.828 4 34.828 -4 4 32
3 16 -4.165 6 32.635 -3.696 4 33.531 -4 4 32
5 24 -2 6 34.8 -3.297 6 33.932 -1.531 4 35.696 -1.5 8 33.5
5 24 -3.297 6 33.932 -4.165 6 32.635 -2.828 4 34.828 -2.797 8 32.532
4 16 -1.5 8 33.5 -2 6 34.8 -3.297 6 33.932 -2.797 8 32.632
5 24 -3.297 6 33.932 -2.797 8 32.632 -2 6 34.8 -4.165 6 32.635
4 16 -2.797 8 32.632 -3.297 6 33.932 -4.165 6 32.635 -3.665 8 31.335
5 24 -4.165 6 32.635 -3.665 8 31.335 -3.297 6 33.632 -4 4 32
3 16 -3.665 8 31.335 -4.165 6 32.635 -4 4 32
3 16 -5 10 30 -3.665 8 31.335 -4 4 32
5 24 -3.665 8 31.335 -4 4 32 -5 10 30 -4.165 6 32.635
5 24 -5 10 30 -4 4 32 -5.5 4 26 -3.665 8 31.335
5 24 -4 4 32 -4.165 6 32.635 -3.665 8 31.335 -3.696 4 33.531
5 24 -3.665 8 31.335 -5 10 30 -4 4 32 -2.5 10 31.5
5 24 -3.665 8 31.335 -2.5 10 31.5 -5 10 30 -2.797 8 32.632
5 24 -2.5 10 31.5 -2.797 8 32.632 -3.665 8 31.335 -1.5 8 33.5
5 24 -2.5 10 31.5 -1.5 8 33.5 -3.665 8 31.335 0 10 32
5 24 -1.5 8 33.5 -2.797 8 32.632 -2.5 10 31.5 -2 6 34.8
3 16 -5 10 30 -2.5 10 31.5 -3.665 8 31.335
3 16 -2.5 10 31.5 -2.797 8 32.632 -3.665 8 31.335
3 16 -2.5 10 31.5 -1.5 8 33.5 -2.797 8 32.632
3 16 0 10 32 -1.5 8 33.5 -2.5 10 31.5
0
2 24 0 2 36 1.531 4 35.696
2 24 1.531 4 35.696 2 6 34.8
2 24 2 6 34.8 1.5 8 33.5
2 24 1.5 8 33.5 0 10 32
4 16 4 2 32 3.696 2 33.531 3.696 4 33.531 4 4 32
5 24 4 2 32 4 4 32 3.696 2 33.531 4 2 28
4 16 3.696 2 33.531 2.828 2 34.828 2.828 4 34.828 3.696 4 33.531
5 24 3.696 2 33.531 3.696 4 33.531 2.828 2 34.828 4 2 32
4 16 2.828 2 34.828 1.531 2 35.696 1.531 4 35.696 2.828 4 34.828
5 24 2.828 2 34.828 2.828 4 34.828 1.531 2 35.696 3.696 2 33.531
3 16 1.531 2 35.696 0 2 36 1.531 4 35.696
5 24 1.531 2 35.696 1.531 4 35.696 0 2 36 2.828 2 34.828
4 16 2.828 4 34.828 1.531 4 35.696 2 6 34.8 3.297 6 33.932
5 24 2.828 4 34.828 3.297 6 33.932 1.531 4 35.696 3.696 4 33.531
4 16 3.696 4 33.531 2.828 4 34.828 3.297 6 33.932 4.165 6 32.635
5 24 3.696 4 33.531 4.165 6 32.635 2.828 4 34.828 4 4 32
3 16 4 4 32 3.696 4 33.531 4.165 6 32.635
5 24 2 6 34.8 3.297 6 33.932 1.531 4 35.696 1.5 8 33.5
5 24 3.297 6 33.932 4.165 6 32.635 2.828 4 34.828 2.797 8 32.532
4 16 3.297 6 33.932 2 6 34.8 1.5 8 33.5 2.797 8 32.632
5 24 3.297 6 33.932 2.797 8 32.632 2 6 34.8 4.165 6 32.635
4 16 4.165 6 32.635 3.297 6 33.932 2.797 8 32.632 3.665 8 31.335
5 24 4.165 6 32.635 3.665 8 31.335 3.297 6 33.632 4 4 32
3 16 4 4 32 4.165 6 32.635 3.665 8 31.335
3 16 4 4 32 3.665 8 31.335 5 10 30
5 24 3.665 8 31.335 4 4 32 5 10 30 4.165 6 32.635
5 24 5 10 30 4 4 32 5.5 4 26 3.665 8 31.335
5 24 4 4 32 4.165 6 32.635 3.665 8 31.335 3.696 4 33.531
5 24 3.665 8 31.335 5 10 30 4 4 32 2.5 10 31.5
5 24 3.665 8 31.335 2.5 10 31.5 5 10 30 2.797 8 32.632
5 24 2.5 10 31.5 2.797 8 32.632 3.665 8 31.335 1.5 8 33.5
5 24 2.5 10 31.5 1.5 8 33.5 3.665 8 31.335 0 10 32
5 24 1.5 8 33.5 2.797 8 32.632 2.5 10 31.5 2 6 34.8
3 16 3.665 8 31.335 2.5 10 31.5 5 10 30
3 16 3.665 8 31.335 2.797 8 32.632 2.5 10 31.5
3 16 2.797 8 32.632 1.5 8 33.5 2.5 10 31.5
3 16 2.5 10 31.5 1.5 8 33.5 0 10 32
0
5 24 5 4 30 3.536 4 28.465 3.005 3 28.995 5.5 4 26
5 24 3.536 4 28.465 1.914 4 27.381 1.626 3 28.074 5.5 4 26
5 24 1.914 4 27.381 0 4 27 0 3 27.75 5.5 4 26
5 24 -5 4 30 -3.536 4 28.465 -3.005 3 28.995 -5.5 4 26
5 24 -3.536 4 28.465 -1.914 4 27.381 -1.626 3 28.074 -5.5 4 26
5 24 -1.914 4 27.381 0 4 27 0 3 27.75 -5.5 4 26
3 16 3.536 4 28.465 5 4 30 5.5 4 26
3 16 1.914 4 27.381 3.536 4 28.465 5.5 4 26
3 16 0 4 27 1.914 4 27.381 5.5 4 26
3 16 -5.5 4 26 0 4 27 5.5 4 26
3 16 -5.5 4 26 -1.914 4 27.381 0 4 27
3 16 -5.5 4 26 -3.536 4 28.465 -1.914 4 27.381
3 16 -5.5 4 26 -5 4 30 -3.536 4 28.465
3 16 -5 4 30 -5.5 4 26 -7 9 26
5 24 -5 4 30 -7 9 26 -5.5 4 26 -7 10 26
3 16 -5 4 30 -7 9 26 -7 10 26
5 24 -5 4 30 -7 10 26 -7 9 26 -5 10 30
3 16 -5 4 30 -7 10 26 -5 10 30
3 16 7 9 26 5.5 4 26 5 4 30
5 24 5 4 30 7 9 26 5.5 4 26 7 10 26
3 16 7 10 26 7 9 26 5 4 30
5 24 5 4 30 7 10 26 7 9 26 5 10 30
3 16 5 10 30 7 10 26 5 4 30
2 24 -5 4 30 -5.5 4 26 
3 16 -5 10 30 -4 4 32 -5 4 30
5 24 -5 10 30 -5 4 30 -4 4 32 -5.5 4 26
2 24 5 4 30 5.5 4 26
3 16 5 4 30 4 4 32 5 10 30
5 24 5 10 30 5 4 30 4 4 32 5.5 4 26
3 16 -4 4 32 -4 2 32 -3.696 2 30.469
5 24 -4 4 32 -3.696 2 30.469 -4 2 32 -3.926 3 30.374
3 16 -4 4 32 -3.696 2 30.469 -3.926 3 30.374
5 24 -4 4 32 -3.926 3 30.374 -3.696 2 30.469 -5 4 30
3 16 -4 4 32 -3.926 3 30.374 -5 4 30
3 16 3.696 2 30.469 4 2 32 4 4 32
5 24 4 4 32 3.696 2 30.469 4 2 32 3.926 3 30.374
3 16 3.926 3 30.374 3.696 2 30.469 4 4 32
5 24 4 4 32 3.926 3 30.374 3.696 2 30.469 5 4 30
3 16 5 4 30 3.926 3 30.374 4 4 32
0
4 16 -3.005 3 28.995 -3.926 3 30.374 -3.696 2 30.469 -2.828 2 29.172
4 16 -1.626 3 28.074 -3.005 3 28.995 -2.828 2 29.172 -1.531 2 28.304
4 16 0 3 27.75 -1.626 3 28.074 -1.531 2 28.304 0 2 28
4 16 1.626 3 28.074 0 3 27.75 0 2 28 1.531 2 28.304
4 16 3.005 3 28.995 1.626 3 28.074 1.531 2 28.304 2.828 2 29.172
4 16 3.926 3 30.374 3.005 3 28.995 2.828 2 29.172 3.696 2 30.469
5 24 -3.696 2 30.469 -3.926 3 30.374 -2.828 2 29.172 -4 2 32
5 24 -2.828 2 29.172 -3.005 3 28.995 -1.531 2 28.304 -3.696 2 30.469
5 24 -1.531 2 28.304 -1.626 3 28.074 0 2 28 -2.828 2 29.172
5 24 0 2 28 0 3 27.75 1.531 2 28.304 -1.531 2 28.304
5 24 1.531 2 28.304 1.626 3 28.074 2.828 2 29.172 0 2 28
5 24 2.828 2 29.172 3.005 3 28.995 3.696 2 30.469 1.531 2 28.304
5 24 3.696 2 30.469 3.926 3 30.374 4 2 32 2.828 2 29.172
5 24 -3.926 3 30.374 -3.005 3 28.995 -3.696 2 30.469 -4.619 4 30.087
5 24 -3.005 3 28.995 -1.626 3 28.074 -2.828 2 29.172 -3.536 4 28.464
5 24 -1.626 3 28.074 0 3 27.75 -1.531 2 28.304 -1.913 4 27.381
5 24 0 3 27.75 1.626 3 28.074 0 2 28 0 4 27
5 24 1.626 3 28.074 3.005 3 28.995 1.531 2 28.304 1.913 4 27.381
5 24 3.005 3 28.995 3.926 3 30.374 2.828 2 29.172 3.536 4 28.464
3 16 -3.536 4 28.464 -3.926 3 30.374 -3.005 3 28.995
5 24 -3.536 4 28.464 -3.926 3 30.374 -3.005 3 28.995 -5 4 30
3 16 -3.536 4 28.464 -5 4 30 -3.926 3 30.374
4 16 -1.913 4 27.381 -3.536 4 28.464 -3.005 3 28.995 -1.626 3 28.074
4 16 0 4 27 -1.913 4 27.381 -1.626 3 28.074 0 3 27.75
4 16 1.913 4 27.381 0 4 27 0 3 27.75 1.626 3 28.074
4 16 3.536 4 28.464 1.913 4 27.381 1.626 3 28.074 3.005 3 28.995
3 16 3.005 3 28.995 3.926 3 30.374 3.536 4 28.464
5 24 3.536 4 28.464 3.926 3 30.374 3.005 3 28.995 5 4 30
3 16 3.926 3 30.374 5 4 30 3.536 4 28.464
5 24 -3.926 3 30.374 -4.619 4 30.087 -3.005 3 28.995 -4.25 3 32
5 24 -3.005 3 28.995 -3.536 4 28.464 -1.626 3 28.074 -3.926 3 30.374
5 24 -1.626 3 28.074 -1.913 4 27.381 0 3 27.75 -3.005 3 28.995
5 24 0 3 27.75 0 4 27 1.626 3 28.074 -1.626 3 28.074
5 24 1.626 3 28.074 1.913 4 27.381 3.005 3 28.995 0 3 27.75
5 24 3.005 3 28.995 3.536 4 28.464 3.926 3 30.374 1.626 3 28.074
5 24 3.926 3 30.374 4.619 4 30.087 4.25 3 32 3.005 3 28.995
0 tail stem
1 16 0 -10 32 4 0 0 0 12 0 0 0 4 4-4cyli.dat
1 16 0 -10 32 0 0 -4 0 -1.5 0 -4 0 0 2-4cyls.dat
1 16 0 -10 32 0 0 4 0 -1.5 0 -4 0 0 2-4cyls.dat
0 tail sting x-nonsym
5 24 -5 -19 30.5 5 -19 30.5 0 -21 29.5 0 -12.857 25.381
5 24 -5 -21 29.5 5 -21 29.5 0 -22 24 0 -19 30.5
5 24 0 -22 24 0 -22 28 -5 -21 26 5 -21 26
5 24 -5 -21 22.5 5 -21 22.5 0 -22 24 0 -19 21.5
5 24 -5 -19 21.5 5 -19 21.5 0 -21 22.5 0 -10.5 20.083
5 24 1.667 -10.5 20.083 -1.667 -10.5 20.083 0 -19 21.5 0 -10 20.5
5 24 1.5 -10 20.5 -1.5 -10 20.5 0 -10.5 20.083 0 -10 22.8
5 24 -1.5 -10 22.8 1.5 -10 22.8 0 -10 20.5 0 -10.5 23.417
5 24 -2.167 -10.5 23.417 2.167 -10.5 23.417 0 -10 22.8 0 -19 30.5
3 16 5 -21 29.5 0 -22 28 -5 -21 29.5
4 16 5 -19 30.5 5 -21 29.5 -5 -21 29.5 -5 -19 30.5
3 16 -5 -21 22.5 0 -22 24 5 -21 22.5
4 16 -5 -19 21.5 -5 -21 22.5 5 -21 22.5 5 -19 21.5
4 16 -1.667 -10.5 20.083 -5 -19 21.5 5 -19 21.5 1.667 -10.5 20.083
4 16 -1.5 -10 20.5 -1.667 -10.5 20.083 1.667 -10.5 20.083 1.5 -10 20.5
4 16 -1.5 -10 20.5 1.5 -10 20.5 1.5 -10 22.8 -1.5 -10 22.8
4 16 -1.667 -10.5 23.417 -1.5 -10 22.8 1.5 -10 22.8 2.167 -10.5 23.417
3 16 -1.667 -10.5 23.417 2.167 -10.5 23.417 0 -12.857 25.381
0 tail sting x-sym
5 24 -5 -21 22.5 -5 -21 29.5 0 -22 26 -5 -19 26
5 24 -5 -19 21.5 -5 -19 30.5 -5 -21 26 -2.167 -10.5 22
5 24 -2.167 -10.5 20.583 -2.167 -10.5 23.167 -5 -19 26 -1.5 -10 21.5
5 24 -1.5 -10 20.5 -1.5 -10 22.5 -2.167 -10.5 22 0 -10 21.5
5 24 0 -22 24 -5 -21 22.5 5 -21 22.5 -5 -21 29.5
5 24 0 -22 28 -5 -21 29.5 5 -21 29.5 -5 -21 22.5
5 24 -5 -21 22.5 -5 -19 21.5 5 -20 22 -5 -20 30
5 24 -5 -21 29.5 -5 -19 30.5 5 -20 30 -5 -20 22
5 24 -5 -19 21.5 -1.667 -10.5 20.083 5 -19 21.5 -2.167 -10.5 20.583
5 24 -5 -19 21.5 -2.167 -10.5 20.583 -1.667 -10.5 20.083 -5 -19 30.5
5 24 -1.667 -10.5 20.083 -2.167 -10.5 20.583 -5 -19 21.5 -1.5 -10 20.5
5 24 -1.667 -10.5 20.083 -1.5 -10 20.5 -2.167 -10.5 20.583 1.667 -10.5 20.083
5 24 -2.167 -10.5 20.583 -1.5 -10 20.5 -1.667 -10.5 20.083 -2.167 -10.5 23.167
5 24 -5 -19 30.5 -1.667 -10.5 23.417 -2.167 -10.5 23.167 1.667 -10.5 23.417
5 24 -5 -19 30.5 -2.167 -10.5 23.167 -1.667 -10.5 23.417 -2.167 -10.5 20.583
5 24 -1.5 -10 22.8 -1.667 -10.5 23.417 -2.167 -10.5 23.167 1.667 -10.5 23.417
5 24 -1.5 -10 22.8 -2.167 -10.5 23.167 -1.667 -10.5 23.417 -2.167 -10.5 20.583
5 24 -1.667 -10.5 23.417 -2.167 -10.5 23.167 -1.5 -10 22.8 -5 -19 30.5
3 16 -1.5 -10 22.8 -1.667 -10.5 23.417 -2.167 -10.5 23.167
3 16 -5 -19 30.5 -2.167 -10.5 23.167 -1.667 -10.5 23.417
3 16 -1.667 -10.5 20.083 -1.5 -10 20.5 -2.167 -10.5 20.583
3 16 -1.667 -10.5 20.083 -2.167 -10.5 20.583 -5 -19 21.5
4 16 0 -22 28 0 -22 24 -5 -21 22.5 -5 -21 29.5
4 16 -5 -21 29.5 -5 -21 22.5 -5 -19 21.5 -5 -19 30.5
4 16 -5 -19 30.5 -5 -19 21.5 -2.167 -10.5 20.583 -2.167 -10.5 23.167
4 16 -2.167 -10.5 23.167 -2.167 -10.5 20.583 -1.5 -10 20.5 -1.5 -10 22.8
3 16 -1.667 -10.5 23.417 0 -12.857 25.381 -.98 -13.091 25.576
3 16 -1.667 -10.5 23.417 -.98 -13.091 25.576 -1.81 -13.757 26.131
3 16 -1.667 -10.5 23.417 -1.81 -13.757 26.131 -2.365 -14.753 26.961
3 16 -1.667 -10.5 23.417 -2.365 -14.753 26.961 -2.56 -15.929 27.941
3 16 -1.667 -10.5 23.417 -2.56 -15.929 27.941 -5 -19 30.5
3 16 -5 -19 30.5 -2.56 -15.929 27.941 -2.365 -17.104 28.92
3 16 -5 -19 30.5 -2.365 -17.104 28.92 -1.81 -18.1 29.75
3 16 -5 -19 30.5 -1.81 -18.1 29.75 -.98 -18.766 30.305
3 16 -5 -19 30.5 -.98 -18.766 30.305 0 -19 30.5
0
5 24 5 -21 22.5 5 -21 29.5 0 -22 26 5 -19 26
5 24 5 -19 21.5 5 -19 30.5 5 -21 26 2.167 -10.5 22
5 24 2.167 -10.5 20.583 2.167 -10.5 23.167 5 -19 26 1.5 -10 21.5
5 24 1.5 -10 20.5 1.5 -10 22.5 2.167 -10.5 22 0 -10 21.5
5 24 0 -22 24 5 -21 22.5 -5 -21 22.5 5 -21 29.5
5 24 0 -22 28 5 -21 29.5 -5 -21 29.5 5 -21 22.5
5 24 5 -21 22.5 5 -19 21.5 -5 -20 22 5 -20 30
5 24 5 -21 29.5 5 -19 30.5 -5 -20 30 5 -20 22
5 24 5 -19 21.5 1.667 -10.5 20.083 -5 -19 21.5 2.167 -10.5 20.583
5 24 5 -19 21.5 2.167 -10.5 20.583 1.667 -10.5 20.083 5 -19 30.5
5 24 1.667 -10.5 20.083 2.167 -10.5 20.583 5 -19 21.5 1.5 -10 20.5
5 24 1.667 -10.5 20.083 1.5 -10 20.5 2.167 -10.5 20.583 -1.667 -10.5 20.083
5 24 2.167 -10.5 20.583 1.5 -10 20.5 1.667 -10.5 20.083 2.167 -10.5 23.167
5 24 5 -19 30.5 1.667 -10.5 23.417 2.167 -10.5 23.167 -1.667 -10.5 23.417
5 24 5 -19 30.5 2.167 -10.5 23.167 1.667 -10.5 23.417 2.167 -10.5 20.583
5 24 1.5 -10 22.8 1.667 -10.5 23.417 2.167 -10.5 23.167 -1.667 -10.5 23.417
5 24 1.5 -10 22.8 2.167 -10.5 23.167 1.667 -10.5 23.417 2.167 -10.5 20.583
5 24 1.667 -10.5 23.417 2.167 -10.5 23.167 1.5 -10 22.8 5 -19 30.5
3 16 2.167 -10.5 23.167 1.667 -10.5 23.417 1.5 -10 22.8
3 16 1.667 -10.5 23.417 2.167 -10.5 23.167 5 -19 30.5
3 16 2.167 -10.5 20.583 1.5 -10 20.5 1.667 -10.5 20.083
3 16 5 -19 21.5 2.167 -10.5 20.583 1.667 -10.5 20.083
4 16 5 -21 22.5 0 -22 24 0 -22 28 5 -21 29.5
4 16 5 -19 21.5 5 -21 22.5 5 -21 29.5 5 -19 30.5
4 16 2.167 -10.5 20.583 5 -19 21.5 5 -19 30.5 2.167 -10.5 23.167
4 16 1.5 -10 20.5 2.167 -10.5 20.583 2.167 -10.5 23.167 1.5 -10 22.8
3 16 .98 -13.091 25.576 0 -12.857 25.381 1.667 -10.5 23.417
3 16 1.81 -13.757 26.131 .98 -13.091 25.576 1.667 -10.5 23.417
3 16 2.365 -14.753 26.961 1.81 -13.757 26.131 1.667 -10.5 23.417
3 16 2.56 -15.929 27.941 2.365 -14.753 26.961 1.667 -10.5 23.417
3 16 5 -19 30.5 2.56 -15.929 27.941 1.667 -10.5 23.417
3 16 2.365 -17.104 28.92 2.56 -15.929 27.941 5 -19 30.5
3 16 1.81 -18.1 29.75 2.365 -17.104 28.92 5 -19 30.5
3 16 .98 -18.766 30.305 1.81 -18.1 29.75 5 -19 30.5
3 16 0 -19 30.5 .98 -18.766 30.305 5 -19 30.5
0 tail ridges
0 band 1
4 16 1.284 -13.344 34.649 0 -13.455 34.904 0 -13 36 1.531 -12.886 35.696
4 16 2.372 -13.026 33.921 1.284 -13.344 34.649 1.531 -12.886 35.696 2.828 -12.561 34.828
4 16 3.1 -12.552 32.833 2.372 -13.026 33.921 2.828 -12.561 34.828 3.696 -12.074 33.531
4 16 3.355 -11.992 31.549 3.1 -12.552 32.833 3.696 -12.074 33.531 4 -11.5 32
4 16 3.1 -11.432 30.265 3.355 -11.992 31.549 4 -11.5 32 3.696 -10.926 30.469
4 16 2.372 -10.958 29.177 3.1 -11.432 30.265 3.696 -10.926 30.469 2.828 -10.439 29.172
4 16 1.284 -10.64 28.449 2.372 -10.958 29.177 2.828 -10.439 29.172 1.531 -10.114 28.304
4 16 0 -10.529 28.194 1.284 -10.64 28.449 1.531 -10.114 28.304 0 -10 28
4 16 -1.284 -10.64 28.449 0 -10.529 28.194 0 -10 28 -1.531 -10.114 28.304
4 16 -2.372 -10.958 29.177 -1.284 -10.64 28.449 -1.531 -10.114 28.304 -2.828 -10.439 29.172
4 16 -3.1 -11.432 30.265 -2.372 -10.958 29.177 -2.828 -10.439 29.172 -3.696 -10.926 30.469
4 16 -3.355 -11.992 31.549 -3.1 -11.432 30.265 -3.696 -10.926 30.469 -4 -11.5 32
4 16 -3.1 -12.552 32.833 -3.355 -11.992 31.549 -4 -11.5 32 -3.696 -12.074 33.531
4 16 -2.372 -13.026 33.921 -3.1 -12.552 32.833 -3.696 -12.074 33.531 -2.828 -12.561 34.828
4 16 -1.284 -13.344 34.649 -2.372 -13.026 33.921 -2.828 -12.561 34.828 -1.531 -12.886 35.696
4 16 0 -13.455 34.904 -1.284 -13.344 34.649 -1.531 -12.886 35.696 0 -13 36
5 24 0 -13 36 0 -13.455 34.904 1.531 -12.886 35.696 -1.531 -12.886 35.696
5 24 1.531 -12.886 35.696 1.284 -13.344 34.649 2.828 -12.561 34.828 0 -13 36
5 24 2.828 -12.561 34.828 2.372 -13.026 33.921 3.696 -12.074 33.531 1.531 -12.886 35.696
5 24 3.696 -12.074 33.531 3.1 -12.552 32.833 4 -11.5 32 2.828 -12.561 34.828
5 24 4 -11.5 32 3.355 -11.992 31.549 3.696 -10.926 30.469 3.696 -12.074 33.531
5 24 3.696 -10.926 30.469 3.1 -11.432 30.265 2.828 -10.439 29.172 4 -11.5 32
5 24 2.828 -10.439 29.172 2.372 -10.958 29.177 1.531 -10.114 28.304 3.696 -10.926 30.469
5 24 1.531 -10.114 28.304 1.284 -10.64 28.449 0 -10 28 2.828 -10.439 29.172
5 24 0 -10 28 0 -10.529 28.194 -1.531 -10.114 28.304 1.531 -10.114 28.304
5 24 -1.531 -10.114 28.304 -1.284 -10.64 28.449 -2.828 -10.439 29.172 0 -10 28
5 24 -2.828 -10.439 29.172 -2.372 -10.958 29.177 -3.696 -10.926 30.469 -1.531 -10.114 28.304
5 24 -3.696 -10.926 30.469 -3.1 -11.432 30.265 -4 -11.5 32 -2.828 -10.439 29.172
5 24 -4 -11.5 32 -3.355 -11.992 31.549 -3.696 -12.074 33.531 -3.696 -10.926 30.469
5 24 -3.696 -12.074 33.531 -3.1 -12.552 32.833 -2.828 -12.561 34.828 -4 -11.5 32
5 24 -2.828 -12.561 34.828 -2.372 -13.026 33.921 -1.531 -12.886 35.696 -3.696 -12.074 33.531
5 24 -1.531 -12.886 35.696 -1.284 -13.344 34.649 0 -13 36 -2.828 -12.561 34.828
5 24 0 -13.455 34.904 1.284 -13.344 34.649 0 -13 36 0 -14.1 34.313
5 24 1.284 -13.344 34.649 2.372 -13.026 33.921 1.531 -12.886 35.696 1.23 -13.977 34.068
5 24 2.372 -13.026 33.921 3.1 -12.552 32.833 2.828 -12.561 34.828 2.273 -13.627 33.371
5 24 3.1 -12.552 32.833 3.355 -11.992 31.549 3.696 -12.074 33.531 2.97 -13.102 32.328
5 24 3.355 -11.992 31.549 3.1 -11.432 30.265 4 -11.5 32 3.215 -12.484 31.098
5 24 3.1 -11.432 30.265 2.372 -10.958 29.177 3.696 -10.926 30.469 2.97 -11.866 29.868
5 24 2.372 -10.958 29.177 1.284 -10.64 28.449 2.828 -10.439 29.172 2.273 -11.341 28.825
5 24 1.284 -10.64 28.449 0 -10.529 28.194 1.531 -10.114 28.304 1.23 -10.991 28.128
5 24 0 -10.529 28.194 -1.284 -10.64 28.449 0 -10 28 0 -10.868 27.883
5 24 -1.284 -10.64 28.449 -2.372 -10.958 29.177 -1.531 -10.114 28.304 -1.23 -10.991 28.128
5 24 -2.372 -10.958 29.177 -3.1 -11.432 30.265 -2.828 -10.439 29.172 -2.273 -11.341 28.825
5 24 -3.1 -11.432 30.265 -3.355 -11.992 31.549 -3.696 -10.926 30.469 -2.97 -11.866 29.868
5 24 -3.355 -11.992 31.549 -3.1 -12.552 32.833 -4 -11.5 32 -3.215 -12.484 31.098
5 24 -3.1 -12.552 32.833 -2.372 -13.026 33.921 -3.696 -12.074 33.531 -2.97 -13.102 32.328
5 24 -2.372 -13.026 33.921 -1.284 -13.344 34.649 -2.828 -12.561 34.828 -2.273 -13.627 33.371
5 24 -1.284 -13.344 34.649 0 -13.455 34.904 -1.531 -12.886 35.696 -1.23 -13.977 34.068
0 band 2
4 16 1.23 -13.977 34.068 0 -14.1 34.313 0 -13.455 34.904 1.284 -13.344 34.649
4 16 2.273 -13.627 33.371 1.23 -13.977 34.068 1.284 -13.344 34.649 2.372 -13.026 33.921
4 16 2.97 -13.102 32.328 2.273 -13.627 33.371 2.372 -13.026 33.921 3.1 -12.552 32.833
4 16 3.215 -12.484 31.098 2.97 -13.102 32.328 3.1 -12.552 32.833 3.355 -11.992 31.549
4 16 2.97 -11.866 29.868 3.215 -12.484 31.098 3.355 -11.992 31.549 3.1 -11.432 30.265
4 16 2.273 -11.341 28.825 2.97 -11.866 29.868 3.1 -11.432 30.265 2.372 -10.958 29.177
4 16 1.23 -10.991 28.128 2.273 -11.341 28.825 2.372 -10.958 29.177 1.284 -10.64 28.449
4 16 0 -10.868 27.883 1.23 -10.991 28.128 1.284 -10.64 28.449 0 -10.529 28.194
4 16 -1.23 -10.991 28.128 0 -10.868 27.883 0 -10.529 28.194 -1.284 -10.64 28.449
4 16 -2.273 -11.341 28.825 -1.23 -10.991 28.128 -1.284 -10.64 28.449 -2.372 -10.958 29.177
4 16 -2.97 -11.866 29.868 -2.273 -11.341 28.825 -2.372 -10.958 29.177 -3.1 -11.432 30.265
4 16 -3.215 -12.484 31.098 -2.97 -11.866 29.868 -3.1 -11.432 30.265 -3.355 -11.992 31.549
4 16 -2.97 -13.102 32.328 -3.215 -12.484 31.098 -3.355 -11.992 31.549 -3.1 -12.552 32.833
4 16 -2.273 -13.627 33.371 -2.97 -13.102 32.328 -3.1 -12.552 32.833 -2.372 -13.026 33.921
4 16 -1.23 -13.977 34.068 -2.273 -13.627 33.371 -2.372 -13.026 33.921 -1.284 -13.344 34.649
4 16 0 -14.1 34.313 -1.23 -13.977 34.068 -1.284 -13.344 34.649 0 -13.455 34.904
5 24 0 -13.455 34.904 0 -14.1 34.313 1.284 -13.344 34.649 -1.284 -13.344 34.649
5 24 1.284 -13.344 34.649 1.23 -13.977 34.068 2.372 -13.026 33.921 0 -13.455 34.904
5 24 2.372 -13.026 33.921 2.273 -13.627 33.371 3.1 -12.552 32.833 1.284 -13.344 34.649
5 24 3.1 -12.552 32.833 2.97 -13.102 32.328 3.355 -11.992 31.549 2.372 -13.026 33.921
5 24 3.355 -11.992 31.549 3.215 -12.484 31.098 3.1 -11.432 30.265 3.1 -12.552 32.833
5 24 3.1 -11.432 30.265 2.97 -11.866 29.868 2.372 -10.958 29.177 3.355 -11.992 31.549
5 24 2.372 -10.958 29.177 2.273 -11.341 28.825 1.284 -10.64 28.449 3.1 -11.432 30.265
5 24 1.284 -10.64 28.449 1.23 -10.991 28.128 0 -10.529 28.194 2.372 -10.958 29.177
5 24 0 -10.529 28.194 0 -10.868 27.883 -1.284 -10.64 28.449 1.284 -10.64 28.449
5 24 -1.284 -10.64 28.449 -1.23 -10.991 28.128 -2.372 -10.958 29.177 0 -10.529 28.194
5 24 -2.372 -10.958 29.177 -2.273 -11.341 28.825 -3.1 -11.432 30.265 -1.284 -10.64 28.449
5 24 -3.1 -11.432 30.265 -2.97 -11.866 29.868 -3.355 -11.992 31.549 -2.372 -10.958 29.177
5 24 -3.355 -11.992 31.549 -3.215 -12.484 31.098 -3.1 -12.552 32.833 -3.1 -11.432 30.265
5 24 -3.1 -12.552 32.833 -2.97 -13.102 32.328 -2.372 -13.026 33.921 -3.355 -11.992 31.549
5 24 -2.372 -13.026 33.921 -2.273 -13.627 33.371 -1.284 -13.344 34.649 -3.1 -12.552 32.833
5 24 -1.284 -13.344 34.649 -1.23 -13.977 34.068 0 -13.455 34.904 -2.372 -13.026 33.921
5 24 0 -14.1 34.313 1.23 -13.977 34.068 0 -13.455 34.904 0 -15 34.167
5 24 1.23 -13.977 34.068 2.273 -13.627 33.371 1.284 -13.344 34.649 1.347 -14.846 33.899
5 24 2.273 -13.627 33.371 2.97 -13.102 32.328 2.372 -13.026 33.921 2.489 -14.407 33.136
5 24 2.97 -13.102 32.328 3.215 -12.484 31.098 3.1 -12.552 32.833 3.252 -13.751 31.994
5 24 3.215 -12.484 31.098 2.97 -11.866 29.868 3.355 -11.992 31.549 3.52 -12.976 30.647
5 24 2.97 -11.866 29.868 2.273 -11.341 28.825 3.1 -11.432 30.265 3.252 -12.201 29.3
5 24 2.273 -11.341 28.825 1.23 -10.991 28.128 2.372 -10.958 29.177 2.489 -11.545 28.158
5 24 1.23 -10.991 28.128 0 -10.868 27.883 1.284 -10.64 28.449 1.347 -11.106 27.395
5 24 0 -10.868 27.883 -1.23 -10.991 28.128 0 -10.529 28.194 0 -10.952 27.127
5 24 -1.23 -10.991 28.128 -2.273 -11.341 28.825 -1.284 -10.64 28.449 -1.347 -11.106 27.395
5 24 -2.273 -11.341 28.825 -2.97 -11.866 29.868 -2.372 -10.958 29.177 -2.489 -11.545 28.158
5 24 -2.97 -11.866 29.868 -3.215 -12.484 31.098 -3.1 -11.432 30.265 -3.252 -12.201 29.3
5 24 -3.215 -12.484 31.098 -2.97 -13.102 32.328 -3.355 -11.992 31.549 -3.52 -12.976 30.647
5 24 -2.97 -13.102 32.328 -2.273 -13.627 33.371 -3.1 -12.552 32.833 -3.252 -13.751 31.994
5 24 -2.273 -13.627 33.371 -1.23 -13.977 34.068 -2.372 -13.026 33.921 -2.489 -14.407 33.136
5 24 -1.23 -13.977 34.068 0 -14.1 34.313 -1.284 -13.344 34.649 -1.347 -14.846 33.899
0 band 3
4 16 1.347 -14.846 33.899 0 -15 34.167 0 -14.1 34.313 1.23 -13.977 34.068
4 16 2.489 -14.407 33.136 1.347 -14.846 33.899 1.23 -13.977 34.068 2.273 -13.627 33.371
4 16 3.252 -13.751 31.994 2.489 -14.407 33.136 2.273 -13.627 33.371 2.97 -13.102 32.328
4 16 3.52 -12.976 30.647 3.252 -13.751 31.994 2.97 -13.102 32.328 3.215 -12.484 31.098
4 16 3.252 -12.201 29.3 3.52 -12.976 30.647 3.215 -12.484 31.098 2.97 -11.866 29.868
4 16 2.489 -11.545 28.158 3.252 -12.201 29.3 2.97 -11.866 29.868 2.273 -11.341 28.825
4 16 1.347 -11.106 27.395 2.489 -11.545 28.158 2.273 -11.341 28.825 1.23 -10.991 28.128
4 16 0 -10.952 27.127 1.347 -11.106 27.395 1.23 -10.991 28.128 0 -10.868 27.883
4 16 -1.347 -11.106 27.395 0 -10.952 27.127 0 -10.868 27.883 -1.23 -10.991 28.128
4 16 -2.489 -11.545 28.158 -1.347 -11.106 27.395 -1.23 -10.991 28.128 -2.273 -11.341 28.825
4 16 -3.252 -12.201 29.3 -2.489 -11.545 28.158 -2.273 -11.341 28.825 -2.97 -11.866 29.868
4 16 -3.52 -12.976 30.647 -3.252 -12.201 29.3 -2.97 -11.866 29.868 -3.215 -12.484 31.098
4 16 -3.252 -13.751 31.994 -3.52 -12.976 30.647 -3.215 -12.484 31.098 -2.97 -13.102 32.328
4 16 -2.489 -14.407 33.136 -3.252 -13.751 31.994 -2.97 -13.102 32.328 -2.273 -13.627 33.371
4 16 -1.347 -14.846 33.899 -2.489 -14.407 33.136 -2.273 -13.627 33.371 -1.23 -13.977 34.068
4 16 0 -15 34.167 -1.347 -14.846 33.899 -1.23 -13.977 34.068 0 -14.1 34.313
5 24 0 -14.1 34.313 0 -15 34.167 1.23 -13.977 34.068 -1.23 -13.977 34.068
5 24 1.23 -13.977 34.068 1.347 -14.846 33.899 2.273 -13.627 33.371 0 -14.1 34.313
5 24 2.273 -13.627 33.371 2.489 -14.407 33.136 2.97 -13.102 32.328 1.23 -13.977 34.068
5 24 2.97 -13.102 32.328 3.252 -13.751 31.994 3.215 -12.484 31.098 2.273 -13.627 33.371
5 24 3.215 -12.484 31.098 3.52 -12.976 30.647 2.97 -11.866 29.868 2.97 -13.102 32.328
5 24 2.97 -11.866 29.868 3.252 -12.201 29.3 2.273 -11.341 28.825 3.215 -12.484 31.098
5 24 2.273 -11.341 28.825 2.489 -11.545 28.158 1.23 -10.991 28.128 2.97 -11.866 29.868
5 24 1.23 -10.991 28.128 1.347 -11.106 27.395 0 -10.868 27.883 2.273 -11.341 28.825
5 24 0 -10.868 27.883 0 -10.952 27.127 -1.23 -10.991 28.128 1.23 -10.991 28.128
5 24 -1.23 -10.991 28.128 -1.347 -11.106 27.395 -2.273 -11.341 28.825 0 -10.868 27.883
5 24 -2.273 -11.341 28.825 -2.489 -11.545 28.158 -2.97 -11.866 29.868 -1.23 -10.991 28.128
5 24 -2.97 -11.866 29.868 -3.252 -12.201 29.3 -3.215 -12.484 31.098 -2.273 -11.341 28.825
5 24 -3.215 -12.484 31.098 -3.52 -12.976 30.647 -2.97 -13.102 32.328 -2.97 -11.866 29.868
5 24 -2.97 -13.102 32.328 -3.252 -13.751 31.994 -2.273 -13.627 33.371 -3.215 -12.484 31.098
5 24 -2.273 -13.627 33.371 -2.489 -14.407 33.136 -1.23 -13.977 34.068 -2.97 -13.102 32.328
5 24 -1.23 -13.977 34.068 -1.347 -14.846 33.899 0 -14.1 34.313 -2.273 -13.627 33.371
5 24 0 -15 34.167 1.347 -14.846 33.899 0 -14.1 34.313 0 -15.944 33.98
5 24 1.347 -14.846 33.899 2.489 -14.407 33.136 1.23 -13.977 34.068 1.448 -15.756 33.692
5 24 2.489 -14.407 33.136 3.252 -13.751 31.994 2.273 -13.627 33.371 2.676 -15.219 32.872
5 24 3.252 -13.751 31.994 3.52 -12.976 30.647 2.97 -13.102 32.328 3.496 -14.416 31.644
5 24 3.52 -12.976 30.647 3.252 -12.201 29.3 3.215 -12.484 31.098 3.784 -13.468 30.196
5 24 3.252 -12.201 29.3 2.489 -11.545 28.158 2.97 -11.866 29.868 3.496 -12.52 28.748
5 24 2.489 -11.545 28.158 1.347 -11.106 27.395 2.273 -11.341 28.825 2.676 -11.717 27.52
5 24 1.347 -11.106 27.395 0 -10.952 27.127 1.23 -10.991 28.128 1.448 -11.18 26.7
5 24 0 -10.952 27.127 -1.347 -11.106 27.395 0 -10.868 27.883 0 -10.992 26.412
5 24 -1.347 -11.106 27.395 -2.489 -11.545 28.158 -1.23 -10.991 28.128 -1.448 -11.18 26.7
5 24 -2.489 -11.545 28.158 -3.252 -12.201 29.3 -2.273 -11.341 28.825 -2.676 -11.717 27.52
5 24 -3.252 -12.201 29.3 -3.52 -12.976 30.647 -2.97 -11.866 29.868 -3.496 -12.52 28.748
5 24 -3.52 -12.976 30.647 -3.252 -13.751 31.994 -3.215 -12.484 31.098 -3.784 -13.468 30.196
5 24 -3.252 -13.751 31.994 -2.489 -14.407 33.136 -2.97 -13.102 32.328 -3.496 -14.416 31.644
5 24 -2.489 -14.407 33.136 -1.347 -14.846 33.899 -2.273 -13.627 33.371 -2.676 -15.219 32.872
5 24 -1.347 -14.846 33.899 0 -15 34.167 -1.23 -13.977 34.068 -1.448 -15.756 33.692
0 band 4
4 16 1.448 -15.756 33.692 0 -15.944 33.98 0 -15 34.167 1.347 -14.846 33.899
4 16 2.676 -15.219 32.872 1.448 -15.756 33.692 1.347 -14.846 33.899 2.489 -14.407 33.136
4 16 3.496 -14.416 31.644 2.676 -15.219 32.872 2.489 -14.407 33.136 3.252 -13.751 31.994
4 16 3.784 -13.468 30.196 3.496 -14.416 31.644 3.252 -13.751 31.994 3.52 -12.976 30.647
4 16 3.496 -12.52 28.748 3.784 -13.468 30.196 3.52 -12.976 30.647 3.252 -12.201 29.3
4 16 2.676 -11.717 27.52 3.496 -12.52 28.748 3.252 -12.201 29.3 2.489 -11.545 28.158
4 16 1.448 -11.18 26.7 2.676 -11.717 27.52 2.489 -11.545 28.158 1.347 -11.106 27.395
4 16 0 -10.992 26.412 1.448 -11.18 26.7 1.347 -11.106 27.395 0 -10.952 27.127
4 16 -1.448 -11.18 26.7 0 -10.992 26.412 0 -10.952 27.127 -1.347 -11.106 27.395
4 16 -2.676 -11.717 27.52 -1.448 -11.18 26.7 -1.347 -11.106 27.395 -2.489 -11.545 28.158
4 16 -3.496 -12.52 28.748 -2.676 -11.717 27.52 -2.489 -11.545 28.158 -3.252 -12.201 29.3
4 16 -3.784 -13.468 30.196 -3.496 -12.52 28.748 -3.252 -12.201 29.3 -3.52 -12.976 30.647
4 16 -3.496 -14.416 31.644 -3.784 -13.468 30.196 -3.52 -12.976 30.647 -3.252 -13.751 31.994
4 16 -2.676 -15.219 32.872 -3.496 -14.416 31.644 -3.252 -13.751 31.994 -2.489 -14.407 33.136
4 16 -1.448 -15.756 33.692 -2.676 -15.219 32.872 -2.489 -14.407 33.136 -1.347 -14.846 33.899
4 16 0 -15.944 33.98 -1.448 -15.756 33.692 -1.347 -14.846 33.899 0 -15 34.167
5 24 0 -15 34.167 0 -15.944 33.98 1.347 -14.846 33.899 -1.347 -14.846 33.899
5 24 1.347 -14.846 33.899 1.448 -15.756 33.692 2.489 -14.407 33.136 0 -15 34.167
5 24 2.489 -14.407 33.136 2.676 -15.219 32.872 3.252 -13.751 31.994 1.347 -14.846 33.899
5 24 3.252 -13.751 31.994 3.496 -14.416 31.644 3.52 -12.976 30.647 2.489 -14.407 33.136
5 24 3.52 -12.976 30.647 3.784 -13.468 30.196 3.252 -12.201 29.3 3.252 -13.751 31.994
5 24 3.252 -12.201 29.3 3.496 -12.52 28.748 2.489 -11.545 28.158 3.52 -12.976 30.647
5 24 2.489 -11.545 28.158 2.676 -11.717 27.52 1.347 -11.106 27.395 3.252 -12.201 29.3
5 24 1.347 -11.106 27.395 1.448 -11.18 26.7 0 -10.952 27.127 2.489 -11.545 28.158
5 24 0 -10.952 27.127 0 -10.992 26.412 -1.347 -11.106 27.395 1.347 -11.106 27.395
5 24 -1.347 -11.106 27.395 -1.448 -11.18 26.7 -2.489 -11.545 28.158 0 -10.952 27.127
5 24 -2.489 -11.545 28.158 -2.676 -11.717 27.52 -3.252 -12.201 29.3 -1.347 -11.106 27.395
5 24 -3.252 -12.201 29.3 -3.496 -12.52 28.748 -3.52 -12.976 30.647 -2.489 -11.545 28.158
5 24 -3.52 -12.976 30.647 -3.784 -13.468 30.196 -3.252 -13.751 31.994 -3.252 -12.201 29.3
5 24 -3.252 -13.751 31.994 -3.496 -14.416 31.644 -2.489 -14.407 33.136 -3.52 -12.976 30.647
5 24 -2.489 -14.407 33.136 -2.676 -15.219 32.872 -1.347 -14.846 33.899 -3.252 -13.751 31.994
5 24 -1.347 -14.846 33.899 -1.448 -15.756 33.692 0 -15 34.167 -2.489 -14.407 33.136
5 24 0 -15.944 33.98 1.448 -15.756 33.692 0 -15 34.167 0 -16.633 33.349
5 24 1.448 -15.756 33.692 2.676 -15.219 32.872 1.347 -14.846 33.899 1.379 -16.43 33.075
5 24 2.676 -15.219 32.872 3.496 -14.416 31.644 2.489 -14.407 33.136 2.548 -15.85 32.293
5 24 3.496 -14.416 31.644 3.784 -13.468 30.196 3.252 -13.751 31.994 3.33 -14.983 31.124
5 24 3.784 -13.468 30.196 3.496 -12.52 28.748 3.52 -12.976 30.647 3.604 -13.96 29.745
5 24 3.496 -12.52 28.748 2.676 -11.717 27.52 3.252 -12.201 29.3 3.33 -12.937 28.366
5 24 2.676 -11.717 27.52 1.448 -11.18 26.7 2.489 -11.545 28.158 2.548 -12.07 27.197
5 24 1.448 -11.18 26.7 0 -10.992 26.412 1.347 -11.106 27.395 1.379 -11.49 26.415
5 24 0 -10.992 26.412 -1.448 -11.18 26.7 0 -10.952 27.127 0 -11.287 26.141
5 24 -1.448 -11.18 26.7 -2.676 -11.717 27.52 -1.347 -11.106 27.395 -1.379 -11.49 26.415
5 24 -2.676 -11.717 27.52 -3.496 -12.52 28.748 -2.489 -11.545 28.158 -2.548 -12.07 27.197
5 24 -3.496 -12.52 28.748 -3.784 -13.468 30.196 -3.252 -12.201 29.3 -3.33 -12.937 28.366
5 24 -3.784 -13.468 30.196 -3.496 -14.416 31.644 -3.52 -12.976 30.647 -3.604 -13.96 29.745
5 24 -3.496 -14.416 31.644 -2.676 -15.219 32.872 -3.252 -13.751 31.994 -3.33 -14.983 31.124
5 24 -2.676 -15.219 32.872 -1.448 -15.756 33.692 -2.489 -14.407 33.136 -2.548 -15.85 32.293
5 24 -1.448 -15.756 33.692 0 -15.944 33.98 -1.347 -14.846 33.899 -1.379 -16.43 33.075
0 band 5
4 16 1.379 -16.43 33.075 0 -16.633 33.349 0 -15.944 33.98 1.448 -15.756 33.692
4 16 2.548 -15.85 32.293 1.379 -16.43 33.075 1.448 -15.756 33.692 2.676 -15.219 32.872
4 16 3.33 -14.983 31.124 2.548 -15.85 32.293 2.676 -15.219 32.872 3.496 -14.416 31.644
4 16 3.604 -13.96 29.745 3.33 -14.983 31.124 3.496 -14.416 31.644 3.784 -13.468 30.196
4 16 3.33 -12.937 28.366 3.604 -13.96 29.745 3.784 -13.468 30.196 3.496 -12.52 28.748
4 16 2.548 -12.07 27.197 3.33 -12.937 28.366 3.496 -12.52 28.748 2.676 -11.717 27.52
4 16 1.379 -11.49 26.415 2.548 -12.07 27.197 2.676 -11.717 27.52 1.448 -11.18 26.7
4 16 0 -11.287 26.141 1.379 -11.49 26.415 1.448 -11.18 26.7 0 -10.992 26.412
4 16 -1.379 -11.49 26.415 0 -11.287 26.141 0 -10.992 26.412 -1.448 -11.18 26.7
4 16 -2.548 -12.07 27.197 -1.379 -11.49 26.415 -1.448 -11.18 26.7 -2.676 -11.717 27.52
4 16 -3.33 -12.937 28.366 -2.548 -12.07 27.197 -2.676 -11.717 27.52 -3.496 -12.52 28.748
4 16 -3.604 -13.96 29.745 -3.33 -12.937 28.366 -3.496 -12.52 28.748 -3.784 -13.468 30.196
4 16 -3.33 -14.983 31.124 -3.604 -13.96 29.745 -3.784 -13.468 30.196 -3.496 -14.416 31.644
4 16 -2.548 -15.85 32.293 -3.33 -14.983 31.124 -3.496 -14.416 31.644 -2.676 -15.219 32.872
4 16 -1.379 -16.43 33.075 -2.548 -15.85 32.293 -2.676 -15.219 32.872 -1.448 -15.756 33.692
4 16 0 -16.633 33.349 -1.379 -16.43 33.075 -1.448 -15.756 33.692 0 -15.944 33.98
5 24 0 -15.944 33.98 0 -16.633 33.349 1.448 -15.756 33.692 -1.448 -15.756 33.692
5 24 1.448 -15.756 33.692 1.379 -16.43 33.075 2.676 -15.219 32.872 0 -15.944 33.98
5 24 2.676 -15.219 32.872 2.548 -15.85 32.293 3.496 -14.416 31.644 1.448 -15.756 33.692
5 24 3.496 -14.416 31.644 3.33 -14.983 31.124 3.784 -13.468 30.196 2.676 -15.219 32.872
5 24 3.784 -13.468 30.196 3.604 -13.96 29.745 3.496 -12.52 28.748 3.496 -14.416 31.644
5 24 3.496 -12.52 28.748 3.33 -12.937 28.366 2.676 -11.717 27.52 3.784 -13.468 30.196
5 24 2.676 -11.717 27.52 2.548 -12.07 27.197 1.448 -11.18 26.7 3.496 -12.52 28.748
5 24 1.448 -11.18 26.7 1.379 -11.49 26.415 0 -10.992 26.412 2.676 -11.717 27.52
5 24 0 -10.992 26.412 0 -11.287 26.141 -1.448 -11.18 26.7 1.448 -11.18 26.7
5 24 -1.448 -11.18 26.7 -1.379 -11.49 26.415 -2.676 -11.717 27.52 0 -10.992 26.412
5 24 -2.676 -11.717 27.52 -2.548 -12.07 27.197 -3.496 -12.52 28.748 -1.448 -11.18 26.7
5 24 -3.496 -12.52 28.748 -3.33 -12.937 28.366 -3.784 -13.468 30.196 -2.676 -11.717 27.52
5 24 -3.784 -13.468 30.196 -3.604 -13.96 29.745 -3.496 -14.416 31.644 -3.496 -12.52 28.748
5 24 -3.496 -14.416 31.644 -3.33 -14.983 31.124 -2.676 -15.219 32.872 -3.784 -13.468 30.196
5 24 -2.676 -15.219 32.872 -2.548 -15.85 32.293 -1.448 -15.756 33.692 -3.496 -14.416 31.644
5 24 -1.448 -15.756 33.692 -1.379 -16.43 33.075 0 -15.944 33.98 -2.676 -15.219 32.872
5 24 0 -16.633 33.349 1.379 -16.43 33.075 0 -15.944 33.98 0 -17 32.333
5 24 1.379 -16.43 33.075 2.548 -15.85 32.293 1.448 -15.756 33.692 1.163 -16.806 32.102
5 24 2.548 -15.85 32.293 3.33 -14.983 31.124 2.676 -15.219 32.872 2.149 -16.254 31.443
5 24 3.33 -14.983 31.124 3.604 -13.96 29.745 3.496 -14.416 31.644 2.808 -15.427 30.457
5 24 3.604 -13.96 29.745 3.33 -12.937 28.366 3.784 -13.468 30.196 3.04 -14.453 29.294
5 24 3.33 -12.937 28.366 2.548 -12.07 27.197 3.496 -12.52 28.748 2.808 -13.478 28.13
5 24 2.548 -12.07 27.197 1.379 -11.49 26.415 2.676 -11.717 27.52 2.149 -12.651 27.144
5 24 1.379 -11.49 26.415 0 -11.287 26.141 1.448 -11.18 26.7 1.163 -12.099 26.485
5 24 0 -11.287 26.141 -1.379 -11.49 26.415 0 -10.992 26.412 0 -11.905 26.254
5 24 -1.379 -11.49 26.415 -2.548 -12.07 27.197 -1.448 -11.18 26.7 -1.163 -12.099 26.485
5 24 -2.548 -12.07 27.197 -3.33 -12.937 28.366 -2.676 -11.717 27.52 -2.149 -12.651 27.144
5 24 -3.33 -12.937 28.366 -3.604 -13.96 29.745 -3.496 -12.52 28.748 -2.808 -13.478 28.13
5 24 -3.604 -13.96 29.745 -3.33 -14.983 31.124 -3.784 -13.468 30.196 -3.04 -14.453 29.294
5 24 -3.33 -14.983 31.124 -2.548 -15.85 32.293 -3.496 -14.416 31.644 -2.808 -15.427 30.457
5 24 -2.548 -15.85 32.293 -1.379 -16.43 33.075 -2.676 -15.219 32.872 -2.149 -16.254 31.443
5 24 -1.379 -16.43 33.075 0 -16.633 33.349 -1.448 -15.756 33.692 -1.163 -16.806 32.102
0 band 6
4 16 1.163 -16.806 32.102 0 -17 32.333 0 -16.633 33.349 1.379 -16.43 33.075
4 16 2.149 -16.254 31.443 1.163 -16.806 32.102 1.379 -16.43 33.075 2.548 -15.85 32.293
3 16 2.808 -15.427 30.457 2.149 -16.254 31.443 2.548 -15.85 32.293
3 16 2.808 -15.427 30.457 2.548 -15.85 32.293 3.33 -14.983 31.124
4 16 3.04 -14.453 29.294 2.808 -15.427 30.457 3.33 -14.983 31.124 3.604 -13.96 29.745
4 16 2.808 -13.478 28.13 3.04 -14.453 29.294 3.604 -13.96 29.745 3.33 -12.937 28.366
4 16 2.149 -12.651 27.144 2.808 -13.478 28.13 3.33 -12.937 28.366 2.548 -12.07 27.197
4 16 1.163 -12.099 26.485 2.149 -12.651 27.144 2.548 -12.07 27.197 1.379 -11.49 26.415
4 16 0 -11.905 26.254 1.163 -12.099 26.485 1.379 -11.49 26.415 0 -11.287 26.141
4 16 -1.163 -12.099 26.485 0 -11.905 26.254 0 -11.287 26.141 -1.379 -11.49 26.415
4 16 -2.149 -12.651 27.144 -1.163 -12.099 26.485 -1.379 -11.49 26.415 -2.548 -12.07 27.197
4 16 -2.808 -13.478 28.13 -2.149 -12.651 27.144 -2.548 -12.07 27.197 -3.33 -12.937 28.366
4 16 -3.04 -14.453 29.294 -2.808 -13.478 28.13 -3.33 -12.937 28.366 -3.604 -13.96 29.745
4 16 -2.808 -15.427 30.457 -3.04 -14.453 29.294 -3.604 -13.96 29.745 -3.33 -14.983 31.124
3 16 -2.548 -15.85 32.293 -2.149 -16.254 31.443 -2.808 -15.427 30.457
3 16 -3.33 -14.983 31.124 -2.548 -15.85 32.293 -2.808 -15.427 30.457
4 16 -1.163 -16.806 32.102 -2.149 -16.254 31.443 -2.548 -15.85 32.293 -1.379 -16.43 33.075
4 16 0 -17 32.333 -1.163 -16.806 32.102 -1.379 -16.43 33.075 0 -16.633 33.349
5 24 0 -16.633 33.349 0 -17 32.333 1.379 -16.43 33.075 -1.379 -16.43 33.075
5 24 1.379 -16.43 33.075 1.163 -16.806 32.102 2.548 -15.85 32.293 0 -16.633 33.349
5 24 2.548 -15.85 32.293 2.149 -16.254 31.443 3.33 -14.983 31.124 1.379 -16.43 33.075
5 24 3.33 -14.983 31.124 2.808 -15.427 30.457 3.604 -13.96 29.745 2.548 -15.85 32.293
5 24 3.604 -13.96 29.745 3.04 -14.453 29.294 3.33 -12.937 28.366 3.33 -14.983 31.124
5 24 3.33 -12.937 28.366 2.808 -13.478 28.13 2.548 -12.07 27.197 3.604 -13.96 29.745
5 24 2.548 -12.07 27.197 2.149 -12.651 27.144 1.379 -11.49 26.415 3.33 -12.937 28.366
5 24 1.379 -11.49 26.415 1.163 -12.099 26.485 0 -11.287 26.141 2.548 -12.07 27.197
5 24 0 -11.287 26.141 0 -11.905 26.254 -1.379 -11.49 26.415 1.379 -11.49 26.415
5 24 -1.379 -11.49 26.415 -1.163 -12.099 26.485 -2.548 -12.07 27.197 0 -11.287 26.141
5 24 -2.548 -12.07 27.197 -2.149 -12.651 27.144 -3.33 -12.937 28.366 -1.379 -11.49 26.415
5 24 -3.33 -12.937 28.366 -2.808 -13.478 28.13 -3.604 -13.96 29.745 -2.548 -12.07 27.197
5 24 -3.604 -13.96 29.745 -3.04 -14.453 29.294 -3.33 -14.983 31.124 -3.33 -12.937 28.366
5 24 -3.33 -14.983 31.124 -2.808 -15.427 30.457 -2.548 -15.85 32.293 -3.604 -13.96 29.745
5 24 -2.548 -15.85 32.293 -2.149 -16.254 31.443 -1.379 -16.43 33.075 -3.33 -14.983 31.124
5 24 -1.379 -16.43 33.075 -1.163 -16.806 32.102 0 -16.633 33.349 -2.548 -15.85 32.293
5 24 0 -17 32.333 1.163 -16.806 32.102 0 -16.633 33.349 0 -17.3 31.38
5 24 1.163 -16.806 32.102 2.149 -16.254 31.443 1.379 -16.43 33.075 .967 -17.12 31.188
5 24 2.149 -16.254 31.443 2.808 -15.427 30.457 2.548 -15.85 32.293 1.786 -16.606 30.64
5 24 2.808 -15.427 30.457 3.04 -14.453 29.294 3.33 -14.983 31.124 2.334 -15.838 29.821
5 24 3.04 -14.453 29.294 2.808 -13.478 28.13 3.604 -13.96 29.745 2.526 -14.932 28.854
5 24 2.808 -13.478 28.13 2.149 -12.651 27.144 3.33 -12.937 28.366 2.334 -14.026 27.887
5 24 2.149 -12.651 27.144 1.163 -12.099 26.485 2.548 -12.07 27.197 1.786 -13.258 27.068
5 24 1.163 -12.099 26.485 0 -11.905 26.254 1.379 -11.49 26.415 .967 -12.744 26.52
5 24 0 -11.905 26.254 -1.163 -12.099 26.485 0 -11.287 26.141 0 -12.564 26.328
5 24 -1.163 -12.099 26.485 -2.149 -12.651 27.144 -1.379 -11.49 26.415 -.967 -12.744 26.52
5 24 -2.149 -12.651 27.144 -2.808 -13.478 28.13 -2.548 -12.07 27.197 -1.786 -13.258 27.068
5 24 -2.808 -13.478 28.13 -3.04 -14.453 29.294 -3.33 -12.937 28.366 -2.334 -14.026 27.887
5 24 -3.04 -14.453 29.294 -2.808 -15.427 30.457 -3.604 -13.96 29.745 -2.526 -14.932 28.854
5 24 -2.808 -15.427 30.457 -2.149 -16.254 31.443 -3.33 -14.983 31.124 -2.334 -15.838 29.821
5 24 -2.149 -16.254 31.443 -1.163 -16.806 32.102 -2.548 -15.85 32.293 -1.786 -16.606 30.64
5 24 -1.163 -16.806 32.102 0 -17 32.333 -1.379 -16.43 33.075 -.967 -17.12 31.188
0 band 7
4 16 .967 -17.12 31.188 0 -17.3 31.38 0 -17 32.333 1.163 -16.806 32.102
4 16 1.786 -16.606 30.64 .967 -17.12 31.188 1.163 -16.806 32.102 2.149 -16.254 31.443
4 16 2.334 -15.838 29.821 1.786 -16.606 30.64 2.149 -16.254 31.443 2.808 -15.427 30.457
4 16 2.526 -14.932 28.854 2.334 -15.838 29.821 2.808 -15.427 30.457 3.04 -14.453 29.294
4 16 2.334 -14.026 27.887 2.526 -14.932 28.854 3.04 -14.453 29.294 2.808 -13.478 28.13
4 16 1.786 -13.258 27.068 2.334 -14.026 27.887 2.808 -13.478 28.13 2.149 -12.651 27.144
4 16 .967 -12.744 26.52 1.786 -13.258 27.068 2.149 -12.651 27.144 1.163 -12.099 26.485
4 16 0 -12.564 26.328 .967 -12.744 26.52 1.163 -12.099 26.485 0 -11.905 26.254
4 16 -.967 -12.744 26.52 0 -12.564 26.328 0 -11.905 26.254 -1.163 -12.099 26.485
4 16 -1.786 -13.258 27.068 -.967 -12.744 26.52 -1.163 -12.099 26.485 -2.149 -12.651 27.144
4 16 -2.334 -14.026 27.887 -1.786 -13.258 27.068 -2.149 -12.651 27.144 -2.808 -13.478 28.13
4 16 -2.526 -14.932 28.854 -2.334 -14.026 27.887 -2.808 -13.478 28.13 -3.04 -14.453 29.294
4 16 -2.334 -15.838 29.821 -2.526 -14.932 28.854 -3.04 -14.453 29.294 -2.808 -15.427 30.457
4 16 -1.786 -16.606 30.64 -2.334 -15.838 29.821 -2.808 -15.427 30.457 -2.149 -16.254 31.443
4 16 -.967 -17.12 31.188 -1.786 -16.606 30.64 -2.149 -16.254 31.443 -1.163 -16.806 32.102
4 16 0 -17.3 31.38 -.967 -17.12 31.188 -1.163 -16.806 32.102 0 -17 32.333
5 24 0 -17 32.333 0 -17.3 31.38 1.163 -16.806 32.102 -1.163 -16.806 32.102
5 24 1.163 -16.806 32.102 .967 -17.12 31.188 2.149 -16.254 31.443 0 -17 32.333
5 24 2.149 -16.254 31.443 1.786 -16.606 30.64 2.808 -15.427 30.457 1.163 -16.806 32.102
5 24 2.808 -15.427 30.457 2.334 -15.838 29.821 3.04 -14.453 29.294 2.149 -16.254 31.443
5 24 3.04 -14.453 29.294 2.526 -14.932 28.854 2.808 -13.478 28.13 2.808 -15.427 30.457
5 24 2.808 -13.478 28.13 2.334 -14.026 27.887 2.149 -12.651 27.144 3.04 -14.453 29.294
5 24 2.149 -12.651 27.144 1.786 -13.258 27.068 1.163 -12.099 26.485 2.808 -13.478 28.13
5 24 1.163 -12.099 26.485 .967 -12.744 26.52 0 -11.905 26.254 2.149 -12.651 27.144
5 24 0 -11.905 26.254 0 -12.564 26.328 -1.163 -12.099 26.485 1.163 -12.099 26.485
5 24 -1.163 -12.099 26.485 -.967 -12.744 26.52 -2.149 -12.651 27.144 0 -11.905 26.254
5 24 -2.149 -12.651 27.144 -1.786 -13.258 27.068 -2.808 -13.478 28.13 -1.163 -12.099 26.485
5 24 -2.808 -13.478 28.13 -2.334 -14.026 27.887 -3.04 -14.453 29.294 -2.149 -12.651 27.144
5 24 -3.04 -14.453 29.294 -2.526 -14.932 28.854 -2.808 -15.427 30.457 -2.808 -13.478 28.13
5 24 -2.808 -15.427 30.457 -2.334 -15.838 29.821 -2.149 -16.254 31.443 -3.04 -14.453 29.294
5 24 -2.149 -16.254 31.443 -1.786 -16.606 30.64 -1.163 -16.806 32.102 -2.808 -15.427 30.457
5 24 -1.163 -16.806 32.102 -.967 -17.12 31.188 0 -17 32.333 -2.149 -16.254 31.443
5 24 0 -17.3 31.38 .967 -17.12 31.188 0 -17 32.333 0 -17.967 30.768
5 24 .967 -17.12 31.188 1.786 -16.606 30.64 1.163 -16.806 32.102 .909 -17.774 30.587
5 24 1.786 -16.606 30.64 2.334 -15.838 29.821 2.149 -16.254 31.443 1.68 -17.226 30.072
5 24 2.334 -15.838 29.821 2.526 -14.932 28.854 2.808 -15.427 30.457 2.196 -16.405 29.301
5 24 2.526 -14.932 28.854 2.334 -14.026 27.887 3.04 -14.453 29.294 2.377 -15.437 28.392
5 24 2.334 -14.026 27.887 1.786 -13.258 27.068 2.808 -13.478 28.13 2.196 -14.468 27.482
5 24 1.786 -13.258 27.068 .967 -12.744 26.52 2.149 -12.651 27.144 1.68 -13.647 26.711
5 24 .967 -12.744 26.52 0 -12.564 26.328 1.163 -12.099 26.485 .909 -13.099 26.196
5 24 0 -12.564 26.328 -.967 -12.744 26.52 0 -11.905 26.254 0 -12.906 26.015
5 24 -.967 -12.744 26.52 -1.786 -13.258 27.068 -1.163 -12.099 26.485 -.909 -13.099 26.196
5 24 -1.786 -13.258 27.068 -2.334 -14.026 27.887 -2.149 -12.651 27.144 -1.68 -13.647 26.711
5 24 -2.334 -14.026 27.887 -2.526 -14.932 28.854 -2.808 -13.478 28.13 -2.196 -14.468 27.482
5 24 -2.526 -14.932 28.854 -2.334 -15.838 29.821 -3.04 -14.453 29.294 -2.377 -15.437 28.392
5 24 -2.334 -15.838 29.821 -1.786 -16.606 30.64 -2.808 -15.427 30.457 -2.196 -16.405 29.301
5 24 -1.786 -16.606 30.64 -.967 -17.12 31.188 -2.149 -16.254 31.443 -1.68 -17.226 30.072
5 24 -.967 -17.12 31.188 0 -17.3 31.38 -1.163 -16.806 32.102 -.909 -17.774 30.587
0 band 8
4 16 .909 -17.774 30.587 0 -17.967 30.768 0 -17.3 31.38 .967 -17.12 31.188
4 16 1.68 -17.226 30.072 .909 -17.774 30.587 .967 -17.12 31.188 1.786 -16.606 30.64
4 16 2.196 -16.405 29.301 1.68 -17.226 30.072 1.786 -16.606 30.64 2.334 -15.838 29.821
4 16 2.377 -15.437 28.392 2.196 -16.405 29.301 2.334 -15.838 29.821 2.526 -14.932 28.854
4 16 2.196 -14.468 27.482 2.377 -15.437 28.392 2.526 -14.932 28.854 2.334 -14.026 27.887
4 16 1.68 -13.647 26.711 2.196 -14.468 27.482 2.334 -14.026 27.887 1.786 -13.258 27.068
4 16 .909 -13.099 26.196 1.68 -13.647 26.711 1.786 -13.258 27.068 .967 -12.744 26.52
4 16 0 -12.906 26.015 .909 -13.099 26.196 .967 -12.744 26.52 0 -12.564 26.328
4 16 -.909 -13.099 26.196 0 -12.906 26.015 0 -12.564 26.328 -.967 -12.744 26.52
4 16 -1.68 -13.647 26.711 -.909 -13.099 26.196 -.967 -12.744 26.52 -1.786 -13.258 27.068
4 16 -2.196 -14.468 27.482 -1.68 -13.647 26.711 -1.786 -13.258 27.068 -2.334 -14.026 27.887
4 16 -2.377 -15.437 28.392 -2.196 -14.468 27.482 -2.334 -14.026 27.887 -2.526 -14.932 28.854
4 16 -2.196 -16.405 29.301 -2.377 -15.437 28.392 -2.526 -14.932 28.854 -2.334 -15.838 29.821
4 16 -1.68 -17.226 30.072 -2.196 -16.405 29.301 -2.334 -15.838 29.821 -1.786 -16.606 30.64
4 16 -.909 -17.774 30.587 -1.68 -17.226 30.072 -1.786 -16.606 30.64 -.967 -17.12 31.188
4 16 0 -17.967 30.768 -.909 -17.774 30.587 -.967 -17.12 31.188 0 -17.3 31.38
5 24 0 -17.3 31.38 0 -17.967 30.768 .967 -17.12 31.188 -.967 -17.12 31.188
5 24 .967 -17.12 31.188 .909 -17.774 30.587 1.786 -16.606 30.64 0 -17.3 31.38
5 24 1.786 -16.606 30.64 1.68 -17.226 30.072 2.334 -15.838 29.821 .967 -17.12 31.188
5 24 2.334 -15.838 29.821 2.196 -16.405 29.301 2.526 -14.932 28.854 1.786 -16.606 30.64
5 24 2.526 -14.932 28.854 2.377 -15.437 28.392 2.334 -14.026 27.887 2.334 -15.838 29.821
5 24 2.334 -14.026 27.887 2.196 -14.468 27.482 1.786 -13.258 27.068 2.526 -14.932 28.854
5 24 1.786 -13.258 27.068 1.68 -13.647 26.711 .967 -12.744 26.52 2.334 -14.026 27.887
5 24 .967 -12.744 26.52 .909 -13.099 26.196 0 -12.564 26.328 1.786 -13.258 27.068
5 24 0 -12.564 26.328 0 -12.906 26.015 -.967 -12.744 26.52 .967 -12.744 26.52
5 24 -.967 -12.744 26.52 -.909 -13.099 26.196 -1.786 -13.258 27.068 0 -12.564 26.328
5 24 -1.786 -13.258 27.068 -1.68 -13.647 26.711 -2.334 -14.026 27.887 -.967 -12.744 26.52
5 24 -2.334 -14.026 27.887 -2.196 -14.468 27.482 -2.526 -14.932 28.854 -1.786 -13.258 27.068
5 24 -2.526 -14.932 28.854 -2.377 -15.437 28.392 -2.334 -15.838 29.821 -2.334 -14.026 27.887
5 24 -2.334 -15.838 29.821 -2.196 -16.405 29.301 -1.786 -16.606 30.64 -2.526 -14.932 28.854
5 24 -1.786 -16.606 30.64 -1.68 -17.226 30.072 -.967 -17.12 31.188 -2.334 -15.838 29.821
5 24 -.967 -17.12 31.188 -.909 -17.774 30.587 0 -17.3 31.38 -1.786 -16.606 30.64
5 24 0 -17.967 30.768 .909 -17.774 30.587 0 -17.3 31.38 0 -19 30.5
5 24 .909 -17.774 30.587 1.68 -17.226 30.072 .967 -17.12 31.188 .98 -18.766 30.305
5 24 1.68 -17.226 30.072 2.196 -16.405 29.301 1.786 -16.606 30.64 1.81 -18.1 29.75
5 24 2.196 -16.405 29.301 2.377 -15.437 28.392 2.334 -15.838 29.821 2.365 -17.104 28.92
5 24 2.377 -15.437 28.392 2.196 -14.468 27.482 2.526 -14.932 28.854 2.56 -15.929 27.941
5 24 2.196 -14.468 27.482 1.68 -13.647 26.711 2.334 -14.026 27.887 2.365 -14.753 26.961
5 24 1.68 -13.647 26.711 .909 -13.099 26.196 1.786 -13.258 27.068 1.81 -13.757 26.131
5 24 .909 -13.099 26.196 0 -12.906 26.015 .967 -12.744 26.52 .98 -13.091 25.576
5 24 0 -12.906 26.015 -.909 -13.099 26.196 0 -12.564 26.328 0 -12.857 25.381
5 24 -.909 -13.099 26.196 -1.68 -13.647 26.711 -.967 -12.744 26.52 -.98 -13.091 25.576
5 24 -1.68 -13.647 26.711 -2.196 -14.468 27.482 -1.786 -13.258 27.068 -1.81 -13.757 26.131
5 24 -2.196 -14.468 27.482 -2.377 -15.437 28.392 -2.334 -14.026 27.887 -2.365 -14.753 26.961
5 24 -2.377 -15.437 28.392 -2.196 -16.405 29.301 -2.526 -14.932 28.854 -2.56 -15.929 27.941
5 24 -2.196 -16.405 29.301 -1.68 -17.226 30.072 -2.334 -15.838 29.821 -2.365 -17.104 28.92
5 24 -1.68 -17.226 30.072 -.909 -17.774 30.587 -1.786 -16.606 30.64 -1.81 -18.1 29.75
5 24 -.909 -17.774 30.587 0 -17.967 30.768 -.967 -17.12 31.188 -.98 -18.766 30.305
0 band 9
4 16 .98 -18.766 30.305 0 -19 30.5 0 -17.967 30.768 .909 -17.774 30.587
4 16 1.81 -18.1 29.75 .98 -18.766 30.305 .909 -17.774 30.587 1.68 -17.226 30.072
4 16 2.365 -17.104 28.92 1.81 -18.1 29.75 1.68 -17.226 30.072 2.196 -16.405 29.301
4 16 2.56 -15.929 27.941 2.365 -17.104 28.92 2.196 -16.405 29.301 2.377 -15.437 28.392
4 16 2.365 -14.753 26.961 2.56 -15.929 27.941 2.377 -15.437 28.392 2.196 -14.468 27.482
4 16 1.81 -13.757 26.131 2.365 -14.753 26.961 2.196 -14.468 27.482 1.68 -13.647 26.711
4 16 .98 -13.091 25.576 1.81 -13.757 26.131 1.68 -13.647 26.711 .909 -13.099 26.196
4 16 0 -12.857 25.381 .98 -13.091 25.576 .909 -13.099 26.196 0 -12.906 26.015
4 16 -.98 -13.091 25.576 0 -12.857 25.381 0 -12.906 26.015 -.909 -13.099 26.196
4 16 -1.81 -13.757 26.131 -.98 -13.091 25.576 -.909 -13.099 26.196 -1.68 -13.647 26.711
4 16 -2.365 -14.753 26.961 -1.81 -13.757 26.131 -1.68 -13.647 26.711 -2.196 -14.468 27.482
4 16 -2.56 -15.929 27.941 -2.365 -14.753 26.961 -2.196 -14.468 27.482 -2.377 -15.437 28.392
4 16 -2.365 -17.104 28.92 -2.56 -15.929 27.941 -2.377 -15.437 28.392 -2.196 -16.405 29.301
4 16 -1.81 -18.1 29.75 -2.365 -17.104 28.92 -2.196 -16.405 29.301 -1.68 -17.226 30.072
4 16 -.98 -18.766 30.305 -1.81 -18.1 29.75 -1.68 -17.226 30.072 -.909 -17.774 30.587
4 16 0 -19 30.5 -.98 -18.766 30.305 -.909 -17.774 30.587 0 -17.967 30.768
5 24 0 -17.967 30.768 0 -19 30.5 .909 -17.774 30.587 -.909 -17.774 30.587
5 24 .909 -17.774 30.587 .98 -18.766 30.305 1.68 -17.226 30.072 0 -17.967 30.768
5 24 1.68 -17.226 30.072 1.81 -18.1 29.75 2.196 -16.405 29.301 .909 -17.774 30.587
5 24 2.196 -16.405 29.301 2.365 -17.104 28.92 2.377 -15.437 28.392 1.68 -17.226 30.072
5 24 2.377 -15.437 28.392 2.56 -15.929 27.941 2.196 -14.468 27.482 2.196 -16.405 29.301
5 24 2.196 -14.468 27.482 2.365 -14.753 26.961 1.68 -13.647 26.711 2.377 -15.437 28.392
5 24 1.68 -13.647 26.711 1.81 -13.757 26.131 .909 -13.099 26.196 2.196 -14.468 27.482
5 24 .909 -13.099 26.196 .98 -13.091 25.576 0 -12.906 26.015 1.68 -13.647 26.711
5 24 0 -12.906 26.015 0 -12.857 25.381 -.909 -13.099 26.196 .909 -13.099 26.196
5 24 -.909 -13.099 26.196 -.98 -13.091 25.576 -1.68 -13.647 26.711 0 -12.906 26.015
5 24 -1.68 -13.647 26.711 -1.81 -13.757 26.131 -2.196 -14.468 27.482 -.909 -13.099 26.196
5 24 -2.196 -14.468 27.482 -2.365 -14.753 26.961 -2.377 -15.437 28.392 -1.68 -13.647 26.711
5 24 -2.377 -15.437 28.392 -2.56 -15.929 27.941 -2.196 -16.405 29.301 -2.196 -14.468 27.482
5 24 -2.196 -16.405 29.301 -2.365 -17.104 28.92 -1.68 -17.226 30.072 -2.377 -15.437 28.392
5 24 -1.68 -17.226 30.072 -1.81 -18.1 29.75 -.909 -17.774 30.587 -2.196 -16.405 29.301
5 24 -.909 -17.774 30.587 -.98 -18.766 30.305 0 -17.967 30.768 -1.68 -17.226 30.072
0
2 24 0 -19 30.5 .98 -18.766 30.305
2 24 .98 -18.766 30.305 1.81 -18.1 29.75
2 24 1.81 -18.1 29.75 2.365 -17.104 28.92
2 24 2.365 -17.104 28.92 2.56 -15.929 27.941
2 24 2.56 -15.929 27.941 2.365 -14.753 26.961
2 24 2.365 -14.753 26.961 1.81 -13.757 26.131
2 24 1.81 -13.757 26.131 .98 -13.091 25.576
2 24 .98 -13.091 25.576 0 -12.857 25.381
2 24 0 -12.857 25.381 -.98 -13.091 25.576
2 24 -.98 -13.091 25.576 -1.81 -13.757 26.131
2 24 -1.81 -13.757 26.131 -2.365 -14.753 26.961
2 24 -2.365 -14.753 26.961 -2.56 -15.929 27.941
2 24 -2.56 -15.929 27.941 -2.365 -17.104 28.92
2 24 -2.365 -17.104 28.92 -1.81 -18.1 29.75
2 24 -1.81 -18.1 29.75 -.98 -18.766 30.305
2 24 -.98 -18.766 30.305 0 -19 30.5
0
