0 Minifig Cap Aviator Goggles
0 Name: 30170.dat
0 Author: Franklin W. Cain [fwcain]
0 !LDRAW_ORG Part UPDATE 2012-03
0 !LICENSE Redistributable under CCAL version 2.0 : see CAreadme.txt

0 !CATEGORY Minifig Headwear
0 !KEYWORDS lenses, glasses, hat, cap, helmet, skullcap, aviator, pilot
0 !KEYWORDS barnstormer, adventurers, star wars, pod race, naboo, fighter, race

0 !HISTORY 2002-04-25 [PTadmin] Official Update 2002-02
0 !HISTORY 2007-06-06 [PTadmin] Header formatted for Contributor Agreement
0 !HISTORY 2008-07-01 [PTadmin] Official Update 2008-01
0 !HISTORY 2012-12-24 [cwdee] Update category
0 !HISTORY 2012-12-28 [PTadmin] Official Update 2012-03

 1 16 -15 0 0 0 -2 0 4 0 0 0 0 4 2-4cyli.dat
 1 16 15 0 0 0 2 0 4 0 0 0 0 4 2-4cyli.dat
0
 1 16 -15 0 0 0 -1 0 4 0 0 0 0 4 2-4disc.dat
 1 16 15 0 0 0 1 0 4 0 0 0 0 4 2-4disc.dat
 1 16 -17 0 0 0 -1 0 4 0 0 0 0 4 2-4disc.dat
 1 16 17 0 0 0 1 0 4 0 0 0 0 4 2-4disc.dat
0
 1 16 -15 0 0 0 1 0 4 0 0 0 0 4 2-4edge.dat
 1 16 15 0 0 0 1 0 4 0 0 0 0 4 2-4edge.dat
 1 16 -17 0 0 0 1 0 4 0 0 0 0 4 2-4edge.dat
 1 16 17 0 0 0 1 0 4 0 0 0 0 4 2-4edge.dat
0
 4 16 -15 -4 0 -15 -4 -6 -15 4 -6 -15 4 0
 4 16 15 -4 0 15 -4 -6 15 4 -6 15 4 0
 4 16 -17 -4 0 -17 -4 -6 -17 4 -6 -17 4 0
 4 16 17 -4 0 17 -4 -6 17 4 -6 17 4 0
0
 4 16 -15 -4 0 -15 -4 -6 -17 -4 -6 -17 -4 0
 4 16 15 -4 0 15 -4 -6 17 -4 -6 17 -4 0
 4 16 -15 4 0 -15 4 -6 -17 4 -6 -17 4 0
 4 16 15 4 0 15 4 -6 17 4 -6 17 4 0
0
 2 24 -15 -4 0 -15 -4 -6
 2 24 15 -4 0 15 -4 -6
 2 24 -15 4 0 -15 4 -6
 2 24 15 4 0 15 4 -6
0
 2 24 -17 -4 0 -17 -4 -6
 2 24 17 -4 0 17 -4 -6
 2 24 -17 4 0 -17 4 -6
 2 24 17 4 0 17 4 -6
0
 1 16 -15 0 0 0 1 0 1.5 0 0 0 0 1.5 4-8sphe.dat
 1 16 15 0 0 0 -1 0 1.5 0 0 0 0 1.5 4-8sphe.dat
 1 16 -15 0 0 0 1 0 1.5 0 0 0 0 1.5 4-4edge.dat
 1 16 15 0 0 0 1 0 1.5 0 0 0 0 1.5 4-4edge.dat
0
 4 16 0 -3 -22 -2 -4 -22 -2 2 -22 0 3 -22
 4 16 0 -3 -22 2 -4 -22 2 2 -22 0 3 -22
 4 16 -2 -4 -22 -11 -4 -22 -11 -2 -22 -2 -2 -22
 4 16 2 -4 -22 11 -4 -22 11 -2 -22 2 -2 -22
 4 16 -11 -4 -22 -13 -2 -22 -13 4 -22 -11 6 -22
 4 16 11 -4 -22 13 -2 -22 13 4 -22 11 6 -22
 4 16 -11 4 -22 -11 6 -22 -3 6 -22 -4 4 -22
 4 16 11 4 -22 11 6 -22 3 6 -22 4 4 -22
 4 16 0 3 -22 -2 2 -22 -4 4 -22 -3 6 -22
 4 16 0 3 -22 2 2 -22 4 4 -22 3 6 -22
 3 16 -10 -2 -22 -11 -2 -22 -11 -1 -22
 3 16 10 -2 -22 11 -2 -22 11 -1 -22
 3 16 -11 3 -22 -11 4 -22 -10 4 -22
 3 16 11 3 -22 11 4 -22 10 4 -22
0
 2 24 0 -3 -22 -2 -4 -22
 2 24 0 -3 -22 2 -4 -22
 2 24 -2 -4 -22 -11 -4 -22
 2 24 2 -4 -22 11 -4 -22
 2 24 -11 -4 -22 -13 -2 -22
 2 24 11 -4 -22 13 -2 -22
 2 24 -13 -2 -22 -13 4 -22
 2 24 13 -2 -22 13 4 -22
 2 24 -13 4 -22 -11 6 -22
 2 24 13 4 -22 11 6 -22
 2 24 -11 6 -22 -3 6 -22
 2 24 11 6 -22 3 6 -22
 2 24 -3 6 -22 0 3 -22
 2 24 3 6 -22 0 3 -22
 2 24 -2 -2 -22 -10 -2 -22
 2 24 2 -2 -22 10 -2 -22
 2 24 -10 -2 -22 -11 -1 -22
 2 24 10 -2 -22 11 -1 -22
 2 24 -11 -1 -22 -11 3 -22
 2 24 11 -1 -22 11 3 -22
 2 24 -11 3 -22 -10 4 -22
 2 24 11 3 -22 10 4 -22
 2 24 -10 4 -22 -4 4 -22
 2 24 10 4 -22 4 4 -22
 2 24 -4 4 -22 -2 2 -22
 2 24 4 4 -22 2 2 -22
 2 24 -2 2 -22 -2 -2 -22
 2 24 2 2 -22 2 -2 -22
0
 4 16 0 -3 -22 0 -3 -18 -2 -4 -18 -2 -4 -22
 4 16 0 -3 -22 0 -3 -18 2 -4 -18 2 -4 -22
 4 16 -2 -4 -22 -2 -4 -18 -6 -4 -18 -6 -4 -22
 4 16 2 -4 -22 2 -4 -18 6 -4 -18 6 -4 -22
 4 16 -6 -4 -22 -6 -4 -18 -11 -4 -15 -11 -4 -22
 4 16 6 -4 -22 6 -4 -18 11 -4 -15 11 -4 -22
 3 16 -11 -4 -20 -13 -2 -20 -13 -4 -20
 3 16 11 -4 -20 13 -2 -20 13 -4 -20
0
 2 24 -11 -4 -20 -13 -4 -20
 2 24 11 -4 -20 13 -4 -20
0
 2 24 0 -3 -22 0 -3 -18
 2 24 0 3 -22 0 3 -18
0
 4 16 0 3 -22 0 3 -18 -3 6 -18 -3 6 -22
 4 16 0 3 -22 0 3 -18 3 6 -18 3 6 -22
 4 16 -3 6 -22 -3 6 -18 -6 6 -18 -6 6 -22
 4 16 3 6 -22 3 6 -18 6 6 -18 6 6 -22
 4 16 -6 6 -22 -6 6 -18 -11 6 -15 -11 6 -22
 4 16 6 6 -22 6 6 -18 11 6 -15 11 6 -22
 4 16 -11 6 -22 -11 6 -15 -13 4 -12.333 -13 4 -22
 4 16 11 6 -22 11 6 -15 13 4 -12.333 13 4 -22
 4 16 -11 -4 -22 -11 -4 -20 -13 -2 -20 -13 -2 -22
 4 16 11 -4 -22 11 -4 -20 13 -2 -20 13 -2 -22
0
 2 24 -11 -4 -20 -13 -2 -20
 2 24 11 -4 -20 13 -2 -20
0
 4 16 -13 -2 -22 -13 -2 -20 -13 4 -20 -13 4 -22
 4 16 13 -2 -22 13 -2 -20 13 4 -20 13 4 -22
0
 2 24 -13 -4 -20 -13 4 -20
 2 24 13 -4 -20 13 4 -20
0
 4 16 -13 4 -20 -16 4 -13 -14 4 -11 -13 4 -12.333
 4 16 13 4 -20 16 4 -13 14 4 -11 13 4 -12.333
0
 4 16 -16 -4 -13 -17 -4 -6 -15 -4 -6 -14 -4 -11
 4 16 16 -4 -13 17 -4 -6 15 -4 -6 14 -4 -11
 4 16 -16 4 -13 -17 4 -6 -15 4 -6 -14 4 -11
 4 16 16 4 -13 17 4 -6 15 4 -6 14 4 -11
0
 4 16 -16 -4 -13 -17 -4 -6 -17 4 -6 -16 4 -13
 4 16 16 -4 -13 17 -4 -6 17 4 -6 16 4 -13
0
 4 16 -14 -4 -11 -15 -4 -6 -15 4 -6 -14 4 -11
 4 16 14 -4 -11 15 -4 -6 15 4 -6 14 4 -11
0
 4 16 -14 -4 -11 -11 -4 -15 -11 4 -15 -14 4 -11
 4 16 14 -4 -11 11 -4 -15 11 4 -15 14 4 -11
 3 16 -11 4 -15 -11 6 -15 -13 4 -12.333
 3 16 11 4 -15 11 6 -15 13 4 -12.333
 4 16 -11 -4 -15 -11 -1 -15 -10 -2 -15.6 -10 -4 -15.6
 4 16 11 -4 -15 11 -1 -15 10 -2 -15.6 10 -4 -15.6
 4 16 -11 3 -15 -11 6 -15 -10 6 -15.6 -10 4 -15.6
 4 16 11 3 -15 11 6 -15 10 6 -15.6 10 4 -15.6
 4 16 -6 -4 -18 -6 -2 -18 -10 -2 -15.6 -10 -4 -15.6
 4 16 6 -4 -18 6 -2 -18 10 -2 -15.6 10 -4 -15.6
 4 16 -6 4 -18 -6 6 -18 -10 6 -15.6 -10 4 -15.6
 4 16 6 4 -18 6 6 -18 10 6 -15.6 10 4 -15.6
 4 16 -6 -4 -18 -6 -2 -18 -2 -2 -18 -2 -4 -18
 4 16 6 -4 -18 6 -2 -18 2 -2 -18 2 -4 -18
 4 16 -6 4 -18 -6 6 -18 -3 6 -18 -4 4 -18
 4 16 6 4 -18 6 6 -18 3 6 -18 4 4 -18
 4 16 -3 6 -18 -4 4 -18 -2 2 -18 0 3 -18
 4 16 3 6 -18 4 4 -18 2 2 -18 0 3 -18
 4 16 -2 -4 -18 -2 2 -18 0 3 -18 0 -3 -18
 4 16 2 -4 -18 2 2 -18 0 3 -18 0 -3 -18
0
 4 16 -13 -4 -20 -16 -4 -13 -16 4 -13 -13 4 -20
 4 16 13 -4 -20 16 -4 -13 16 4 -13 13 4 -20
0
 4 16 -16 -4 -13 -13 -4 -20 -11 -4 -15 -14 -4 -11
 4 16 16 -4 -13 13 -4 -20 11 -4 -15 14 -4 -11
0
 3 16 -11 -4 -20 -13 -4 -20 -11 -4 -15
 3 16 11 -4 -20 13 -4 -20 11 -4 -15
0
 2 24 -11 -4 -15 -14 -4 -11
 2 24 11 -4 -15 14 -4 -11
0
 2 24 -13 -4 -20 -16 -4 -13
 2 24 13 -4 -20 16 -4 -13
 2 24 -13 4 -20 -16 4 -13
 2 24 13 4 -20 16 4 -13
0
 2 24 -16 -4 -13 -17 -4 -6
 2 24 16 -4 -13 17 -4 -6
 2 24 -16 4 -13 -17 4 -6
 2 24 16 4 -13 17 4 -6
0
 2 24 -13 4 -12.333 -14 4 -11
 2 24 13 4 -12.333 14 4 -11
0
 2 24 -14 -4 -11 -15 -4 -6
 2 24 14 -4 -11 15 -4 -6
 2 24 -14 4 -11 -15 4 -6
 2 24 14 4 -11 15 4 -6
0
 5 24 -17 -4 -6 -17 4 -6 -16 0 -13 -17 0 0
 5 24 17 -4 -6 17 4 -6 16 0 -13 17 0 0
0
 5 24 -16 -4 -13 -16 4 -13 -17 0 -6 -13 0 -20
 5 24 16 -4 -13 16 4 -13 17 0 -6 13 0 -20
0
 4 16 -2 -2 -22 -2 -2 -18 -6 -2 -18 -6 -2 -22
 4 16 2 -2 -22 2 -2 -18 6 -2 -18 6 -2 -22
 4 16 -6 -2 -22 -6 -2 -18 -10 -2 -15.6 -10 -2 -22
 4 16 6 -2 -22 6 -2 -18 10 -2 -15.6 10 -2 -22
 4 16 -10 -2 -22 -10 -2 -15.6 -11 -1 -15 -11 -1 -22
 4 16 10 -2 -22 10 -2 -15.6 11 -1 -15 11 -1 -22
 4 16 -11 -1 -22 -11 -1 -15 -11 3 -15 -11 3 -22
 4 16 11 -1 -22 11 -1 -15 11 3 -15 11 3 -22
 4 16 -11 3 -22 -11 3 -15 -10 4 -15.6 -10 4 -22
 4 16 11 3 -22 11 3 -15 10 4 -15.6 10 4 -22
 4 16 -10 4 -22 -10 4 -15.6 -6 4 -18 -6 4 -22
 4 16 10 4 -22 10 4 -15.6 6 4 -18 6 4 -22
 4 16 -6 4 -22 -6 4 -18 -4 4 -18 -4 4 -22
 4 16 6 4 -22 6 4 -18 4 4 -18 4 4 -22
 4 16 -4 4 -22 -4 4 -18 -2 2 -18 -2 2 -22
 4 16 4 4 -22 4 4 -18 2 2 -18 2 2 -22
 4 16 -2 -2 -22 -2 -2 -18 -2 2 -18 -2 2 -22
 4 16 2 -2 -22 2 -2 -18 2 2 -18 2 2 -22
0
 2 24 -2 -4 -22 -2 -4 -18
 2 24 2 -4 -22 2 -4 -18
 2 24 -2 -2 -22 -2 -2 -18
 2 24 2 -2 -22 2 -2 -18
 2 24 -2 2 -22 -2 2 -18
 2 24 2 2 -22 2 2 -18
 2 24 -3 6 -22 -3 6 -18
 2 24 3 6 -22 3 6 -18
 2 24 -4 4 -22 -4 4 -18
 2 24 4 4 -22 4 4 -18
 2 24 -10 -2 -22 -10 -2 -15.6
 2 24 10 -2 -22 10 -2 -15.6
 2 24 -10 4 -22 -10 4 -15.6
 2 24 10 4 -22 10 4 -15.6
 2 24 -11 -4 -22 -11 -4 -20
 2 24 11 -4 -22 11 -4 -20
 2 24 -11 -1 -22 -11 -1 -15
 2 24 11 -1 -22 11 -1 -15
 2 24 -11 3 -22 -11 3 -15
 2 24 11 3 -22 11 3 -15
 2 24 -11 6 -22 -11 6 -15
 2 24 11 6 -22 11 6 -15
 2 24 -13 -2 -22 -13 -2 -20
 2 24 13 -2 -22 13 -2 -20
 2 24 -13 4 -22 -13 4 -12.333
 2 24 13 4 -22 13 4 -12.333
0
 2 24 0 -3 -18 -2 -4 -18
 2 24 0 -3 -18 2 -4 -18
0
 2 24 -2 -4 -18 -6 -4 -18
 2 24 2 -4 -18 6 -4 -18
0
 2 24 -6 -4 -18 -11 -4 -15
 2 24 6 -4 -18 11 -4 -15
0
 2 24 -13 4 -12.333 -11 6 -15
 2 24 13 4 -12.333 11 6 -15
0
 2 24 -11 6 -15 -6 6 -18
 2 24 11 6 -15 6 6 -18
0
 2 24 -6 6 -18 -3 6 -18
 2 24 6 6 -18 3 6 -18
0
 2 24 -3 6 -18 0 3 -18
 2 24 3 6 -18 0 3 -18
0
 2 24 -2 -2 -18 -6 -2 -18
 2 24 2 -2 -18 6 -2 -18
0
 2 24 -6 -2 -18 -10 -2 -15.6
 2 24 6 -2 -18 10 -2 -15.6
0
 2 24 -10 -2 -15.6 -11 -1 -15
 2 24 10 -2 -15.6 11 -1 -15
0
 2 24 -11 -1 -15 -11 3 -15
 2 24 11 -1 -15 11 3 -15
0
 2 24 -11 3 -15 -10 4 -15.6
 2 24 11 3 -15 10 4 -15.6
0
 2 24 -10 4 -15.6 -6 4 -18
 2 24 10 4 -15.6 6 4 -18
0
 2 24 -6 4 -18 -4 4 -18
 2 24 6 4 -18 4 4 -18
0
 2 24 -4 4 -18 -2 2 -18
 2 24 4 4 -18 2 2 -18
0
 2 24 -2 2 -18 -2 -2 -18
 2 24 2 2 -18 2 -2 -18
0
