0 Plate  2 x  6 with Half Saucer
0 Name: 30195.dat
0 Author: Luis E. Fernandez [lfernand]
0 !LDRAW_ORG Part UPDATE 1999-03
0 !LICENSE Redistributable under CCAL version 2.0 : see CAreadme.txt

0 !HISTORY 1998-04-11 [PTadmin] Official Update 1998-04
0 !HISTORY 1999-05-17 [PTadmin] Official Update 1999-03
0 !HISTORY 2007-06-07 [PTadmin] Header formatted for Contributor Agreement
0 !HISTORY 2008-07-01 [PTadmin] Official Update 2008-01

 2 24 -20 32 90 -20 24 90 
 2 24 20 32 90 -20 32 90 
 2 24 20 32 90 20 24 90 
 4 16 20 24 90 20 32 90 -20 32 90 -20 24 90 
 2 24 -16 32 86 -16 28 86 
 2 24 16 32 86 -16 32 86 
 2 24 16 32 86 16 28 86 
 4 16 16 28 86 16 32 86 -16 32 86 -16 28 86 
 4 16 20 32 90 16 32 86 -16 32 86 -20 32 90 
 2 24 -20 24 10 -20 32 10 
 2 24 20 24 10 20 32 10 
 2 24 -26 28 4 -26 32 4 
 2 24 -20 28 4 -20 32 4 
 2 24 -20 32 10 -26 32 4 
 4 16 -26 28 4 -20 24 10 -20 32 10 -26 32 4 
 2 24 20 28 4 20 32 4 
 2 24 26 28 4 26 32 4 
 2 24 26 32 4 20 32 10 
 4 16 20 24 10 26 28 4 26 32 4 20 32 10 
 2 24 -23 28 1 -23 32 1 
 2 24 -26 32 4 -23 32 1 
 4 16 -23 28 1 -26 28 4 -26 32 4 -23 32 1 
 2 24 -23 32 1 -20 32 4 
 4 16 -20 28 4 -23 28 1 -23 32 1 -20 32 4 
 4 16 -20 32 10 -20 32 4 -23 32 1 -26 32 4 
 2 24 20 32 4 23 32 1 
 2 24 23 28 1 23 32 1 
 4 16 23 28 1 20 28 4 20 32 4 23 32 1 
 2 24 23 32 1 26 32 4 
 4 16 26 28 4 23 28 1 23 32 1 26 32 4 
 4 16 26 32 4 23 32 1 20 32 4 20 32 10 
 2 24 -34 28 -4 -34 32 -4 
 2 24 34 28 -4 34 32 -4 
 2 24 -31 28 -7 -31 32 -7 
 2 24 -31 32 -7 -34 32 -4 
 4 16 -34 28 -4 -31 28 -7 -31 32 -7 -34 32 -4 
 2 24 31 28 -7 31 32 -7 
 2 24 34 32 -4 31 32 -7 
 4 16 31 28 -7 34 28 -4 34 32 -4 31 32 -7 
 2 24 -36 28 -12 -36 32 -12 
 2 24 -36 32 -12 -36 28 -12 
 2 24 -36 32 -12 -31 32 -7 
 4 16 -31 28 -7 -36 28 -12 -36 32 -12 -31 32 -7 
 2 24 -20 28 -12 -20 32 -12 
 2 24 -20 32 -12 -36 32 -12 
 2 24 -20 32 -12 -20 32 90 
 4 16 -20 28 -12 -36 28 -12 -20 32 -12 -36 32 -12 
 2 24 20 28 -12 20 32 -12 
 2 24 20 32 -12 20 32 90 
 2 24 20 32 -12 36 32 -12 
 2 24 31 32 -7 36 32 -12 
 2 24 36 28 -12 36 32 -12 
 2 24 36 32 -12 36 28 -12 
 4 16 20 28 -12 36 28 -12 20 32 -12 36 32 -12 
 4 16 36 28 -12 31 28 -7 31 32 -7 36 32 -12 
 2 24 -38 28 -14 -38 32 -14 
 2 24 -38 32 -14 -38 28 -14 
 2 24 -36 32 -14 -36 28 -14 
 2 24 -20 28 -14 -20 32 -14 
 2 24 -20 32 -14 -36 32 -14 
 4 16 -20 28 -14 -36 28 -14 -20 32 -14 -36 32 -14 
 4 16 -20 32 -12 -36 32 -12 -20 32 -14 -38 32 -14 
 2 24 20 28 -14 20 32 -14 
 2 24 20 32 -14 36 32 -14 
 2 24 36 32 -14 36 28 -14 
 4 16 20 28 -14 36 28 -14 20 32 -14 36 32 -14 
 4 16 20 32 -12 36 32 -12 20 32 -14 36 32 -14 
 2 24 38 28 -14 38 32 -14 
 2 24 38 32 -14 38 28 -14 
 2 24 -46 28 -16 -46 32 -16 
 2 24 -34 32 -4 -46 32 -16 
 4 16 -46 28 -16 -34 28 -4 -34 32 -4 -46 32 -16 
 2 24 46 28 -16 46 32 -16 
 2 24 46 32 -16 34 32 -4 
 4 16 34 28 -4 46 28 -16 46 32 -16 34 32 -4 
 2 24 -43 28 -19 -43 32 -19 
 2 24 -46 32 -16 -43 32 -19 
 4 16 -43 28 -19 -46 28 -16 -46 32 -16 -43 32 -19 
 2 24 -43 32 -19 -38 32 -14 
 4 16 -38 28 -14 -43 28 -19 -43 32 -19 -38 32 -14 
 4 16 -34 32 -4 -31 32 -7 -43 32 -19 -46 32 -16 
 2 24 38 32 -14 43 32 -19 
 2 24 43 28 -19 43 32 -19 
 4 16 43 28 -19 38 28 -14 38 32 -14 43 32 -19 
 2 24 43 32 -19 46 32 -16 
 4 16 46 28 -16 43 28 -19 43 32 -19 46 32 -16 
 4 16 46 32 -16 43 32 -19 31 32 -7 34 32 -4 
 2 24 -54 28 -24 -54 32 -24 
 2 24 54 28 -24 54 32 -24 
 2 24 -51 28 -27 -51 32 -27 
 2 24 -51 32 -27 -54 32 -24 
 4 16 -54 28 -24 -51 28 -27 -51 32 -27 -54 32 -24 
 2 24 51 28 -27 51 32 -27 
 2 24 54 32 -24 51 32 -27 
 4 16 51 28 -27 54 28 -24 54 32 -24 51 32 -27 
 2 24 -80 32 -30 -80 24 -30 
 2 24 -80 32 -30 -80 24 -30 
 2 24 -60 24 -30 -60 32 -30 
 2 24 -60 32 -30 -80 32 -30 
 2 24 -54 28 -30 -54 32 -30 
 2 24 -54 32 -24 -60 32 -30 
 4 16 -60 24 -30 -54 28 -24 -54 32 -24 -60 32 -30 
 2 24 -54 32 -30 -51 32 -27 
 4 16 -51 28 -27 -54 28 -30 -54 32 -30 -51 32 -27 
 4 16 -54 32 -24 -51 32 -27 -54 32 -30 -60 32 -30 
 2 24 -38 28 -30 -38 32 -30 
 2 24 -38 32 -30 -38 32 -14 
 2 24 -54 32 -30 -38 32 -30 
 4 16 -38 28 -30 -38 28 -14 -38 32 -30 -38 32 -14 
 2 24 -36 28 -30 -36 32 -30 
 2 24 -36 32 -30 -36 32 -14 
 4 16 -36 28 -30 -36 28 -14 -36 32 -30 -36 32 -14 
 4 16 -38 32 -30 -38 32 -14 -36 32 -30 -36 32 -14 
 2 24 -20 32 -30 -20 28 -30 
 2 24 -36 32 -30 -20 32 -30 
 2 24 -20 32 -30 -20 32 -14 
 4 16 -20 24 90 -20 32 90 -20 32 -30 -20 24 -30 
 2 24 -16 32 -30 -16 28 -30 
 2 24 -16 32 86 -16 32 -30 
 4 16 -16 28 86 -16 32 86 -16 32 -30 -16 28 -30 
 4 16 -20 32 -30 -16 32 -30 -16 32 86 -20 32 90 
 2 24 16 32 -30 -16 32 -30 
 2 24 16 32 -30 16 28 -30 
 2 24 16 32 -30 16 32 86 
 4 16 16 28 -30 16 32 -30 16 32 86 16 28 86 
 2 24 20 32 -30 20 28 -30 
 2 24 20 32 -30 20 32 -14 
 4 16 20 24 -30 20 32 -30 20 32 90 20 24 90 
 4 16 20 32 -30 16 32 -30 16 32 86 20 32 90 
 2 24 20 32 -30 36 32 -30 
 2 24 36 28 -30 36 32 -30 
 2 24 36 32 -30 36 32 -14 
 4 16 36 28 -30 36 28 -14 36 32 -30 36 32 -14 
 2 24 38 28 -30 38 32 -30 
 2 24 38 32 -30 38 32 -14 
 4 16 38 28 -30 38 28 -14 38 32 -30 38 32 -14 
 4 16 38 32 -30 38 32 -14 36 32 -30 36 32 -12 
 2 24 38 32 -30 54 32 -30 
 2 24 51 32 -27 54 32 -30 
 2 24 54 28 -30 54 32 -30 
 4 16 54 28 -30 51 28 -27 51 32 -27 54 32 -30 
 2 24 60 24 -30 60 32 -30 
 2 24 60 32 -30 54 32 -24 
 4 16 54 28 -24 60 24 -30 60 32 -30 54 32 -24 
 4 16 60 32 -30 54 32 -30 51 32 -27 54 32 -24 
 2 24 80 32 -30 60 32 -30 
 2 24 80 32 -30 80 24 -30 
 2 24 80 32 -30 80 24 -30 
 4 16 80 32 -30 -80 32 -30 80 24 -30 -80 24 -30 
 2 24 -76 32 -34 -76 24 -34 
 2 24 -76 32 -34 -76 24 -34 
 2 24 -64 32 -34 -64 24 -34 
 2 24 -76 32 -34 -64 32 -34 
 2 24 -62 32 -34 -62 24 -34 
 2 24 -20 32 -34 -62 32 -34 
 2 24 -20 32 -34 -20 24 -34 
 2 24 -16 32 -34 -16 24 -34 
 2 24 16 32 -34 -16 32 -34 
 2 24 16 32 -34 -16 32 -34 
 2 24 16 32 -34 16 24 -34 
 2 24 20 32 -34 20 24 -34 
 2 24 62 32 -34 20 32 -34 
 2 24 62 32 -34 62 24 -34 
 2 24 64 32 -34 64 24 -34 
 2 24 76 32 -34 64 32 -34 
 2 24 76 32 -34 76 24 -34 
 2 24 76 32 -34 76 24 -34 
 4 16 -76 32 -34 76 32 -34 -76 24 -34 76 24 -34 
 4 16 80 32 -30 -80 32 -30 -76 32 -34 76 32 -34 
 2 24 -76 32 -46 -76 24 -46 
 2 24 -76 32 -46 -76 32 -34 
 4 16 -76 24 -46 -76 32 -46 -76 32 -34 -76 24 -34 
 2 24 -64 32 -34 -64 32 -46 
 2 24 -64 32 -46 -64 24 -46 
 2 24 -64 32 -46 -76 32 -46 
 4 16 -64 24 -34 -64 32 -34 -64 32 -46 -64 24 -46 
 4 16 -64 24 -46 -64 32 -46 -76 32 -46 -76 24 -46 
 2 24 64 32 -34 64 32 -46 
 2 24 64 32 -46 64 24 -46 
 4 16 64 24 -34 64 32 -34 64 32 -46 64 24 -46 
 2 24 64 32 -46 76 32 -46 
 2 24 76 32 -46 76 24 -46 
 2 24 76 32 -46 76 32 -34 
 4 16 64 24 -46 64 32 -46 76 32 -46 76 24 -46 
 4 16 76 24 -46 76 32 -46 76 32 -34 76 24 -34 
 2 24 -62 32 -34 -62 32 -48 
 2 24 -62 32 -48 -62 24 -48 
 2 24 -62 32 -48 -76 32 -48 
 4 16 -62 24 -34 -62 32 -34 -62 32 -48 -62 24 -48 
 4 16 -62 24 -48 -62 32 -48 -80 32 -48 -80 24 -48 
 4 16 -62 32 -34 -64 32 -34 -64 32 -46 -62 32 -48 
 4 16 -62 32 -48 -64 32 -46 -78 32 -46 -78 32 -48 
 2 24 62 32 -34 62 32 -48 
 2 24 62 32 -48 62 24 -48 
 4 16 62 24 -34 62 32 -34 62 32 -48 62 24 -48 
 4 16 62 32 -34 64 32 -34 64 32 -46 62 32 -48 
 2 24 62 32 -48 76 32 -48 
 4 16 62 32 -48 64 32 -46 78 32 -46 78 32 -48 
 4 16 62 24 -48 62 32 -48 80 32 -48 80 24 -48 
 2 24 -80 32 -50 -80 32 -30 
 4 16 -80 24 -50 -80 32 -50 -80 32 -30 -80 24 -30 
 4 16 -80 32 -50 -76 32 -46 -76 32 -34 -80 32 -30 
 2 24 80 32 -50 80 32 -30 
 4 16 80 24 -50 80 32 -50 80 32 -30 80 24 -30 
 4 16 80 32 -50 76 32 -46 76 32 -34 80 32 -30 
 4 16 -76 26 -51 -76 26 -30 -76 32 -51 -76 32 -30 
 4 16 76 26 -51 76 26 -30 76 32 -51 76 32 -30 
 2 24 -80 32 -30 -80 32 -52 
 2 24 -80 32 -52 -80 24 -52 
 2 24 -76 32 -51 -76 32 -48 
 2 24 76 32 -48 76 32 -51 
 4 16 -80 24 -30 -80 24 -52 -80 32 -30 -80 32 -52 
 4 16 -76 32 -51 -76 32 -30 -80 32 -30 -80 32 -52 
 2 24 80 32 -30 80 32 -52 
 2 24 80 32 -52 80 24 -52 
 4 16 76 32 -51 76 32 -30 80 32 -30 80 32 -52 
 4 16 80 24 -30 80 24 -52 80 32 -30 80 32 -52 
 2 24 -76 32 -51 -73.59 32 -54.78 
 4 16 -73.65 28 -54.65 -73.65 32 -54.65 -76 32 -51 -76 28 -51 
 2 24 76 32 -51 73.59 32 -54.78 
 4 16 73.65 28 -54.65 73.65 32 -54.65 76 32 -51 76 28 -51 
 2 24 -77.09 32 -56.73 -77.09 28 -56.73 
 2 24 -80 32 -52 -77.09 32 -56.73 
 4 16 -77.09 32 -56.73 -77.09 28 -56.73 -80 32 -52 -80 28 -52 
 2 24 -77.09 32 -56.73 -73.65 32 -54.65 
 4 16 -73.65 28 -54.65 -73.65 32 -54.65 -77.09 32 -56.73 -77.09 28 -56.73 
 4 16 -76 32 -51 -73.59 32 -54.78 -80 32 -52 -77.09 32 -56.73 
 2 24 77.09 32 -56.73 73.65 32 -54.65 
 2 24 77.09 32 -56.73 77.09 28 -56.73 
 4 16 73.65 28 -54.65 73.65 32 -54.65 77.09 32 -56.73 77.09 28 -56.73 
 2 24 80 32 -52 77.09 32 -56.73 
 4 16 76 32 -51 73.59 32 -54.78 80 32 -52 77.09 32 -56.73 
 4 16 77.09 32 -56.73 77.09 28 -56.73 80 32 -52 80 28 -52 
 2 24 -67.20 32 -65.31 -67.20 28 -65.31 
 2 24 67.20 32 -65.31 67.20 28 -65.31 
 2 24 -70.64 28 -67.39 -70.64 32 -67.39 
 2 24 -70.64 32 -67.39 -67.20 32 -65.31 
 4 16 -67.20 32 -65.31 -67.20 28 -65.31 -70.64 28 -67.39 -70.64 32 -67.39 
 2 24 70.64 28 -67.39 70.64 32 -67.39 
 2 24 70.64 32 -67.39 67.20 32 -65.31 
 4 16 67.20 32 -65.31 67.20 28 -65.31 70.64 28 -67.39 70.64 32 -67.39 
 2 24 -63.84 32 -70.72 -67.09 32 -65.41 
 2 24 -63.92 32 -70.73 -63.92 28 -70.73 
 4 16 -63.92 32 -70.73 -63.92 28 -70.73 -67.20 32 -65.31 -67.20 28 -65.31 
 2 24 63.92 32 -70.73 63.92 28 -70.73 
 2 24 63.84 32 -70.72 67.09 32 -65.41 
 4 16 63.92 32 -70.73 63.92 28 -70.73 67.20 32 -65.31 67.20 28 -65.31 
 2 24 -67.34 32 -72.85 -70.59 32 -67.48 
 2 24 -67.36 32 -72.81 -67.36 28 -72.81 
 4 16 -70.64 28 -67.39 -70.64 32 -67.39 -67.36 32 -72.81 -67.36 28 -72.81 
 2 24 -67.36 32 -72.81 -63.92 32 -70.73 
 4 16 -63.84 32 -70.72 -67.09 32 -65.41 -67.34 32 -72.85 -70.59 32 -67.48 
 4 16 -63.92 32 -70.73 -63.92 28 -70.73 -67.36 32 -72.81 -67.36 28 -72.81 
 2 24 67.36 32 -72.81 63.92 32 -70.73 
 2 24 67.36 32 -72.81 67.36 28 -72.81 
 4 16 63.92 32 -70.73 63.92 28 -70.73 67.36 32 -72.81 67.36 28 -72.81 
 2 24 67.34 32 -72.85 70.59 32 -67.48 
 4 16 63.84 32 -70.72 67.09 32 -65.41 67.34 32 -72.85 70.59 32 -67.48 
 4 16 70.64 28 -67.39 70.64 32 -67.39 67.36 32 -72.81 67.36 28 -72.81 
 2 24 -57.37 32 -81.57 -57.37 28 -81.57 
 2 24 57.37 32 -81.57 57.37 28 -81.57 
 2 24 -60.81 32 -83.65 -60.81 28 -83.65 
 2 24 -60.81 32 -83.65 -57.37 32 -81.57 
 4 16 -57.37 32 -81.57 -57.37 28 -81.57 -60.81 32 -83.65 -60.81 28 -83.65 
 2 24 60.81 32 -83.65 57.37 32 -81.57 
 2 24 60.81 32 -83.65 60.81 28 -83.65 
 4 16 57.37 32 -81.57 57.37 28 -81.57 60.81 32 -83.65 60.81 28 -83.65 
 2 24 -55.25 32 -84.75 -55.25 26 -84.75 
 2 24 -55.25 32 -84.75 -57.31 32 -81.39 
 4 16 -57.37 32 -81.57 -57.37 28 -81.57 -55.25 32 -84.75 -55.25 28 -84.75 
 2 24 55.25 32 -84.75 55.25 26 -84.75 
 2 24 55.25 32 -84.75 57.31 32 -81.39 
 4 16 57.37 32 -81.57 57.37 28 -81.57 55.25 32 -84.75 55.25 28 -84.75 
 2 24 -58.50 32 -87.25 -58.50 24 -87.25 
 2 24 -58.50 32 -87.25 -60.81 32 -83.65 
 4 16 -60.81 32 -83.65 -60.81 28 -83.65 -58.50 32 -87.25 -58.50 28 -87.25 
 4 16 -55.25 32 -84.75 -57.31 32 -81.39 -58.50 32 -87.25 -60.81 32 -83.65 
 2 24 -51.20 32 -87.17 -51.20 28 -87.17 
 2 24 -55.25 32 -84.75 -51.10 32 -87.26 
 4 16 -55.25 32 -84.75 -55.25 28 -84.75 -51.20 32 -87.17 -51.20 28 -87.17 
 2 24 51.20 32 -87.17 51.20 28 -87.17 
 2 24 55.25 32 -84.75 51.10 32 -87.26 
 4 16 55.25 32 -84.75 55.25 28 -84.75 51.20 32 -87.17 51.20 28 -87.17 
 2 24 58.50 32 -87.25 58.50 24 -87.25 
 2 24 58.50 32 -87.25 60.81 32 -83.65 
 4 16 55.25 32 -84.75 57.31 32 -81.39 58.50 32 -87.25 60.81 32 -83.65 
 4 16 60.81 32 -83.65 60.81 28 -83.65 58.50 32 -87.25 58.50 28 -87.25 
 2 24 -53.31 32 -90.60 -53.31 28 -90.60 
 2 24 -58.50 32 -87.25 -53.31 32 -90.60 
 4 16 -53.31 32 -90.60 -53.31 28 -90.60 -58.50 32 -87.25 -58.50 28 -87.25 
 2 24 -53.31 32 -90.60 -51.20 32 -87.17 
 4 16 -51.20 32 -87.17 -51.20 28 -87.17 -53.31 32 -90.60 -53.31 28 -90.60 
 4 16 -55.25 32 -84.75 -51.10 32 -87.26 -58.50 32 -87.25 -53.31 32 -90.60 
 2 24 53.31 32 -90.60 51.20 32 -87.17 
 2 24 53.31 32 -90.60 53.31 28 -90.60 
 4 16 51.20 32 -87.17 51.20 28 -87.17 53.31 32 -90.60 53.31 28 -90.60 
 2 24 58.50 32 -87.25 53.31 32 -90.60 
 4 16 53.31 32 -90.60 53.31 28 -90.60 58.50 32 -87.25 58.50 28 -87.25 
 4 16 55.25 32 -84.75 51.10 32 -87.26 58.50 32 -87.25 53.31 32 -90.60 
 2 24 -40.56 32 -93.69 -40.56 28 -93.69 
 2 24 40.56 32 -93.69 40.56 28 -93.69 
 2 24 -35.08 32 -96.95 -40.42 32 -93.72 
 2 24 -35.16 32 -97 -35.16 28 -97 
 4 16 -40.56 32 -93.69 -40.56 28 -93.69 -35.16 32 -97 -35.16 28 -97 
 2 24 35.16 32 -97 35.16 28 -97 
 2 24 35.08 32 -96.95 40.42 32 -93.72 
 4 16 40.56 32 -93.69 40.56 28 -93.69 35.16 32 -97 35.16 28 -97 
 2 24 -42.67 32 -97.12 -42.67 28 -97.12 
 2 24 -42.67 32 -97.12 -40.56 32 -93.69 
 4 16 -40.56 32 -93.69 -40.56 28 -93.69 -42.67 32 -97.12 -42.67 28 -97.12 
 2 24 42.67 32 -97.12 40.56 32 -93.69 
 2 24 42.67 32 -97.12 42.67 28 -97.12 
 4 16 40.56 32 -93.69 40.56 28 -93.69 42.67 32 -97.12 42.67 28 -97.12 
 2 24 -37.22 32 -100.46 -42.58 32 -97.17 
 2 24 -37.26 32 -100.44 -37.26 28 -100.44 
 4 16 -42.67 32 -97.12 -42.67 28 -97.12 -37.26 32 -100.44 -37.26 28 -100.44 
 2 24 -37.26 32 -100.44 -35.16 32 -97 
 4 16 -35.08 32 -96.95 -40.42 32 -93.72 -37.22 32 -100.46 -42.58 32 -97.17 
 4 16 -35.16 32 -97 -35.16 28 -97 -37.26 32 -100.44 -37.26 28 -100.44 
 2 24 37.26 32 -100.44 35.16 32 -97 
 2 24 37.26 32 -100.44 37.26 28 -100.44 
 4 16 35.16 32 -97 35.16 28 -97 37.26 32 -100.44 37.26 28 -100.44 
 2 24 37.22 32 -100.46 42.58 32 -97.17 
 4 16 35.08 32 -96.95 40.42 32 -93.72 37.22 32 -100.46 42.58 32 -97.17 
 4 16 42.67 32 -97.12 42.67 28 -97.12 37.26 32 -100.44 37.26 28 -100.44 
 2 24 -24.35 32 -103.63 -24.35 28 -103.63 
 2 24 24.35 32 -103.63 24.35 28 -103.63 
 2 24 -20 32 -106 -20 24 -106 
 2 24 -20 32 -34 -20 32 -106 
 2 24 -16 32 -34 -16 32 -106 
 2 24 -16 32 -106 -16 24 -106 
 4 16 -16 24 -34 -16 32 -34 -16 32 -106 -16 24 -106 
 2 24 -16 32 -106 16 32 -106 
 2 24 16 32 -106 16 24 -106 
 2 24 16 32 -106 16 32 -34 
 2 24 -16 32 -106 16 32 -106 
 4 16 -16 24 -106 -16 32 -106 16 32 -106 16 24 -106 
 4 16 16 24 -106 16 32 -106 16 32 -34 16 24 -34 
 2 24 16 32 -106 -16 32 -106 
 2 24 20 32 -106 20 24 -106 
 2 24 20 32 -106 20 32 -34 
 4 16 -20 26 -106 20 26 -106 -20 32 -106 20 32 -106 
 4 16 20 26 -106 -20 26 -106 20 32 -106 -20 32 -106 
 2 24 -19.03 32 -106.67 -24.36 32 -103.44 
 4 16 -19.03 32 -106.67 -24.36 32 -103.44 -19.03 28 -106.67 -24.36 28 -103.44 
 2 24 19.03 32 -106.67 24.36 32 -103.44 
 4 16 19.03 32 -106.67 24.36 32 -103.44 19.03 28 -106.67 24.36 28 -103.44 
 2 24 -26.45 32 -107.06 -26.45 28 -107.06 
 2 24 -26.45 32 -107.06 -24.35 32 -103.63 
 4 16 -24.35 32 -103.63 -24.35 28 -103.63 -26.45 32 -107.06 -26.45 28 -107.06 
 2 24 26.45 32 -107.06 24.35 32 -103.63 
 2 24 26.45 32 -107.06 26.45 28 -107.06 
 4 16 24.35 32 -103.63 24.35 28 -103.63 26.45 32 -107.06 26.45 28 -107.06 
 2 24 -22 24 -110 -22 32 -110 
 4 16 -20 24 -34 -20 32 -34 -20 32 -110 -20 24 -110 
 4 16 -20 32 -110 -16 32 -106 -16 32 -34 -20 32 -34 
 2 24 -20 32 -110 20 32 -110 
 4 16 -20 24 -110 -20 32 -110 20 32 -110 20 24 -110 
 4 16 20 24 -110 20 32 -110 20 32 -34 20 24 -34 
 4 16 20 32 -110 16 32 -106 -16 32 -106 -20 32 -110 
 4 16 20 32 -110 16 32 -106 16 32 -34 20 32 -34 
 2 24 -22 32 -110 22 32 -110 
 2 24 22 24 -110 22 32 -110 
 2 24 22 32 -110 -22 32 -110 
 4 16 -22 24 -110 22 24 -110 -22 32 -110 22 32 -110 
 4 16 22 24 -110 -22 24 -110 22 32 -110 -22 32 -110 
 2 24 -21.09 32 -110.35 -26.45 32 -107.06 
 2 24 -21.09 32 -110.35 -26.45 32 -107.06 
 4 16 -21.09 32 -110.35 -26.45 32 -107.06 -21.09 28 -110.35 -26.45 28 -107.06 
 4 16 -19.03 32 -106.67 -24.36 32 -103.44 -21.09 32 -110.35 -26.45 32 -107.06 
 2 24 21.09 32 -110.35 26.45 32 -107.06 
 2 24 21.09 32 -110.35 26.45 32 -107.06 
 4 16 19.03 32 -106.67 24.36 32 -103.44 21.09 32 -110.35 26.45 32 -107.06 
 4 16 21.09 32 -110.35 26.45 32 -107.06 21.09 28 -110.35 26.45 28 -107.06 
 1 16 -22 30 -20 0 0 -2 0 2 0 1 0 0 box.dat
 1 16 22 30 -20 2 0 0 0 2 0 0 0 1 box.dat
 1 16 -30 30 -28 0 0 -1 0 2 0 2 0 0 box.dat
 1 16 30 30 -28 1 0 0 0 2 0 0 0 2 box.dat
 2 24 16 28 86 -16 28 86 
 1 16 0 28 70 0 0 1 0 -1 0 -1 0 0 stud4.dat
 1 16 0 28 50 0 0 1 0 -1 0 -1 0 0 stud4.dat
 1 16 0 28 30 0 0 1 0 -1 0 -1 0 0 stud4.dat
 1 16 0 28 10 0 0 1 0 -1 0 -1 0 0 stud4.dat
 2 24 -23 28 1 -26 28 4 
 2 24 -20 28 4 -23 28 1 
 2 24 23 28 1 20 28 4 
 2 24 26 28 4 23 28 1 
 2 24 -26 28 4 -34 28 -4 
 2 24 34 28 -4 26 28 4 
 2 24 -34 28 -4 -31 28 -7 
 4 16 -31 28 -7 -34 28 -4 -26 28 4 -23 28 1 
 2 24 31 28 -7 34 28 -4 
 4 16 23 28 1 26 28 4 34 28 -4 31 28 -7 
 1 16 0 28 -10 0 0 1 0 -1 0 -1 0 0 stud4.dat
 2 24 -31 28 -7 -36 28 -12 
 2 24 -20 28 -12 -36 28 -12 
 2 24 20 28 -12 36 28 -12 
 2 24 36 28 -12 31 28 -7 
 2 24 -20 28 -14 -36 28 -14 
 2 24 20 28 -14 36 28 -14 
 2 24 -43 28 -19 -46 28 -16 
 2 24 -38 28 -14 -43 28 -19 
 2 24 43 28 -19 38 28 -14 
 2 24 46 28 -16 43 28 -19 
 2 24 -46 28 -16 -54 28 -24 
 2 24 54 28 -24 46 28 -16 
 2 24 -54 28 -24 -51 28 -27 
 4 16 -51 28 -27 -54 28 -24 -46 28 -16 -43 28 -19 
 2 24 51 28 -27 54 28 -24 
 4 16 43 28 -19 46 28 -16 54 28 -24 51 28 -27 
 2 24 -51 28 -27 -54 28 -30 
 2 24 -38 28 -30 -38 28 -14 
 2 24 -36 28 -30 -36 28 -14 
 2 24 -20 28 -30 -20 28 4 
 2 24 -54 28 -30 -20 28 -30 
 3 16 -20 28 -30 -54 28 -30 -20 28 4 
 4 16 -60 24 -30 -54 28 -24 -26 28 4 -20 24 10 
 2 24 -16 28 86 -16 28 -30 
 2 24 -16 28 -30 14 28 -30 
 2 24 16 28 -30 16 28 86 
 4 16 16 28 -30 -16 28 -30 -16 28 86 16 28 86 
 2 24 20 28 4 20 28 -30 
 2 24 36 28 -30 36 28 -14 
 2 24 38 28 -30 38 28 -14 
 2 24 20 28 -30 54 28 -30 
 2 24 54 28 -30 51 28 -27 
 3 16 20 28 -30 20 28 4 54 28 -30 
 4 16 20 24 10 26 28 4 54 28 -24 60 24 -30 
 2 24 -20 6 -34 -20 28 -34 
 2 24 -16 6 -34 -16 28 -34 
 2 24 16 6 -34 16 28 -34 
 2 24 20 6 -34 20 28 -34 
 2 24 -77.09 28 -56.73 -73.65 28 -54.65 
 2 24 77.09 28 -56.73 73.65 28 -54.65 
 2 24 -67.09 28 -65.41 -73.59 28 -54.78 
 2 24 67.09 28 -65.41 73.59 28 -54.78 
 2 24 -70.59 28 -67.48 -77.09 28 -56.73 
 2 24 -70.64 28 -67.39 -67.20 28 -65.31 
 4 16 -67.09 28 -65.41 -73.59 28 -54.78 -70.59 28 -67.48 -77.09 28 -56.73 
 2 24 70.64 28 -67.39 67.20 28 -65.31 
 2 24 70.59 28 -67.48 77.09 28 -56.73 
 4 16 67.09 28 -65.41 73.59 28 -54.78 70.59 28 -67.48 77.09 28 -56.73 
 2 24 -67.36 28 -72.81 -63.92 28 -70.73 
 2 24 67.36 28 -72.81 63.92 28 -70.73 
 2 24 -57.34 28 -81.35 -63.84 28 -70.72 
 2 24 -57.34 28 -81.35 -63.84 28 -70.72 
 2 24 57.34 28 -81.35 63.84 28 -70.72 
 2 24 57.34 28 -81.35 63.84 28 -70.72 
 2 24 -60.84 28 -83.60 -67.34 28 -72.85 
 4 16 -57.34 28 -81.35 -63.84 28 -70.72 -60.84 28 -83.60 -67.34 28 -72.85 
 2 24 60.84 28 -83.60 67.34 28 -72.85 
 4 16 57.34 28 -81.35 63.84 28 -70.72 60.84 28 -83.60 67.34 28 -72.85 
 4 16 -55 26 -85 -76 26 -51 -55 28 -85 -76 28 -51 
 4 16 55 26 -85 76 26 -51 55 28 -85 76 28 -51 
 4 16 -80 24 -52 -58 24 -88 -80 28 -52 -58 28 -88 
 4 16 80 24 -52 58 24 -88 80 28 -52 58 28 -88 
 2 24 -53.31 28 -90.60 -51.20 28 -87.17 
 2 24 53.31 28 -90.60 51.20 28 -87.17 
 2 24 -40.42 28 -93.72 -51.10 28 -87.26 
 2 24 40.42 28 -93.72 51.10 28 -87.26 
 2 24 -42.58 28 -97.17 -53.31 28 -90.60 
 2 24 -42.67 28 -97.12 -40.56 28 -93.69 
 4 16 -40.42 28 -93.72 -51.10 28 -87.26 -42.58 28 -97.17 -53.31 28 -90.60 
 2 24 42.67 28 -97.12 40.56 28 -93.69 
 2 24 42.58 28 -97.17 53.31 28 -90.60 
 4 16 40.42 28 -93.72 51.10 28 -87.26 42.58 28 -97.17 53.31 28 -90.60 
 2 24 -37.26 28 -100.44 -35.16 28 -97 
 2 24 37.26 28 -100.44 35.16 28 -97 
 2 24 -24.41 28 -103.42 -35.08 28 -96.95 
 2 24 24.41 28 -103.42 35.08 28 -96.95 
 2 24 -20 28 -105 -20 19.25 -90 
 4 16 -20 19 -89.50 -20 19 -34 -20 28 -105 -20 28 -34 
 2 24 -16 28 -105 -16 19.25 -90 
 4 16 -16 19 -89.50 -16 19 -34 -16 28 -105 -16 28 -34 
 2 24 16 28 -105 16 19.25 -90 
 4 16 16 19 -89.50 16 19 -34 16 28 -105 16 28 -34 
 4 16 16 28 -105 16 19.25 -90 -16 28 -105 -16 19.25 -90 
 2 24 20 28 -105 20 19.25 -90 
 4 16 20 19 -89.50 20 19 -34 20 28 -105 20 28 -34 
 4 16 -20 26 -106 -55 26 -85 -20 28 -106 -55 28 -85 
 4 16 20 26 -106 55 26 -85 20 28 -106 55 28 -85 
 2 24 -26.49 28 -107.04 -37.22 28 -100.46 
 2 24 -26.45 28 -107.06 -24.35 28 -103.63 
 4 16 -24.41 28 -103.42 -35.08 28 -96.95 -26.49 28 -107.04 -37.22 28 -100.46 
 2 24 26.45 28 -107.06 24.35 28 -103.63 
 2 24 26.49 28 -107.04 37.22 28 -100.46 
 4 16 24.41 28 -103.42 35.08 28 -96.95 26.49 28 -107.04 37.22 28 -100.46 
 4 16 -58 24 -88 -22 24 -110 -58 28 -88 -22 28 -110 
 4 16 58 24 -88 22 24 -110 58 28 -88 22 28 -110 
 2 24 -76 26 -34 -64 17.25 -34 
 2 24 76 26 -34 64 17.25 -34 
 2 24 -76 26 -51 -76 26 -48 
 2 24 -76 26 -51 -58.20 17.25 -45.60 
 4 16 -76 26 -51 -58.20 17.25 -45.60 -76 26 -34 -60 17.25 -34 
 2 24 76 26 -51 58.20 17.25 -45.60 
 2 24 76 26 -51 76 26 -48 
 4 16 76 26 -34 60 17.25 -34 76 26 -51 58.20 17.25 -45.60 
 2 24 -55 26 -85 -76 26 -51 
 2 24 -55.50 26 -84.50 -42.60 17.25 -72.60 
 4 16 -55.50 26 -84.50 -42.60 17.25 -72.60 -76 26 -51 -58.20 17.25 -45.60 
 2 24 55.50 26 -84.50 42.60 17.25 -72.60 
 2 24 55 26 -85 76 26 -51 
 4 16 76 26 -51 58.20 17.25 -45.60 55.50 26 -84.50 42.60 17.25 -72.60 
 2 24 -20 26 -106 -55 26 -85 
 2 24 -20 26 -106 -15.60 17.25 -88.20 
 4 16 -20 26 -106 -15.60 17.25 -88.20 -55.50 26 -84.50 -42.60 17.25 -72.60 
 2 24 -20 26 -106 20 26 -106 
 2 24 20 26 -106 -20 26 -106 
 2 24 20 26 -106 15.60 17.25 -88.20 
 4 16 20 26 -106 15.60 17.25 -88.20 -20 26 -106 -15.60 17.25 -88.20 
 2 24 20 26 -106 55 26 -85 
 4 16 55.50 26 -84.50 42.60 17.25 -72.60 20 26 -106 15.60 17.25 -88.20 
 2 24 20 24 90 -20 24 90 
 1 16 -10 24 80 1 0 0 0 1 0 0 0 1 stud.dat
 1 16 10 24 80 1 0 0 0 1 0 0 0 1 stud.dat
 1 16 -10 24 60 1 0 0 0 1 0 0 0 1 stud.dat
 1 16 10 24 60 1 0 0 0 1 0 0 0 1 stud.dat
 1 16 -10 24 40 1 0 0 0 1 0 0 0 1 stud.dat
 1 16 10 24 40 1 0 0 0 1 0 0 0 1 stud.dat
 1 16 -10 24 20 1 0 0 0 1 0 0 0 1 stud.dat
 1 16 10 24 20 1 0 0 0 1 0 0 0 1 stud.dat
 2 24 -20 24 90 -20 24 10 
 2 24 20 24 10 20 24 90 
 1 16 -10 24 0 1 0 0 0 1 0 0 0 1 stud.dat
 1 16 10 24 0 1 0 0 0 1 0 0 0 1 stud.dat
 1 16 -30 24 -20 1 0 0 0 1 0 0 0 1 stud.dat
 1 16 -10 24 -20 1 0 0 0 1 0 0 0 1 stud.dat
 1 16 10 24 -20 1 0 0 0 1 0 0 0 1 stud.dat
 1 16 30 24 -20 1 0 0 0 1 0 0 0 1 stud.dat
 2 24 -80 24 -30 -60 13.25 -30 
 2 24 -20 24 10 -60 24 -30 
 3 16 -20 24 -30 -60 24 -30 -20 24 10 
 4 16 20 24 -30 -20 24 -30 -20 24 90 20 24 90 
 2 24 60 24 -30 -60 24 -30 
 2 24 60 24 -30 20 24 10 
 3 16 20 24 -30 20 24 10 60 24 -30 
 2 24 80 24 -30 60 13.25 -30 
 4 16 80 24 -30 -80 24 -30 60 13.25 -30 -60 13.25 -30 
 4 16 76 24 -34 -76 24 -34 60 17.25 -34 -60 17.25 -34 
 2 24 -64 24 -34 -64 24 -46 
 2 24 64 24 -34 64 24 -46 
 2 24 -80 24 -30 -80 24 -50 
 2 24 80 24 -30 80 24 -50 
 2 24 -80 24 -30 -80 24 -52 
 2 24 -80 24 -52 -58.20 13.25 -45.60 
 4 16 -80 24 -52 -58.20 13.25 -45.60 -80 24 -30 -60 13.25 -30 
 2 24 80 24 -30 80 24 -52 
 2 24 80 24 -52 58.20 13.25 -45.60 
 4 16 80 24 -30 60 13.25 -30 80 24 -52 58.20 13.25 -45.60 
 2 24 -58 24 -87 -42.60 13.25 -72.60 
 4 16 -58 24 -87 -42.60 13.25 -72.60 -80 24 -52 -58.20 13.25 -45.60 
 2 24 58.50 24 -87 42.60 13.25 -72.60 
 4 16 80 24 -52 58.20 13.25 -45.60 58.50 24 -87 42.60 13.25 -72.60 
 2 24 -80 24 -52 -58 24 -88 
 2 24 80 24 -52 58 24 -88 
 2 24 -16 24 -106 16 24 -106 
 2 24 -58 24 -88 -22 24 -110 
 2 24 -21 24 -110 -15.60 13.25 -88.20 
 4 16 -21 24 -110 -15.60 13.25 -88.20 -58 24 -87 -42.60 13.25 -72.60 
 2 24 -20 24 -110 20 24 -110 
 2 24 21 24 -110 15.60 13.25 -88.20 
 4 16 21 24 -110 15.60 13.25 -88.20 -21 24 -110 -15.60 13.25 -88.20 
 2 24 -22 24 -110 22 24 -110 
 2 24 22 24 -110 -22 24 -110 
 2 24 58 24 -88 22 24 -110 
 4 16 58.50 24 -87 42.60 13.25 -72.60 21 24 -110 15.60 13.25 -88.20 
 1 16 0 22 -90 -6 0 0 0 -4 3.25 0 0 -6 2-4cyli.dat
 1 16 0 22 -90 -8 0 0 0 -4 3.25 0 0 -8 2-4cyli.dat
 1 16 0 22 -90 0 0 1 0 -2.50 0 -1 0 0 stud4A.dat
 1 16 0 22 -90 6 0 0 0 -4 -2.75 0 0 6 2-4cyli.dat
 1 16 0 22 -90 8 0 0 0 -4 -2.75 0 0 8 2-4cyli.dat
 2 24 -20 19.25 -90 -20 6 -50 
 4 16 -20 6 -34 -20 6 -50 -20 19 -89.50 -20 19 -34 
 2 24 -16 19.25 -90 -16 6 -50 
 4 16 -16 6 -34 -16 6 -50 -16 19 -89.50 -16 19 -34 
 2 24 16 19.25 -90 16 6 -50 
 4 16 16 6 -34 16 6 -50 16 19 -89.50 16 19 -34 
 4 16 16 19.25 -90 16 6 -50 -16 19.25 -90 -16 6 -50 
 2 24 20 19.25 -90 20 6 -50 
 4 16 20 6 -34 20 6 -50 20 19 -89.50 20 19 -34 
 1 16 0 18 -90 -6 0 0 0 -4 3.25 0 0 -6 2-4edge.dat
 1 16 0 18 -90 -8 0 0 0 -4 3.25 0 0 -8 2-4edge.dat
 1 16 0 18 -90 6 0 0 0 -4 -2.75 0 0 6 2-4edge.dat
 1 16 0 18 -90 6 0 0 0 6 0 0 0 6 2-4cyli.dat
 1 16 0 18 -90 8 0 0 0 -4 -2.75 0 0 8 2-4edge.dat
 1 16 0 18 -90 8 0 0 0 6 0 0 0 8 2-4cyli.dat
 2 24 -60 17.25 -34 -20 4 -34 
 2 24 60 17.25 -34 20 4 -34 
 4 16 60 17.25 -34 -60 17.25 -34 -20 4.25 -34 20 4.25 -34 
 2 24 -59 17 -45.50 -60 17 -34 
 2 24 -58.20 17.25 -45.60 -19.40 4 -35.20 
 4 16 -58.20 17.25 -45.60 -19.40 4 -35.20 -60 17.25 -34 -20 4 -34 
 2 24 58.20 17.25 -45.60 19.40 4 -35.20 
 2 24 60 17 -34 59 17 -45.50 
 4 16 60 17.25 -34 20 4 -34 58.20 17.25 -45.60 19.40 4 -35.20 
 2 24 -42.50 17 -72.40 -59 17 -45.50 
 2 24 -42.60 17.25 -72.60 -14.20 4 -44.20 
 4 16 -42.60 17.25 -72.60 -14.20 4 -44.20 -58.20 17.25 -45.60 -19.40 4 -35.20 
 2 24 42.60 17.25 -72.60 14.20 4 -44.20 
 4 16 58.20 17.25 -45.60 19.40 4 -35.20 42.60 17.25 -72.60 14.20 4 -44.20 
 2 24 59 17 -45.50 42.50 17 -72.40 
 2 24 -15.50 17 -88.40 -42.50 17 -72.40 
 2 24 -15.60 17.25 -88.20 -5.20 4 -49.40 
 4 16 -15.60 17.25 -88.20 -5.20 4 -49.40 -42.60 17.25 -72.60 -14.20 4 -44.20 
 2 24 15.50 17 -88.40 -15.50 17 -88.40 
 2 24 15.60 17.25 -88.20 5.20 4 -49.40 
 4 16 15.60 17.25 -88.20 5.20 4 -49.40 -15.60 17.25 -88.20 -5.20 4 -49.40 
 2 24 42.50 17 -72.40 15.50 17 -88.40 
 4 16 42.60 17.25 -72.60 14.20 4 -44.20 15.60 17.25 -88.20 5.20 4 -49.40 
 1 16 0 14 -70 -6 0 0 0 -3 2 0 0 -6 4-4cyli.dat
 1 16 0 14 -70 -8 0 0 0 -3 3 0 0 -8 4-4cyli.dat
 1 16 0 14 -70 0 0 1 0 -4.50 0 -1 0 0 stud4A.dat
 2 24 -60 13.25 -30 -20 0 -30 
 2 24 60 13.25 -30 20 0 -30 
 4 16 60 13.25 -30 -60 13.25 -30 -20 0.25 -30 20 0.25 -30 
 2 24 -59 13 -45.50 -60 13 -30.50 
 2 24 -58.20 13.25 -45.60 -19.40 0 -35.20 
 4 16 -58.20 13.25 -45.60 -19.40 0 -35.20 -60 13.25 -30 -20 0 -30 
 2 24 58.20 13.25 -45.60 19.40 0 -35.20 
 2 24 60 13 -30 59 13 -45.50 
 4 16 60 13.25 -30 20 0 -30 58.20 13.25 -45.60 19.40 0 -35.20 
 2 24 -42.50 13 -72.40 -59 13 -45.50 
 2 24 -42.60 13.25 -72.60 -14.20 0 -44.20 
 4 16 -42.60 13.25 -72.60 -14.20 0 -44.20 -58.20 13.25 -45.60 -19.40 0 -35.20 
 2 24 42.60 13.25 -72.60 14.20 0 -44.20 
 4 16 58.20 13.25 -45.60 19.40 0 -35.20 42.60 13.25 -72.60 14.20 0 -44.20 
 2 24 59 13 -45.50 42.50 13 -72.40 
 2 24 -15.50 13 -88.40 -42.50 13 -72.40 
 2 24 -15.60 13.25 -88.20 -5.20 0 -49.40 
 4 16 -15.60 13.25 -88.20 -5.20 0 -49.40 -42.60 13.25 -72.60 -14.20 0 -44.20 
 2 24 15.50 13 -88.40 -15.50 13 -88.40 
 2 24 15.60 13.25 -88.20 5.20 0 -49.40 
 4 16 15.60 13.25 -88.20 5.20 0 -49.40 -15.60 13.25 -88.20 -5.20 0 -49.40 
 2 24 42.50 13 -72.40 15.50 13 -88.40 
 4 16 42.60 13.25 -72.60 14.20 0 -44.20 15.60 13.25 -88.20 5.20 0 -49.40 
 1 16 0 11 -70 -6 0 0 0 -3 2 0 0 -6 4-4edge.dat
 1 16 0 11 -70 -8 0 0 0 -3 3 0 0 -8 4-4edge.dat
 1 16 0 11 -70 6 0 0 0 3 0 0 0 6 2-4cyli.dat
 1 16 0 11 -70 8 0 0 0 3 0 0 0 8 2-4cyli.dat
 1 16 -12 9 -50 0 0 4 0 4 0 -1 0 0 box.dat
 1 16 12 9 -50 0 0 4 0 4 0 -1 0 0 box.dat
 1 16 0 7 -50 -6 0 0 0 -3 3 0 0 -6 2-4cyli.dat
 1 16 0 7 -50 -8 0 0 0 -3 3 0 0 -8 2-4cyli.dat
 1 16 0 7 -50 0 0 1 0 -6.25 0 1 0 0 stud4A.dat
 2 24 16 6 -34 -16 6 -34 
 2 24 -20 6 -50 -20 6 -34 
 2 24 -16 6 -50 -16 6 -34 
 2 24 16 6 -50 16 6 -34 
 4 16 16 6 -50 16 6 -34 -16 6 -50 -16 6 -34 
 2 24 20 6 -50 20 6 -34 
 2 24 -20 4 -35.50 -20 4 -34 
 4 16 -19.40 4 -35.20 0 4 -34 -20 4 -34 0 4 -34 
 2 24 20 4 -34 20 4 -35.50 
 4 16 20 4 -34 0 4 -34 19.40 4 -35.20 0 4 -34 
 2 24 -14.50 4 -44.50 -20 4 -35.50 
 4 16 -14.20 4 -44.20 0 4 -34 -19.40 4 -35.20 0 4 -34 
 4 16 19.40 4 -35.20 0 4 -34 14.20 4 -44.20 0 4 -34 
 2 24 20 4 -35.50 14.50 4 -44.50 
 2 24 -5.25 4 -49.25 -14.50 4 -44.50 
 1 16 0 4 -50 -6 0 0 0 -3 3 0 0 -6 2-4edge.dat
 1 16 0 4 -50 -8 0 0 0 -3 3 0 0 -8 2-4edge.dat
 1 16 0 4 -50 6 0 0 0 3 0 0 0 6 2-4cyli.dat
 1 16 0 4 -50 6 0 0 0 3 0 0 0 6 2-4edge.dat
 1 16 0 4 -50 8 0 0 0 3 0 0 0 8 2-4cyli.dat
 1 16 0 4 -50 8 0 0 0 3 0 0 0 8 2-4edge.dat
 4 16 -5.20 4 -49.40 0 4 -34 -14.20 4 -44.20 0 4 -34 
 2 24 5.25 4 -49.25 -5.25 4 -49.25 
 4 16 5.20 4 -49.40 0 4 -34 -5.20 4 -49.40 0 4 -34 
 2 24 14.50 4 -44.50 5.25 4 -49.25 
 4 16 14.20 4 -44.20 0 4 -34 5.20 4 -49.40 0 4 -34 
 2 24 -20 0 -30 0 0 -30 
 2 24 20 0 -30 0 0 -30 
 2 24 -20 0 -35.50 -20 0 -30 
 4 16 -19.40 0 -35.20 0 0 -30 -20 0 -30 0 0 -30 
 2 24 20 0 -30 20 0 -35.50 
 4 16 20 0 -30 0 0 -30 19.40 0 -35.20 0 0 -30 
 1 16 10 0 -40 1 0 0 0 1 0 0 0 1 stud.dat
 1 16 -10 0 -40 1 0 0 0 1 0 0 0 1 stud.dat
 2 24 -14.50 0 -44.50 -20 0 -35.50 
 4 16 -14.20 0 -44.20 0 0 -30 -19.40 0 -35.20 0 0 -30 
 4 16 19.40 0 -35.20 0 0 -30 14.20 0 -44.20 0 0 -30 
 2 24 20 0 -35.50 14.50 0 -44.50 
 2 24 -5.25 0 -49.25 -14.50 0 -44.50 
 4 16 -5.20 0 -49.40 0 0 -30 -14.20 0 -44.20 0 0 -30 
 2 24 5.25 0 -49.25 -5.25 0 -49.25 
 4 16 5.20 0 -49.40 0 0 -30 -5.20 0 -49.40 0 0 -30 
 2 24 14.50 0 -44.50 5.25 0 -49.25 
 4 16 14.20 0 -44.20 0 0 -30 5.20 0 -49.40 0 0 -30 
0