0 Support Insectoid Leg Small
0 Name: 30211.dat
0 Author: Steve Bliss [sbliss]
0 !LDRAW_ORG Part UPDATE 2000-02
0 !LICENSE Redistributable under CCAL version 2.0 : see CAreadme.txt

0 !HISTORY 2000-09-29 [pneaster] Secondary author
0 !HISTORY 2000-09-30 [PTadmin] Official Update 2000-02
0 !HISTORY 2007-06-07 [PTadmin] Header formatted for Contributor Agreement
0 !HISTORY 2008-07-01 [PTadmin] Official Update 2008-01

0 // Foot

2 24 -6 16 -62.2 -6 16 -60
2 24 -6 16 -62.2 -7.07 16 -62.93
2 24 7.07 16 -62.93 6 16 -62.2
2 24 6 16 -62.2 6 16 -60
2 24 6 16 -62.2 6 8 -62.2
4 16 7.07 8 -62.93 6 8 -62.2 6 16 -62.2 7.07 16 -62.93
1 16 0 16 -70 -7.07 0 -7.07 0 1 0 7.07 0 -7.07 3-4edge.dat
2 24 -6 8 -62.2 -6 8 -60
2 24 -6 8 -62.2 -7.07 8 -62.93
2 24 7.07 8 -62.93 6 8 -62.2
2 24 6 8 -62.2 6 8 -60
2 24 -6 16 -62.2 -6 8 -62.2
2 24 6 8 -60 -6 8 -60
2 24 6 16 -60 -6 16 -60
4 16 -7.07 8 -62.93 -6 8 -62.2 -6 16 -62.2 -7.07 16 -62.93
1 16 0 8 -70 -7.07 0 -7.07 0 1 0 7.07 0 -7.07 3-4edge.dat
4 16 -6 16 -60 -6 16 -62.2 6 16 -62.2 6 16 -60
1 16 0 16 -70 0 0 2 0 1 0 -2 0 0 ring3.dat
1 16 0 16 -70 0 0 2 0 1 0 -2 0 0 ring4.dat
1 16 0 16 -70 -7.07 0 -7.07 0 -8 0 7.07 0 -7.07 3-4cyli.DAT
4 16 -6 8 -60 -6 8 -62.2 6 8 -62.2 6 8 -60
4 16 -6 16 -60 -6 16 -62.2 -6 8 -62.2 -6 8 -60
4 16 6 16 -60 6 16 -62.2 6 8 -62.2 6 8 -60
1 16 0 8 -70 0 0 10 0 1 0 -10 0 0 4-4disc.DAT
1 16 0 8 -70 0 0 1 0 1 0 -1 0 0 stud2.dat
1 16 0 16 -70 0 0 6 0 1 0 -6 0 0 4-4edge.DAT
1 16 0 12 -70 0 0 6 0 1 0 -6 0 0 4-4edge.DAT
1 16 0 12 -70 0 0 6 0 1 0 -6 0 0 4-4disc.DAT
1 16 0 16 -70 0 0 6 0 -4 0 -6 0 0 4-4cyli.DAT
0 Knee
1 16 8 -54 -10 0 1 0 0 0 10 -10 0 0 4-4edge.dat
1 16 -8 -54 -10 0 1 0 0 0 10 -10 0 0 4-4edge.dat
1 16 8 -54 -10 0 1 0 0 0 6 -6 0 0 4-4edge.dat
1 16 -8 -54 -10 0 1 0 0 0 6 -6 0 0 4-4edge.dat
1 16 -8 -54 -10 0 16 0 0 0 4 -4 0 0 4-4cyli.dat
1 16 -8 -54 -10 0 16 0 0 0 10 -10 0 0 4-4cyli.dat
1 16 8 -54 -10 0 1 0 0 0 2 -2 0 0 ring3.dat
1 16 8 -54 -10 0 1 0 0 0 2 -2 0 0 ring4.dat
1 16 -8 -54 -10 0 1 0 0 0 2 -2 0 0 ring3.dat
1 16 -8 -54 -10 0 1 0 0 0 2 -2 0 0 ring4.dat
1 16 -8 -54 -10 0 1 0 0 0 -1 -1 0 0 stud2a.dat
1 16 8 -54 -10 0 -1 0 0 0 1 -1 0 0 stud2a.dat
0 Hip
1 16 0 0 50 0 0 6 0 1 0 -6 0 0 4-4edge.dat
1 16 0 0 50 0 0 1 0 1 0 -1 0 0 stud2a.dat
1 16 0 0 50 0 0 4 0 4 0 -4 0 0 4-4cyli.dat
1 16 0 4 50 0 0 4 0 1 0 -4 0 0 4-4ndis.dat
1 16 0 0 70 0 0 6 0 1 0 -6 0 0 4-4edge.dat
1 16 0 0 70 0 0 1 0 1 0 -1 0 0 stud2a.dat
1 16 0 0 70 0 0 4 0 4 0 -4 0 0 4-4cyli.dat
1 16 0 4 70 0 0 4 0 1 0 -4 0 0 4-4edge.dat
1 16 0 4 70 0 0 2 0 1 0 -2 0 0 ring2.dat
1 16 0 4 70 -6 0 0 0 1 0 0 0 -6 2-4ndis.dat
4 16 6 4 64 -6 4 64 -4 4 54 4 4 54
4 16 6 4 64 4 4 54 4 4 46 6 4 40
4 16 -6 4 64 -4 4 54 -4 4 46 -6 4 40
4 16 4 4 46 -4 4 46 -6 4 40 6 4 40
1 16 0 4 70 6 0 0 0 1 0 0 0 6 2-4edge.dat
2 24 6 4 40 6 4 44.85
2 24 6 4 55.2 6 4 70
2 24 6 4 40 -6 4 40
2 24 -6 4 40 -6 4 44.85
2 24 -6 4 55.2 -6 4 70
1 16 0 8 70 6 0 0 0 1 0 0 0 6 2-4edge.dat
2 24 6 8 40 6 8 44.85
2 24 6 8 55.2 6 8 70
2 24 6 8 40 -6 8 40
2 24 -6 8 40 -6 8 44.85
2 24 -6 8 55.2 -6 8 70
1 16 0 8 70 10 0 0 0 1 0 0 0 10 2-4edge.dat
2 24 10 8 70 10 8 40
2 24 9.68 8 36 -9.68 8 36
2 24 -10 8 40 -10 8 70
2 24 6 8 40 6 4 40
2 24 -6 8 40 -6 4 40
2 24 6 8 55.2 6 4 55.2
2 24 6 8 44.85 6 4 44.85
2 24 -6 8 55.2 -6 4 55.2
2 24 -6 8 44.85 -6 4 44.85
4 16 6 8 70 6 8 55.2 6 4 55.2 6 4 70
4 16 6 8 44.85 6 8 40 6 4 40 6 4 44.85
4 16 6 8 40 -6 8 40 -6 4 40 6 4 40
4 16 -6 8 70 -6 8 55.2 -6 4 55.2 -6 4 70
4 16 -6 8 44.85 -6 8 40 -6 4 40 -6 4 44.85
1 16 0 8 70 2 0 0 0 1 0 0 0 2 2-4ring3.dat
1 16 0 8 70 2.5 0 0 0 1 0 0 0 2.5 2-4ring3.dat
4 16 6 8 70 10 8 70 10 8 40 6 8 40
3 16 9.68 8 36 10 8 40 6 8 40
4 16 -6 8 70 -10 8 70 -10 8 40 -6 8 40
3 16 -9.68 8 36 -10 8 40 -6 8 40
4 16 9.68 8 36 6 8 40 -6 8 40 -9.68 8 36
1 16 0 4 70 6 0 0 0 4 0 0 0 6 2-4cyli.dat
1 16 0 0 70 10 0 0 0 8 0 0 0 10 2-4cyli.dat
1 16 0 4 50 4 0 0 0 1 0 0 0 4 4-4edge.dat
1 16 0 8 50 0 0 1 0 -2 0 -1 0 0 stud4a.dat
1 16 0 4 50 5.656 0 -5.656 0 8 0 5.656 0 5.656 1-4edge.dat
1 16 0 4 50 -5.656 0 5.656 0 8 0 -5.656 0 -5.656 1-4edge.dat
2 24 6 8 44.85 7.39 8 46.939
2 24 7.39 8 46.939 7.999 8 50
2 24 7.999 8 50 7.39 8 53.061
2 24 7.39 8 53.061 6 8 55.2
2 24 -6 8 55.2 -7.39 8 53.061
2 24 -7.39 8 53.061 -7.999 8 50
2 24 -7.999 8 50 -7.39 8 46.939
2 24 -7.39 8 46.939 -6 8 44.85
1 16 0 4 50 5.656 0 -5.656 0 4 0 5.656 0 5.656 1-4cyli.dat
4 16 5.656 4 55.656 6 4 55.2 6 8 55.2 5.656 8 55.656
2 24 5.656 4 55.656 6 4 55.2
4 16 -6 4 55.2 -5.656 4 55.656 -5.656 8 55.656 -6 8 55.2
2 24 -6 4 55.2 -5.656 4 55.656
1 16 0 4 50 -5.656 0 5.656 0 4 0 -5.656 0 -5.656 1-4cyli.dat
4 16 -5.656 4 44.344 -6 4 44.85 -6 8 44.85 -5.656 8 44.344
2 24 -5.656 4 44.344 -6 4 44.85
4 16 6 4 44.85 5.656 4 44.344 5.656 8 44.344 6 8 44.85
2 24 6 4 44.85 5.656 4 44.344
1 16 0 4 50 6 0 0 0 4 0 0 0 6 4-4cyli.dat
1 16 0 4 50 6 0 0 0 4 0 0 0 6 4-4edge.dat
1 16 0 0 70 10 0 0 0 1 0 0 0 10 2-4edge.dat
2 24 10 0 70 10 0 40
2 24 10 0 40 -10 0 40
2 24 -10 0 40 -10 0 70
4 16 10 8 70 10 0 70 10 0 40 10 8 40
4 16 -10 8 40 -10 0 40 -10 0 70 -10 8 70
1 16 0 0 70 2 0 0 0 1 0 0 0 2 ring3.dat
1 16 0 0 70 2 0 0 0 1 0 0 0 2 ring4.dat
1 16 0 0 70 10 0 0 0 1 0 0 0 -10 2-4ndis.dat
1 16 0 0 50 0 0 6 0 1 0 -6 0 0 4-4ndis.dat
4 16 -6 0 56 6 0 56 10 0 60 -10 0 60
4 16 6 0 56 6 0 44 10 0 40 10 0 60
4 16 6 0 44 -6 0 44 -10 0 40 10 0 40
4 16 -6 0 44 -10 0 40 -10 0 60 -6 0 56
0 Thigh
2 24 10 -32 40 -10 -32 40
2 24 -10 -32 40 -10 8 40
4 16 10 0 40 10 -32 40 -10 -32 40 -10 0 40
4 16 10 -32 40 -10 -32 40 -6.568 -61 -2.9 6.568 -61 -2.9
4 16 9.68 8 36 6.104 -38.2 -8.7 -6.104 -38.2 -8.7 -9.68 8 36
4 16 6 -38.6 -10 6.104 -38.2 -8.7 -6.104 -38.2 -8.7 -6 -38.6 -10
5 24 6 -38.6 -10 -6 -38.6 -10 6 -38.2 -8.7 6 -38.1 -10.8
5 24 6.104 -38.2 -8.7 -6.104 -38.2 -8.7 6.104 -38.6 -10 6.104 8 36
5 24 6 -38.1 -10.8 -6 -38.1 -10.8 6 -38.6 -10 6 16 -60
0
0 outside edges
2 24 10 8 40 10 -32 40
2 24 10 -32 40 6.568 -61 -2.9
2 24 6.568 -61 -2.9 6.744 -57.8 -0.7
2 24 6.744 -57.8 -0.7 6.8 -54 0
2 24 6.8 -54 0 6.776 -51.9 -0.3
2 24 10 8 40 9.68 8 36
2 24 9.68 8 36 6.104 -38.2 -8.7
2 24 6.104 -38.2 -8.7 6 -38.6 -10
0 inside edge
2 24 9.68 -1.4 36 9.68 -29.2 36
2 24 9.68 -29.2 36 9.64 -30.2 35.5
2 24 9.64 -30.2 35.5 6.976 -52.9 2.2
2 24 6.976 -52.9 2.2 6.896 -53.3 1.2
2 24 6.896 -53.3 1.2 6.808 -52.9 0.1
2 24 6.808 -52.9 0.1 6.776 -51.9 -0.3
2 24 6 -43.9 -10 6.312 -44.7 -6.1
2 24 6.312 -44.7 -6.1 6.376 -45.2 -5.3
2 24 6.376 -45.2 -5.3 6.336 -44.2 -5.8
2 24 6.336 -44.2 -5.8 6.336 -41.6 -5.8
2 24 6.336 -41.6 -5.8 6.376 -40.6 -5.3
2 24 6.376 -40.6 -5.3 9.48 -0.5 33.5
2 24 9.48 -0.5 33.5 9.56 0.1 34.5
2 24 9.56 0.1 34.5 9.64 -0.4 35.5
2 24 9.64 -0.4 35.5 9.68 -1.4 36
0 Outside Surfaces
4 16 10 -32 40 10 8 40 9.68 -1.4 36 9.68 -29.2 36
3 16 10 -32 40 9.68 -29.2 36 9.64 -30.2 35.5
4 16 10 -32 40 6.568 -61 -2.9 6.976 -52.9 2.2 9.64 -30.2 35.5
3 16 6.568 -61 -2.9 6.976 -52.9 2.2 6.896 -53.3 1.2
3 16 6.568 -61 -2.9 6.896 -53.3 1.2 6.808 -52.9 0.1
3 16 6.568 -61 -2.9 6.808 -52.9 0.1 6.776 -51.9 -0.3
3 16 6.376 -45.2 -5.3 6.312 -44.7 -6.1 6.336 -44.2 -5.8
3 16 6 -43.9 -10 6.312 -44.7 -6.1 6.336 -44.2 -5.8
3 16 6 -43.9 -10 6.336 -44.2 -5.8 6.336 -41.6 -5.8
4 16 6 -43.9 -10 6.336 -41.6 -5.8 6.376 -40.6 -5.3 6.104 -38.2 -8.7
3 16 6 -43.9 -10 6.104 -38.2 -8.7 6 -38.6 -10
4 16 6.376 -40.6 -5.3 6.104 -38.2 -8.7 9.68 8 36 9.48 -0.5 33.5
3 16 9.68 8 36 9.48 -0.5 33.5 9.56 0.1 34.5
4 16 10 8 40 9.68 8 36 9.56 0.1 34.5 9.64 -0.4 35.5
3 16 10 8 40 9.64 -0.4 35.5 9.68 -1.4 36
0
0 outside edges
2 24 -10 -32 40 -6.568 -61 -2.9
2 24 -6.568 -61 -2.9 -6.744 -57.8 -0.7
2 24 -6.744 -57.8 -0.7 -6.8 -54 0
2 24 -6.8 -54 0 -6.776 -51.9 -0.3
2 24 -10 8 40 -9.68 8 36
2 24 -9.68 8 36 -6.104 -38.2 -8.7
2 24 -6.104 -38.2 -8.7 -6 -38.6 -10
0 inside edge
2 24 -9.68 -1.4 36 -9.68 -29.2 36
2 24 -9.68 -29.2 36 -9.64 -30.2 35.5
2 24 -9.64 -30.2 35.5 -6.976 -52.9 2.2
2 24 -6.976 -52.9 2.2 -6.896 -53.3 1.2
2 24 -6.896 -53.3 1.2 -6.808 -52.9 0.1
2 24 -6.808 -52.9 0.1 -6.776 -51.9 -0.3
2 24 -6 -43.9 -10 -6.312 -44.7 -6.1
2 24 -6.312 -44.7 -6.1 -6.376 -45.2 -5.3
2 24 -6.376 -45.2 -5.3 -6.336 -44.2 -5.8
2 24 -6.336 -44.2 -5.8 -6.336 -41.6 -5.8
2 24 -6.336 -41.6 -5.8 -6.376 -40.6 -5.3
2 24 -6.376 -40.6 -5.3 -9.48 -0.5 33.5
2 24 -9.48 -0.5 33.5 -9.56 0.1 34.5
2 24 -9.56 0.1 34.5 -9.64 -0.4 35.5
2 24 -9.64 -0.4 35.5 -9.68 -1.4 36
0 Outside Surfaces
4 16 -10 -32 40 -10 8 40 -9.68 -1.4 36 -9.68 -29.2 36
3 16 -10 -32 40 -9.68 -29.2 36 -9.64 -30.2 35.5
4 16 -10 -32 40 -6.568 -61 -2.9 -6.976 -52.9 2.2 -9.64 -30.2 35.5
3 16 -6.568 -61 -2.9 -6.976 -52.9 2.2 -6.896 -53.3 1.2
3 16 -6.568 -61 -2.9 -6.896 -53.3 1.2 -6.808 -52.9 0.1
3 16 -6.568 -61 -2.9 -6.808 -52.9 0.1 -6.776 -51.9 -0.3
3 16 -6.376 -45.2 -5.3 -6.312 -44.7 -6.1 -6.336 -44.2 -5.8
3 16 -6 -43.9 -10 -6.312 -44.7 -6.1 -6.336 -44.2 -5.8
3 16 -6 -43.9 -10 -6.336 -44.2 -5.8 -6.336 -41.6 -5.8
4 16 -6 -43.9 -10 -6.336 -41.6 -5.8 -6.376 -40.6 -5.3 -6.104 -38.2 -8.7
3 16 -6 -43.9 -10 -6.104 -38.2 -8.7 -6 -38.6 -10
4 16 -6.376 -40.6 -5.3 -6.104 -38.2 -8.7 -9.68 8 36 -9.48 -0.5 33.5
3 16 -9.68 8 36 -9.48 -0.5 33.5 -9.56 0.1 34.5
4 16 -10 8 40 -9.68 8 36 -9.56 0.1 34.5 -9.64 -0.4 35.5
3 16 -10 8 40 -9.64 -0.4 35.5 -9.68 -1.4 36
0
0 inside web surfaces
0 inside edge
4 16 -9.68 -1.4 36 -9.68 -29.2 36 9.68 -29.2 36 9.68 -1.4 36
4 16 -9.68 -29.2 36 -9.64 -30.2 35.5 9.64 -30.2 35.5 9.68 -29.2 36
4 16 -9.64 -30.2 35.5 -6.976 -52.9 2.2 6.976 -52.9 2.2 9.64 -30.2 35.5
4 16 -6.976 -52.9 2.2 -6.896 -53.3 1.2 6.896 -53.3 1.2 6.976 -52.9 2.2
4 16 -6.896 -53.3 1.2 -6.808 -52.9 0.1 6.808 -52.9 0.1 6.896 -53.3 1.2
4 16 -6.808 -52.9 0.1 -6.776 -51.9 -0.3 6.776 -51.9 -0.3 6.808 -52.9 0.1
4 16 -6.376 -45.2 -5.3 -6.336 -44.2 -5.8 6.336 -44.2 -5.8 6.376 -45.2 -5.3
4 16 -6.336 -44.2 -5.8 -6.336 -41.6 -5.8 6.336 -41.6 -5.8 6.336 -44.2 -5.8
4 16 -6.336 -41.6 -5.8 -6.376 -40.6 -5.3 6.376 -40.6 -5.3 6.336 -41.6 -5.8
4 16 -6.376 -40.6 -5.3 -9.48 -0.5 33.5 9.48 -0.5 33.5 6.376 -40.6 -5.3
4 16 -9.48 -0.5 33.5 -9.56 0.1 34.5 9.56 0.1 34.5 9.48 -0.5 33.5
4 16 -9.56 0.1 34.5 -9.64 -0.4 35.5 9.64 -0.4 35.5 9.56 0.1 34.5
4 16 -9.64 -0.4 35.5 -9.68 -1.4 36 9.68 -1.4 36 9.64 -0.4 35.5
5 24 -9.68 -1.4 36 -2 -1.4 36 -9.68 -29.2 36 -9.68 -0.4 35.5
5 24 9.68 -1.4 36 2 -1.4 36 9.68 -29.2 36 9.68 -0.4 35.5
5 24 -9.68 -29.2 36 -2 -29.2 36 -9.68 -30.2 35.5 -9.68 -1.4 36
5 24 9.68 -29.2 36 2 -29.2 36 9.68 -30.2 35.5 9.68 -1.4 36
5 24 -9.64 -30.2 35.5 -2 -30.2 35.5 -9.64 -52.9 2.2 -9.64 -29.2 36
5 24 9.64 -30.2 35.5 2 -30.2 35.5 9.64 -52.9 2.2 9.64 -29.2 36
5 24 -6.976 -52.9 2.2 -2 -52.9 2.2 -6.976 -53.3 1.2 -6.976 -30.2 35.5
5 24 6.976 -52.9 2.2 2 -52.9 2.2 6.976 -53.3 1.2 6.976 -30.2 35.5
5 24 -6.896 -53.3 1.2 -2 -53.3 1.2 -6.896 -52.9 2.2 -6.896 -52.9 0.1
5 24 6.896 -53.3 1.2 2 -53.3 1.2 6.896 -52.9 2.2 6.896 -52.9 0.1
5 24 -6.808 -52.9 0.1 -2 -52.9 0.1 -6.808 -53.3 1.2 -6.808 -45.2 -5.3
5 24 6.808 -52.9 0.1 2 -52.9 0.1 6.808 -53.3 1.2 6.808 -45.2 -5.3
5 24 -6.376 -45.2 -5.3 -2 -45.2 -5.3 -6.376 -52.9 0.1 -6.376 -44.2 -5.8
5 24 6.376 -45.2 -5.3 2 -45.2 -5.3 6.376 -52.9 0.1 6.376 -44.2 -5.8
5 24 -6.336 -44.2 -5.8 -2 -44.2 -5.8 -6.336 -45.2 -5.3 -6.336 -41.6 -5.8
5 24 6.336 -44.2 -5.8 2 -44.2 -5.8 6.336 -45.2 -5.3 6.336 -41.6 -5.8
5 24 -6.336 -41.6 -5.8 -2 -41.6 -5.8 -6.336 -44.2 -5.8 -6.336 -40.6 -5.3
5 24 6.336 -41.6 -5.8 2 -41.6 -5.8 6.336 -44.2 -5.8 6.336 -40.6 -5.3
5 24 -6.376 -40.6 -5.3 -2 -40.6 -5.3 -6.376 -41.6 -5.8 -6.376 -0.5 33.5
5 24 6.376 -40.6 -5.3 2 -40.6 -5.3 6.376 -41.6 -5.8 6.376 -0.5 33.5
5 24 -9.48 -0.5 33.5 -2 -0.5 33.5 -9.48 -40.6 -5.3 -9.48 0.1 34.5
5 24 9.48 -0.5 33.5 2 -0.5 33.5 9.48 -40.6 -5.3 9.48 0.1 34.5
5 24 -9.56 0.1 34.5 -2 0.1 34.5 -9.56 -0.5 33.5 -9.56 -0.4 35.5
5 24 9.56 0.1 34.5 2 0.1 34.5 9.56 -0.5 33.5 9.56 -0.4 35.5
5 24 -9.64 -0.4 35.5 -2 -0.4 35.5 -9.64 0.1 34.5 -9.64 -1.4 36
5 24 9.64 -0.4 35.5 2 -0.4 35.5 9.64 0.1 34.5 9.64 -1.4 36
0
0 web surface
0 outside edges
2 24 2 -1.4 36 2 -29.2 36
2 24 2 -29.2 36 2 -30.2 35.5
2 24 2 -30.2 35.5 2 -52.9 2.2
2 24 2 -52.9 2.2 2 -53.3 1.2
2 24 2 -53.3 1.2 2 -52.9 0.1
2 24 2 -52.9 0.1 2 -51.9 -0.3
2 24 2 -51.9 -0.3 2 -50.1 -0.7
2 24 2 -50.1 -0.7 2 -46.9 -2.9
2 24 2 -46.9 -2.9 2 -45.2 -5.3
2 24 2 -45.2 -5.3 2 -44.2 -5.8
2 24 2 -44.2 -5.8 2 -41.6 -5.8
2 24 2 -41.6 -5.8 2 -40.6 -5.3
2 24 2 -40.6 -5.3 2 -0.5 33.5
2 24 2 -0.5 33.5 2 0.1 34.5
2 24 2 0.1 34.5 2 -0.4 35.5
2 24 2 -0.4 35.5 2 -1.4 36
0 Inside edges
2 24 2 -13.7 31 2 -26.6 31
2 24 2 -26.6 31 2 -27.6 30.5
2 24 2 -27.6 30.5 2 -45.3 4.6
2 24 2 -45.3 4.6 2 -45.7 3.6
2 24 2 -45.7 3.6 2 -45.3 2.6
2 24 2 -45.3 2.6 2 -43.3 0.9
2 24 2 -43.3 0.9 2 -42.3 0.5
2 24 2 -42.3 0.5 2 -41.3 0.9
2 24 2 -41.3 0.9 2 -12.7 28.5
2 24 2 -12.7 28.5 2 -12.3 29.5
2 24 2 -12.3 29.5 2 -12.7 30.5
2 24 2 -12.7 30.5 2 -13.7 31
0 Surfaces
4 16 2 -29.2 36 2 -1.4 36 2 -13.7 31 2 -26.6 31
4 16 2 -30.2 35.5 2 -29.2 36 2 -26.6 31 2 -27.6 30.5
4 16 2 -30.2 35.5 2 -52.9 2.2 2 -45.3 4.6 2 -27.6 30.5
4 16 2 -52.9 2.2 2 -53.3 1.2 2 -45.7 3.6 2 -45.3 4.6
4 16 2 -45.7 3.6 2 -53.3 1.2 2 -52.9 0.1 2 -51.9 -0.3
4 16 2 -45.7 3.6 2 -51.9 -0.3 2 -50.1 -0.7 2 -45.3 2.6
4 16 2 -50.1 -0.7 2 -45.3 2.6 2 -43.3 0.9 2 -46.9 -2.9
4 16 2 -43.3 0.9 2 -46.9 -2.9 2 -45.2 -5.3 2 -42.3 0.5
4 16 2 -45.2 -5.3 2 -42.3 0.5 2 -41.6 -5.7 2 -44.2 -5.7
4 16 2 -42.3 0.5 2 -41.6 -5.7 2 -40.6 -5.3 2 -41.3 0.9
4 16 2 -41.3 0.9 2 -40.6 -5.3 2 -0.4 33.5 2 -12.7 28.5
4 16 2 -0.4 33.5 2 -12.7 28.5 2 -12.3 29.5 2 0.1 34.5
4 16 2 -12.3 29.5 2 0.1 34.5 2 -0.4 35.5 2 -12.7 30.5
4 16 2 -0.4 35.5 2 -12.7 30.5 2 -13.7 31 2 -1.4 36
0
0 outside edges
2 24 -2 -1.4 36 -2 -29.2 36
2 24 -2 -29.2 36 -2 -30.2 35.5
2 24 -2 -30.2 35.5 -2 -52.9 2.2
2 24 -2 -52.9 2.2 -2 -53.3 1.2
2 24 -2 -53.3 1.2 -2 -52.9 0.1
2 24 -2 -52.9 0.1 -2 -51.9 -0.3
2 24 -2 -51.9 -0.3 -2 -50.1 -0.7
2 24 -2 -50.1 -0.7 -2 -46.9 -2.9
2 24 -2 -46.9 -2.9 -2 -45.2 -5.3
2 24 -2 -45.2 -5.3 -2 -44.2 -5.8
2 24 -2 -44.2 -5.8 -2 -41.6 -5.8
2 24 -2 -41.6 -5.8 -2 -40.6 -5.3
2 24 -2 -40.6 -5.3 -2 -0.5 33.5
2 24 -2 -0.5 33.5 -2 0.1 34.5
2 24 -2 0.1 34.5 -2 -0.4 35.5
2 24 -2 -0.4 35.5 -2 -1.4 36
0 Inside edges
2 24 -2 -13.7 31 -2 -26.6 31
2 24 -2 -26.6 31 -2 -27.6 30.5
2 24 -2 -27.6 30.5 -2 -45.3 4.6
2 24 -2 -45.3 4.6 -2 -45.7 3.6
2 24 -2 -45.7 3.6 -2 -45.3 2.6
2 24 -2 -45.3 2.6 -2 -43.3 0.9
2 24 -2 -43.3 0.9 -2 -42.3 0.5
2 24 -2 -42.3 0.5 -2 -41.3 0.9
2 24 -2 -41.3 0.9 -2 -12.7 28.5
2 24 -2 -12.7 28.5 -2 -12.3 29.5
2 24 -2 -12.3 29.5 -2 -12.7 30.5
2 24 -2 -12.7 30.5 -2 -13.7 31
0 Surfaces
4 16 -2 -29.2 36 -2 -1.4 36 -2 -13.7 31 -2 -26.6 31
4 16 -2 -30.2 35.5 -2 -29.2 36 -2 -26.6 31 -2 -27.6 30.5
4 16 -2 -30.2 35.5 -2 -52.9 2.2 -2 -45.3 4.6 -2 -27.6 30.5
4 16 -2 -52.9 2.2 -2 -53.3 1.2 -2 -45.7 3.6 -2 -45.3 4.6
4 16 -2 -45.7 3.6 -2 -53.3 1.2 -2 -52.9 0.1 -2 -51.9 -0.3
4 16 -2 -45.7 3.6 -2 -51.9 -0.3 -2 -50.1 -0.7 -2 -45.3 2.6
4 16 -2 -50.1 -0.7 -2 -45.3 2.6 -2 -43.3 0.9 -2 -46.9 -2.9
4 16 -2 -43.3 0.9 -2 -46.9 -2.9 -2 -45.2 -5.3 -2 -42.3 0.5
4 16 -2 -45.2 -5.3 -2 -42.3 0.5 -2 -41.6 -5.7 -2 -44.2 -5.7
4 16 -2 -42.3 0.5 -2 -41.6 -5.7 -2 -40.6 -5.3 -2 -41.3 0.9
4 16 -2 -41.3 0.9 -2 -40.6 -5.3 -2 -0.4 33.5 -2 -12.7 28.5
4 16 -2 -0.4 33.5 -2 -12.7 28.5 -2 -12.3 29.5 -2 0.1 34.5
4 16 -2 -12.3 29.5 -2 0.1 34.5 -2 -0.4 35.5 -2 -12.7 30.5
4 16 -2 -0.4 35.5 -2 -12.7 30.5 -2 -13.7 31 -2 -1.4 36
0
0 web inside edge surface
0 Inside surfaces
4 16 2 -13.7 31 2 -26.6 31 -2 -26.6 31 -2 -13.7 31
4 16 2 -26.6 31 2 -27.6 30.5 -2 -27.6 30.5 -2 -26.6 31
4 16 2 -27.6 30.5 2 -45.3 4.6 -2 -45.3 4.6 -2 -27.6 30.5
4 16 2 -45.3 4.6 2 -45.7 3.6 -2 -45.7 3.6 -2 -45.3 4.6
4 16 2 -45.7 3.6 2 -45.3 2.6 -2 -45.3 2.6 -2 -45.7 3.6
4 16 2 -45.3 2.6 2 -43.3 0.9 -2 -43.3 0.9 -2 -45.3 2.6
4 16 2 -43.3 0.9 2 -42.3 0.5 -2 -42.3 0.5 -2 -43.3 0.9
4 16 2 -42.3 0.5 2 -41.3 0.9 -2 -41.3 0.9 -2 -42.3 0.5
4 16 2 -41.3 0.9 2 -12.7 28.5 -2 -12.7 28.5 -2 -41.3 0.9
4 16 2 -12.7 28.5 2 -12.3 29.5 -2 -12.3 29.5 -2 -12.7 28.5
4 16 2 -12.3 29.5 2 -12.7 30.5 -2 -12.7 30.5 -2 -12.3 29.5
4 16 2 -12.7 30.5 2 -13.7 31 -2 -13.7 31 -2 -12.7 30.5
5 24 2 -13.7 31 -2 -13.7 31 2 -12.7 30.5 2 -26.6 31
5 24 2 -26.6 30.5 -2 -26.6 30.5 2 -13.7 31 2 -27.6 30.5
5 24 2 -27.6 30.5 -2 -27.6 30.5 2 -26.6 30.5 2 -45.3 4.6
5 24 2 -45.3 4.6 -2 -45.3 4.6 2 -27.6 30.5 2 -45.7 3.6
5 24 2 -45.7 3.6 -2 -45.7 3.6 2 -45.3 4.6 2 -45.3 2.6
5 24 2 -45.3 2.6 -2 -45.3 2.6 2 -45.7 3.6 2 -43.3 0.9
5 24 2 -43.3 0.9 -2 -43.3 0.9 2 -45.3 2.6 2 -42.3 0.5
5 24 2 -42.3 0.5 -2 -42.3 0.5 2 -43.3 0.9 2 -41.3 0.9
5 24 2 -41.3 0.9 -2 -41.3 0.9 2 -42.3 0.5 2 -12.7 28.5
5 24 2 -12.7 28.5 -2 -12.7 28.5 2 -41.3 0.9 2 -12.3 29.5
5 24 2 -12.3 29.5 -2 -12.3 29.5 2 -12.7 28.5 2 -12.7 30.5
5 24 2 -12.7 30.5 -2 -12.7 30.5 2 -12.3 29.5 2 -13.7 31
0
0 outside edges
2 24 6 16 -60 6 -38.1 -10.8
2 24 6 -38.1 -10.8 6 -38.6 -10
2 24 6 -43.9 -10 6 -44.4 -12.9
2 24 6 -44.4 -12.9 6 -43.6 -12.2
2 24 6 -43.6 -12.2 6 -42.5 -12.2
2 24 6 -42.5 -12.2 6 -12.2 -39.7
2 24 6 -12.2 -39.7 6 -12.2 -40.8
2 24 6 -12.2 -40.8 6 -13 -41.6
2 24 6 -13 -41.6 6 -14.1 -41.6
2 24 6 -14.1 -41.6 6 -48.6 -20.3
2 24 6 -48.6 -20.3 6 -49 -19.3
2 24 6 -49 -19.3 6 -48.6 -18.2
2 24 6 -48.6 -18.2 6 -50.1 -19.2
2 24 6 -50.1 -19.2 6 -54 -20
2 24 6 -54 -20 6 -57.8 -19.2
2 24 6 -57.8 -19.2 6 8 -60
0 outside surfaces
4 16 6 16 -60 6 -38.1 -10.8 6 -42.5 -12.2 6 -12.2 -39.7
4 16 6 -38.1 -10.8 6 -42.5 -12.2 6 -43.9 -10 6 -38.6 -10
3 16 6 -42.5 -12.2 6 -43.9 -10 6 -43.6 -12.2
3 16 6 -44.4 -12.9 6 -43.9 -10 6 -43.6 -12.2
3 16 6 -48.6 -18.2 6 -50.1 -19.3 6 -49 -19.3
3 16 6 -48.6 -20.3 6 -50.1 -19.3 6 -54 -20
3 16 6 -48.6 -20.3 6 -50.1 -19.3 6 -49 -19.3
4 16 6 -48.6 -20.3 6 -57.8 -19.3 6 8 -60 6 -14.1 -41.6
3 16 6 8 -60 6 -14.1 -41.6 6 -13 -41.6
4 16 6 8 -60 6 -13 -41.6 6 -12.2 -40.8 6 16 -60
3 16 6 -12.2 -39.7 6 -12.2 -40.8 6 16 -60
0 outside edges
2 24 2 -44.4 -12.9 2 -43.6 -12.2
2 24 2 -43.6 -12.2 2 -42.5 -12.2
2 24 2 -42.5 -12.2 2 -12.2 -39.7
2 24 2 -12.2 -39.7 2 -12.2 -40.8
2 24 2 -12.2 -40.8 2 -13 -41.6
2 24 2 -13 -41.6 2 -14.1 -41.6
2 24 2 -14.1 -41.6 2 -48.6 -20.3
2 24 2 -48.6 -20.3 2 -49 -19.3
2 24 2 -49 -19.3 2 -48.6 -18.2
2 24 2 -48.6 -18.2 2 -46.8 -17.1
2 24 2 -46.8 -17.1 2 -44.7 -13.8
2 24 2 -44.7 -13.8 2 -44.4 -12.9
0 outside surfaces
4 16 2 -42.5 -12.2 2 -48.6 -20.3 2 -14.1 -41.6 2 -12.2 -39.7
4 16 2 -42.5 -12.2 2 -43.6 -12.2 2 -44.4 -12.9 2 -44.7 -13.8
4 16 2 -42.5 -12.2 2 -44.7 -13.8 2 -46.8 -17.1 2 -48.6 -20.3
4 16 2 -46.8 -17.1 2 -48.6 -18.2 2 -49 -19.3 2 -48.6 -20.3
4 16 2 -14.1 -41.6 2 -13 -41.6 2 -12.2 -40.8 2 -12.2 -39.7
0
0 outside edges
2 24 -6 16 -60 -6 -38.1 -10.8
2 24 -6 -38.1 -10.8 -6 -38.6 -10
2 24 -6 -43.9 -10 -6 -44.4 -12.9
2 24 -6 -44.4 -12.9 -6 -43.6 -12.2
2 24 -6 -43.6 -12.2 -6 -42.5 -12.2
2 24 -6 -42.5 -12.2 -6 -12.2 -39.7
2 24 -6 -12.2 -39.7 -6 -12.2 -40.8
2 24 -6 -12.2 -40.8 -6 -13 -41.6
2 24 -6 -13 -41.6 -6 -14.1 -41.6
2 24 -6 -14.1 -41.6 -6 -48.6 -20.3
2 24 -6 -48.6 -20.3 -6 -49 -19.3
2 24 -6 -49 -19.3 -6 -48.6 -18.2
2 24 -6 -48.6 -18.2 -6 -50.1 -19.2
2 24 -6 -50.1 -19.2 -6 -54 -20
2 24 -6 -54 -20 -6 -57.8 -19.2
2 24 -6 -57.8 -19.2 -6 8 -60
0 outside surfaces
4 16 -6 16 -60 -6 -38.1 -10.8 -6 -42.5 -12.2 -6 -12.2 -39.7
4 16 -6 -38.1 -10.8 -6 -42.5 -12.2 -6 -43.9 -10 -6 -38.6 -10
3 16 -6 -42.5 -12.2 -6 -43.9 -10 -6 -43.6 -12.2
3 16 -6 -44.4 -12.9 -6 -43.9 -10 -6 -43.6 -12.2
3 16 -6 -48.6 -18.2 -6 -50.1 -19.3 -6 -49 -19.3
3 16 -6 -48.6 -20.3 -6 -50.1 -19.3 -6 -54 -20
3 16 -6 -48.6 -20.3 -6 -50.1 -19.3 -6 -49 -19.3
4 16 -6 -48.6 -20.3 -6 -57.8 -19.3 -6 8 -60 -6 -14.1 -41.6
3 16 -6 8 -60 -6 -14.1 -41.6 -6 -13 -41.6
4 16 -6 8 -60 -6 -13 -41.6 -6 -12.2 -40.8 -6 16 -60
3 16 -6 -12.2 -39.7 -6 -12.2 -40.8 -6 16 -60
0 outside edges
2 24 -2 -44.4 -12.9 -2 -43.6 -12.2
2 24 -2 -43.6 -12.2 -2 -42.5 -12.2
2 24 -2 -42.5 -12.2 -2 -12.2 -39.7
2 24 -2 -12.2 -39.7 -2 -12.2 -40.8
2 24 -2 -12.2 -40.8 -2 -13 -41.6
2 24 -2 -13 -41.6 -2 -14.1 -41.6
2 24 -2 -14.1 -41.6 -2 -48.6 -20.3
2 24 -2 -48.6 -20.3 -2 -49 -19.3
2 24 -2 -49 -19.3 -2 -48.6 -18.2
2 24 -2 -48.6 -18.2 -2 -46.8 -17.1
2 24 -2 -46.8 -17.1 -2 -44.7 -13.8
2 24 -2 -44.7 -13.8 -2 -44.4 -12.9
0 outside surfaces
4 16 -2 -42.5 -12.2 -2 -48.6 -20.3 -2 -14.1 -41.6 -2 -12.2 -39.7
4 16 -2 -42.5 -12.2 -2 -43.6 -12.2 -2 -44.4 -12.9 -2 -44.7 -13.8
4 16 -2 -42.5 -12.2 -2 -44.7 -13.8 -2 -46.8 -17.1 -2 -48.6 -20.3
4 16 -2 -46.8 -17.1 -2 -48.6 -18.2 -2 -49 -19.3 -2 -48.6 -20.3
4 16 -2 -14.1 -41.6 -2 -13 -41.6 -2 -12.2 -40.8 -2 -12.2 -39.7
0
0 outside edges
4 16 6 8 -60 -6 8 -60 -6 -57.8 -19.3 6 -57.8 -19.3
4 16 6 16 -60 -6 16 -60 -6 -38.1 -10.8 6 -38.1 -10.8
4 16 -6 -38.1 -10.8 6 -38.1 -10.8 6 -38.6 -10 -6 -38.6 -10
0 Inside edges
4 16 6 -44.4 -12.9 6 -43.6 -12.2 -6 -43.6 -12.2 -6 -44.4 -12.9
4 16 6 -43.6 -12.2 6 -42.5 -12.2 -6 -42.5 -12.2 -6 -43.6 -12.2
4 16 6 -42.5 -12.2 6 -12.2 -39.7 -6 -12.2 -39.7 -6 -42.5 -12.2
4 16 6 -12.2 -39.7 6 -12.2 -40.8 -6 -12.2 -40.8 -6 -12.2 -39.7
4 16 6 -12.2 -40.8 6 -13 -41.6 -6 -13 -41.6 -6 -12.2 -40.8
4 16 6 -13 -41.6 6 -14.1 -41.6 -6 -14.1 -41.6 -6 -13 -41.6
4 16 6 -14.1 -41.6 6 -48.6 -20.3 -6 -48.6 -20.3 -6 -14.1 -41.6
4 16 6 -48.6 -20.3 6 -49 -19.3 -6 -49 -19.3 -6 -48.6 -20.3
4 16 6 -49 -19.3 6 -48.6 -18.2 -6 -48.6 -18.2 -6 -49 -19.3
5 24 6 -44.4 -12.9 2 -44.4 -12.9 6 -49 -19.3 6 43.6 -12.2
5 24 -6 -44.4 -12.9 -2 -44.4 -12.9 -6 -49 -19.3 -6 43.6 -12.2
5 24 6 -43.6 -12.2 2 -43.6 -12.2 6 -44.4 -12.9 6 -42.5 -12.2
5 24 -6 -43.6 -12.2 -2 -43.6 -12.2 -6 -44.4 -12.9 -6 -42.5 -12.2
5 24 6 -42.5 -12.2 2 -42.5 -12.2 6 -43.6 -12.2 6 -12.2 -39.7
5 24 -6 -42.5 -12.2 -2 -42.5 -12.2 -6 -43.6 -12.2 -6 -12.2 -39.7
5 24 6 -12.2 -39.7 2 -12.2 -39.7 6 -42.5 -12.2 6 -12.2 -40.8
5 24 -6 -12.2 -39.7 -2 -12.2 -39.7 -6 -42.5 -12.2 -6 -12.2 -40.8
5 24 6 -12.2 -40.8 2 -12.2 -40.8 6 -12.2 -39.7 6 -13 -41.6
5 24 -6 -12.2 -40.8 -2 -12.2 -40.8 -6 -12.2 -39.7 -6 -13 -41.6
5 24 6 -13 -41.6 2 -13 -41.6 6 -12.2 -40.8 6 -14.1 -41.6
5 24 -6 -13 -41.6 -2 -13 -41.6 -6 -12.2 -40.8 -6 -14.1 -41.6
5 24 6 -14.1 -41.6 2 -14.1 -41.6 6 -13 -41.6 6 -48.6 -20.3
5 24 -6 -14.1 -41.6 -2 -14.1 -41.6 -6 -13 -41.6 -6 -48.6 -20.3
5 24 6 -48.6 -20.3 2 -48.6 -20.3 6 -14.1 -41.6 6 -49 -19.3
5 24 -6 -48.6 -20.3 -2 -48.6 -20.3 -6 -14.1 -41.6 -6 -49 -19.3
5 24 6 -49 -19.3 2 -49 -19.3 6 -48.6 -20.3 6 -44.4 -12.9
5 24 -6 -49 -19.3 -2 -49 -19.3 -6 -48.6 -20.3 -6 -44.4 -12.9
0
