0 Rock  2 x  2 Crystal 3 Point
0 Name: 30213.dat
0 Author: Paul Easter [pneaster]
0 !LDRAW_ORG Part UPDATE 2000-01
0 !LICENSE Redistributable under CCAL version 2.0 : see CAreadme.txt

0 !KEYWORDS crystal, aquazone, rockraiders, rock raiders, spaceport, space port
0 !KEYWORDS underground

0 !HISTORY 2000-05-07 [PTadmin] Official Update 2000-01
0 !HISTORY 2007-06-07 [PTadmin] Header formatted for Contributor Agreement
0 !HISTORY 2008-07-01 [PTadmin] Official Update 2008-01

1 16 0 18 0 1.5 0 0 0 3.5 0 0 0 1.5 stud3a.dat
1 16 0 18 0 1 0 0 0 -1.5 0 0 0 1 stud4a.dat
1 16 0 18 0 8 0 0 0 1 0 0 0 8 4-4edge.dat
0
0 1 of 3 sections
0 top hex surface
2 24 -6.928 0 -12 6.928 0 -12
2 24 6.928 0 -12 13.856 0 0
3 16 -6.928 0 -12 6.928 0 -12 0 0 0
3 16 6.928 0 -12 0 0 0 13.856 0 0
0 bottom hex surface
2 24 -6.062 18 -10.5 6.062 18 -10.5
2 24 6.062 18 -10.5 12.124 18 0
4 16 -6.062 18 -10.5 6.062 18 -10.5 3.608 18 -6.25 -3.608 18 -6.25
4 16 6.062 18 -10.5 12.124 18 0 7.217 18 0 3.608 18 -6.25
0 outside hex edges
2 24 6.928 0 -12 9.238 7 -16
2 24 -9.238 7 -16 -6.5 7 -16
2 24 9.238 7 -16 6.5 7 -16
2 24 -6.928 0 -12 -9.238 7 -16
2 24 18.475 7 0 9.238 7 -16
2 24 6.062 18 -10.5 9.238 7 -16
2 24 -6.062 18 -10.5 -9.238 7 -16
4 16 -6.928 0 -12 6.928 0 -12 9.238 7 -16 -9.238 7 -16
4 16 6.928 0 -12 13.856 0 0 18.475 7 0 9.238 7 -16
4 16 -6.062 18 -10.5 6.062 18 -10.5 9.238 7 -16 -9.238 7 -16
4 16 18.475 7 0 9.238 7 -16 6.062 18 -10.5 12.124 18 0
0 hex on the side
2 24 -3.31 2.24 -13.32 3.31 2.24 -13.32
2 24 -3.31 1.86 -14.79 3.31 1.86 -14.79
2 24 -3.31 2.24 -13.32 -3.31 1.86 -14.79
2 24 3.31 2.24 -13.32 3.31 1.86 -14.79
2 24 -3.31 2.24 -13.32 -6.5 7 -16
2 24 3.31 2.24 -13.32 6.5 7 -16
2 24 -3.31 1.86 -14.79 -6.5 6.66 -17.61
2 24 3.31 1.86 -14.79 6.5 6.66 -17.61
2 24 -6.5 6.66 -17.61 -4.5 6.66 -17.61
2 24 6.5 6.66 -17.61 4.5 6.66 -17.61
2 24 -6.5 6.66 -17.61 -6.5 7 -16
2 24 6.5 6.66 -17.61 6.5 7 -16
2 24 -6.5 6.66 -17.61 -3.31 11.9 -17.61
2 24 6.5 6.66 -17.61 3.31 11.9 -17.61
2 24 -6.5 7 -16 -3.31 13.12 -13.01
2 24 6.5 7 -16 3.31 13.12 -13.01
2 24 -3.31 11.9 -17.61 -3.31 13.12 -13.01
2 24 3.31 11.9 -17.61 3.31 13.12 -13.01
2 24 -3.31 11.9 -17.61 3.31 11.9 -17.61
2 24 -3.31 13.12 -13.01 3.31 13.12 -13.01
4 16 -3.31 2.24 -13.32 3.31 2.24 -13.32 3.31 1.86 -14.79 -3.31 1.86 -14.79
4 16 -3.31 2.24 -13.32 -6.5 7 -16 -6.5 6.66 -17.61 -3.31 1.86 -14.79
4 16 3.31 2.24 -13.32 6.5 7 -16 6.5 6.66 -17.61 3.31 1.86 -14.79
0 4 16 -6.5 6.66 -17.61 -3.31 1.86 -14.79 6.5 6.66 -17.61 3.31 1.86 -14.79
4 16 -3.31 1.86 -14.79 -6.5 6.66 -17.61 6.5 6.66 -17.61 3.31 1.86 -14.79

4 16 -3.31 13.12 -13.01 3.31 13.12 -13.01 3.31 11.9 -17.61 -3.31 11.9 -17.61
4 16 -6.5 7 -16 -3.31 13.12 -13.01 -3.31 11.9 -17.61 -6.5 6.66 -17.61
4 16 6.5 7 -16 3.31 13.12 -13.01 3.31 11.9 -17.61 6.5 6.66 -17.61
4 16 -3.31 11.9 -17.61 -6.5 6.66 -17.61 6.5 6.66 -17.61 3.31 11.9 -17.61
1 16 0 5.66 -21.05 4.5 0 0 0 0.921 -4.347 0 3.439 1.165 4-4cyli.dat
1 16 0 6.55 -17.61 0 0 4.5 4.347 0.316 0 -1.165 1.178 0 1-4cyls2.dat
1 16 0 6.55 -17.61 0 0 -4.5 4.347 0.316 0 -1.165 1.178 0 1-4cyls2.dat
1 16 0 6.55 -17.61 0 0 4.5 -4.347 0.316 0 1.165 1.178 0 1-4cyls2.dat
1 16 0 6.55 -17.61 0 0 -4.5 -4.347 0.316 0 1.165 1.178 0 1-4cyls2.dat
2 24 4.5 6.55 -17.61 4.158 5.007 -16.713
2 24 3.182 3.7 -15.953 4.158 5.007 -16.713
2 24 1.722 2.826 -15.445 3.182 3.7 -15.953
2 24 0 2.519 -15.267 1.722 2.826 -15.445
2 24 -4.5 6.55 -17.61 -4.158 5.007 -16.713
2 24 -3.182 3.7 -15.953 -4.158 5.007 -16.713
2 24 -1.722 2.826 -15.445 -3.182 3.7 -15.953
2 24 0 2.519 -15.267 -1.722 2.826 -15.445
2 24 4.5 6.55 -17.61 4.158 8.334 -17.605
2 24 3.182 9.847 -17.6 4.158 8.334 -17.605
2 24 1.722 10.858 -17.597 3.182 9.847 -17.6
2 24 0 11.212 -17.596 1.722 10.858 -17.597
2 24 -4.5 6.55 -17.61 -4.158 8.334 -17.605
2 24 -3.182 9.847 -17.6 -4.158 8.334 -17.605
2 24 -1.722 10.858 -17.597 -3.182 9.847 -17.6
2 24 0 11.212 -17.596 -1.722 10.858 -17.597
1 16 0 5.66 -21.01 4.5 0 0 0 -1.166 4.347 0 -4.347 -1.166 4-8sphe.dat
0
0
0 2 of 3 sections
0 top hex surface
2 24 -6.928 0 12 -13.856 0 0
2 24 -13.856 0 0 -6.928 0 -11.999
3 16 -6.928 0 12 -13.856 0 0 0 0 0
3 16 -13.856 0 0 0 0 0 -6.928 0 -11.999
0 bottom hex surface
2 24 -6.062 18 10.5 -12.124 18 0
2 24 -12.124 18 0 -6.062 18 -10.499
4 16 -6.062 18 10.5 -12.124 18 0 -7.216 18 0 -3.609 18 6.25
4 16 -12.124 18 0 -6.062 18 -10.499 -3.609 18 -6.25 -7.216 18 0
0 outside hex edges
2 24 -13.856 0 0 -18.475 7 0
2 24 -9.237 7 16 -10.606 7 13.629
2 24 -18.475 7 0 -17.106 7 2.371
2 24 -6.928 0 12 -9.237 7 16
2 24 -9.238 7 -15.999 -18.475 7 0
2 24 -12.124 18 0 -18.475 7 0
2 24 -6.062 18 10.5 -9.237 7 16
4 16 -6.928 0 12 -13.856 0 0 -18.475 7 0 -9.237 7 16
4 16 -13.856 0 0 -6.928 0 -11.999 -9.238 7 -15.999 -18.475 7 0
4 16 -6.062 18 10.5 -12.124 18 0 -18.475 7 0 -9.237 7 16
4 16 -9.238 7 -15.999 -18.475 7 0 -12.124 18 0 -6.062 18 -10.499
0 hex on the side
2 24 -9.88 2.24 9.526 -13.19 2.24 3.794
2 24 -11.153 1.86 10.261 -14.463 1.86 4.529
2 24 -9.88 2.24 9.526 -11.153 1.86 10.261
2 24 -13.19 2.24 3.794 -14.463 1.86 4.529
2 24 -9.88 2.24 9.526 -10.606 7 13.629
2 24 -13.19 2.24 3.794 -17.106 7 2.371
2 24 -11.153 1.86 10.261 -12 6.66 14.434
2 24 -14.463 1.86 4.529 -18.5 6.66 3.176
2 24 -12 6.66 14.434 -13 6.66 12.702
2 24 -18.5 6.66 3.176 -17.5 6.66 4.908
2 24 -12 6.66 14.434 -10.606 7 13.629
2 24 -18.5 6.66 3.176 -17.106 7 2.371
2 24 -12 6.66 14.434 -13.595 11.9 11.671
2 24 -18.5 6.66 3.176 -16.905 11.9 5.939
2 24 -10.606 7 13.629 -9.612 13.12 9.371
2 24 -17.106 7 2.371 -12.922 13.12 3.639
2 24 -13.595 11.9 11.671 -9.612 13.12 9.371
2 24 -16.905 11.9 5.939 -12.922 13.12 3.639
2 24 -13.595 11.9 11.671 -16.905 11.9 5.939
2 24 -9.612 13.12 9.371 -12.922 13.12 3.639
4 16 -9.88 2.24 9.526 -13.19 2.24 3.794 -14.463 1.86 4.529 -11.153 1.86 10.261
4 16 -9.88 2.24 9.526 -10.606 7 13.629 -12 6.66 14.434 -11.153 1.86 10.261
4 16 -13.19 2.24 3.794 -17.106 7 2.371 -18.5 6.66 3.176 -14.463 1.86 4.529
4 16 -11.153 1.86 10.261 -12 6.66 14.434 -18.5 6.66 3.176 -14.463 1.86 4.529
4 16 -9.612 13.12 9.371 -12.922 13.12 3.639 -16.905 11.9 5.939 -13.595 11.9 11.671
4 16 -10.606 7 13.629 -9.612 13.12 9.371 -13.595 11.9 11.671 -12 6.66 14.434
4 16 -17.106 7 2.371 -12.922 13.12 3.639 -16.905 11.9 5.939 -18.5 6.66 3.176
4 16 -13.595 11.9 11.671 -12 6.66 14.434 -18.5 6.66 3.176 -16.905 11.9 5.939
1 16 -18.229 5.66 10.525 -2.25 2.978 1.009 0 0.921 -4.347 -3.897 -1.719 -0.582 4-4cyli.dat
1 16 -15.25 6.55 8.805 -1.009 1.02 -2.25 4.347 0.316 0 0.582 -0.589 -3.897 1-4cyls2.dat
1 16 -15.25 6.55 8.805 -1.009 1.02 2.25 4.347 0.316 0 0.582 -0.589 3.897 1-4cyls2.dat
1 16 -15.25 6.55 8.805 1.009 1.02 -2.25 -4.347 0.316 0 -0.582 -0.589 -3.897 1-4cyls2.dat
1 16 -15.25 6.55 8.805 1.009 1.02 2.25 -4.347 0.316 0 -0.582 -0.589 3.897 1-4cyls2.dat
2 24 -17.5 6.55 4.908 -16.552 5.007 4.756
2 24 -15.406 3.7 5.221 -16.552 5.007 4.756
2 24 -14.236 2.826 6.231 -15.406 3.7 5.221
2 24 -13.221 2.519 7.634 -14.236 2.826 6.231
2 24 -13 6.55 12.702 -12.394 5.007 11.957
2 24 -12.224 3.7 10.732 -12.394 5.007 11.957
2 24 -12.514 2.826 9.214 -12.224 3.7 10.732
2 24 -13.221 2.519 7.634 -12.514 2.826 9.214
2 24 -17.5 6.55 4.908 -17.325 8.334 5.202
2 24 -16.833 9.847 6.044 -17.325 8.334 5.202
2 24 -16.1 10.858 7.307 -16.833 9.847 6.044
2 24 -15.238 11.212 8.798 -16.1 10.858 7.307
2 24 -13 6.55 12.702 -13.167 8.334 12.403
2 24 -13.651 9.847 11.556 -13.167 8.334 12.403
2 24 -14.378 10.858 10.29 -13.651 9.847 11.556
2 24 -15.238 11.212 8.798 -14.378 10.858 10.29
1 16 -18.195 5.66 10.505 -2.25 -3.765 -1.01 0 -1.166 4.347 -3.897 2.174 0.583 4-8sphe.dat
0
0
0 3 of 3 sections
0 top hex surface
2 24 13.856 0 0 6.928 0 12
2 24 6.928 0 12 -6.928 0 11.999
3 16 13.856 0 0 6.928 0 12 0 0 0
3 16 6.928 0 12 0 0 0 -6.928 0 11.999
0 bottom hex surface
2 24 12.124 18 0 6.062 18 10.5
2 24 6.062 18 10.5 -6.062 18 10.499
4 16 12.124 18 0 6.062 18 10.5 3.609 18 6.25 7.216 18 0
4 16 6.062 18 10.5 -6.062 18 10.499 -3.609 18 6.25 3.609 18 6.25
0 outside hex edges
2 24 6.928 0 12 9.237 7 16
2 24 18.475 7 0 17.106 7 2.371
2 24 9.237 7 16 10.606 7 13.629
2 24 13.856 0 0 18.475 7 0
2 24 -9.238 7 15.999 9.237 7 16
2 24 6.062 18 10.5 9.237 7 16
2 24 12.124 18 0 18.475 7 0
4 16 13.856 0 0 6.928 0 12 9.237 7 16 18.475 7 0
4 16 6.928 0 12 -6.928 0 11.999 -9.238 7 15.999 9.237 7 16
4 16 12.124 18 0 6.062 18 10.5 9.237 7 16 18.475 7 0
4 16 -9.238 7 15.999 9.237 7 16 6.062 18 10.5 -6.062 18 10.499
0 hex on the side
2 24 13.19 2.24 3.794 9.88 2.24 9.526
2 24 14.463 1.86 4.529 11.153 1.86 10.261
2 24 13.19 2.24 3.794 14.463 1.86 4.529
2 24 9.88 2.24 9.526 11.153 1.86 10.261
2 24 13.19 2.24 3.794 17.106 7 2.371
2 24 9.88 2.24 9.526 10.606 7 13.629
2 24 14.463 1.86 4.529 18.5 6.66 3.176
2 24 11.153 1.86 10.261 12 6.66 14.434
2 24 18.5 6.66 3.176 17.5 6.66 4.908
2 24 12 6.66 14.434 13 6.66 12.702
2 24 18.5 6.66 3.176 17.106 7 2.371
2 24 12 6.66 14.434 10.606 7 13.629
2 24 18.5 6.66 3.176 16.905 11.9 5.939
2 24 12 6.66 14.434 13.595 11.9 11.671
2 24 17.106 7 2.371 12.922 13.12 3.639
2 24 10.606 7 13.629 9.612 13.12 9.371
2 24 16.905 11.9 5.939 12.922 13.12 3.639
2 24 13.595 11.9 11.671 9.612 13.12 9.371
2 24 16.905 11.9 5.939 13.595 11.9 11.671
2 24 12.922 13.12 3.639 9.612 13.12 9.371
4 16 13.19 2.24 3.794 9.88 2.24 9.526 11.153 1.86 10.261 14.463 1.86 4.529
4 16 13.19 2.24 3.794 17.106 7 2.371 18.5 6.66 3.176 14.463 1.86 4.529
4 16 9.88 2.24 9.526 10.606 7 13.629 12 6.66 14.434 11.153 1.86 10.261
4 16 14.463 1.86 4.529 18.5 6.66 3.176 12 6.66 14.434 11.153 1.86 10.261
4 16 12.922 13.12 3.639 9.612 13.12 9.371 13.595 11.9 11.671 16.905 11.9 5.939
4 16 17.106 7 2.371 12.922 13.12 3.639 16.905 11.9 5.939 18.5 6.66 3.176
4 16 10.606 7 13.629 9.612 13.12 9.371 13.595 11.9 11.671 12 6.66 14.434
4 16 16.905 11.9 5.939 18.5 6.66 3.176 12 6.66 14.434 13.595 11.9 11.671
1 16 18.229 5.66 10.525 -2.25 -2.978 -1.009 0 0.921 -4.347 3.897 -1.719 -0.582 4-4cyli.dat
1 16 15.25 6.55 8.805 1.009 -1.02 -2.25 4.347 0.316 0 0.582 -0.589 3.897 1-4cyls2.dat
1 16 15.25 6.55 8.805 1.009 -1.02 2.25 4.347 0.316 0 0.582 -0.589 -3.897 1-4cyls2.dat
1 16 15.25 6.55 8.805 -1.009 -1.02 -2.25 -4.347 0.316 0 -0.582 -0.589 3.897 1-4cyls2.dat
1 16 15.25 6.55 8.805 -1.009 -1.02 2.25 -4.347 0.316 0 -0.582 -0.589 -3.897 1-4cyls2.dat
2 24 13 6.55 12.702 12.394 5.007 11.957
2 24 12.224 3.7 10.732 12.394 5.007 11.957
2 24 12.514 2.826 9.214 12.224 3.7 10.732
2 24 13.221 2.519 7.634 12.514 2.826 9.214
2 24 17.5 6.55 4.908 16.552 5.007 4.756
2 24 15.406 3.7 5.221 16.552 5.007 4.756
2 24 14.236 2.826 6.231 15.406 3.7 5.221
2 24 13.221 2.519 7.634 14.236 2.826 6.231
2 24 13 6.55 12.702 13.167 8.334 12.403
2 24 13.651 9.847 11.556 13.167 8.334 12.403
2 24 14.378 10.858 10.29 13.651 9.847 11.556
2 24 15.238 11.212 8.798 14.378 10.858 10.29
2 24 17.5 6.55 4.908 17.325 8.334 5.202
2 24 16.833 9.847 6.044 17.325 8.334 5.202
2 24 16.1 10.858 7.307 16.833 9.847 6.044
2 24 15.238 11.212 8.798 16.1 10.858 7.307
1 16 18.195 5.66 10.505 -2.25 3.765 1.01 0 -1.166 4.347 3.897 2.174 0.583 4-8sphe.dat
0
