0 Wing Insectoid Small with Arm Hinge
0 Name: 30231.dat
0 Author: Karim Nassar
0 !LDRAW_ORG Part UPDATE 1998-09
0 !LICENSE Redistributable under CCAL version 2.0 : see CAreadme.txt

0 !HISTORY 1998-10-15 [PTadmin] Official Update 1998-09
0 !HISTORY 2007-06-07 [PTadmin] Header formatted for Contributor Agreement
0 !HISTORY 2008-07-01 [PTadmin] Official Update 2008-01

1 16 0 0 11 0 -1 0 1 0 0 0 0 1 arm2.dat
1 16 0 0 11 10 0 0 0 0 10 0 4 0 4-4cyli.dat
1 16 0 0 15 10 0 0 0 0 10 0 1 0 4-4disc.dat
1 16 0 0 15 7.07 0 -7.07 7.07 0 7.07 0 -1 0 1-4edge.DAT
1 16 0 0 15 -7.07 0 7.07 -7.07 0 -7.07 0 -1 0 1-4edge.DAT
1 16 6 1 15 3.99 0 0 0 1 0 0 0 7.7 1-4edge.DAT
1 16 6 -1 15 3.99 0 0 0 1 0 0 0 7.7 1-4edge.DAT
1 16 6 0 15 0 1 0 0 0 -7 8 0 0 1-4edge.DAT
1 16 6 0 15 0 1 0 0 0 -7 8 0 0 1-4disc.DAT
1 16 6 0 15 0 0 4 -7 0 0 0 8 0 2-8sphe.DAT
1 16 -6 1 15 -3.99 0 0 0 1 0 0 0 7.7 1-4edge.DAT
1 16 -6 -1 15 -3.99 0 0 0 1 0 0 0 7.7 1-4edge.DAT
1 16 -6 0 15 0 1 0 0 0 -7 8 0 0 1-4edge.DAT
1 16 -6 0 15 0 1 0 0 0 -7 8 0 0 2-4disc.DAT
1 16 -6 0 15 0 0 -4 -7 0 0 0 8 0 2-8sphe.DAT
1 16 15 -1 65 1 0 0 0 1 0 0 0 1 stud2.dat
1 16 15 1 65 1 0 0 0 -1 0 0 0 -1 stud2.dat
1 16 -25 -1 145 1 0 0 0 1 0 0 0 1 stud2.dat
1 16 -25 1 145 1 0 0 0 -1 0 0 0 -1 stud2.dat
1 16 -25 1 145 4 0 0 0 -2 0 0 0 -4 4-4cyli.dat
2 24 10 -1 15 25 -1 33
2 24 25 -1 33 25 -1 73
2 24 25 -1 73 -10 -1 152
2 24 -10 -1 152 -26.4 -1 172.4
2 24 -10 -1 15 -35 -1 73
2 24 -35 -1 73 -35 -1 169
1 16 -30 -1 169 3.54 0 -3.54 0 1 0 3.54 0 3.54 3-8edge.dat
2 24 10 1 15 25 1 33
2 24 25 1 33 25 1 73
2 24 25 1 73 -10 1 152
2 24 -10 1 152 -26.4 1 172.4
2 24 -10 1 15 -35 1 73
2 24 -35 1 73 -35 1 169
1 16 -30 1 169 3.54 0 -3.54 0 1 0 3.54 0 3.54 3-8edge.dat
4 16 10 -1 15 25 -1 33 10 1 15 25 1 33
4 16 25 -1 33 25 -1 73 25 1 33 25 1 73
4 16 25 -1 73 -10 -1 152 25 1 73 -10 1 152
4 16 -10 -1 152 -26 -1 172 -10 1 152 -26 1 172
1 16 -30 -1 169 3.54 0 -3.54 0 2 0 3.54 0 3.54 3-8cyli.dat
4 16 -35 -1 73 -35 -1 169 -35 1 73 -35 1 169
4 16 -10 -1 15 -35 -1 73 -10 1 15 -35 1 73
4 16 10 1 15 25 1 33 -35 1 73 -10 1 15
3 16 25 1 33 25 1 73 -35 1 73
3 16 25 1 73 -35 1 73 -10 1 152
1 16 -30 1 169 0 0 -5 0 1 0 5 0 0 1-4disc.DAT
1 16 -30 1 169 3.54 0 -3.54 0 1 0 3.54 0 3.54 1-8disc.DAT
1 16 -25 1 145 4 0 0 0 1 0 0 0 4 4-4ndis.dat
3 16 -10 1 152 -21 1 141 -21 1 149
3 16 -10 1 152 -35 1 73 -21 1 141
3 16 -35 1 73 -29 1 141 -21 1 141
4 16 -35 1 73 -29 1 141 -29 1 149 -35 1 169
4 16 -35 1 169 -29 1 149 -21 1 149 -26.4 1 172.4
3 16 -26.4 1 172.4 -21 1 149 -10 1 152
4 16 10 -1 15 25 -1 33 -35 -1 73 -10 -1 15
3 16 25 -1 33 25 -1 73 -35 -1 73
3 16 25 -1 73 -35 -1 73 -10 -1 152
1 16 -30 -1 169 0 0 -5 0 1 0 5 0 0 1-4disc.DAT
1 16 -30 -1 169 3.54 0 -3.54 0 1 0 3.54 0 3.54 1-8disc.DAT
1 16 -25 -1 145 4 0 0 0 1 0 0 0 4 4-4ndis.dat
3 16 -10 -1 152 -21 -1 141 -21 -1 149
3 16 -10 -1 152 -35 -1 73 -21 -1 141
3 16 -35 -1 73 -29 -1 141 -21 -1 141
4 16 -35 -1 73 -29 -1 141 -29 -1 149 -35 -1 169
4 16 -35 -1 169 -29 -1 149 -21 -1 149 -26.4 -1 172.4
3 16 -26.4 -1 172.4 -21 -1 149 -10 -1 152
2 24 -25 -1 128 -25 -1 75
2 24 -25 -1 75 -6 -1 30
2 24 -6 -1 30 -2 -1 31
2 24 -2 -1 31 2 -1 31
2 24 2 -1 31 8 -1 29
2 24 8 -1 29 15 -1 37.4
2 24 15 -1 37.4 15 -1 57
1 16 15 -1 65 0 0 -8 0 1 0 8 0 0 2-4edge.DAT
2 24 15 -1 73 -4 -1 115
2 24 -4 -1 115 -20 -1 130
2 24 -20 -1 130 -22 -1 131
2 24 -22 -1 131 -23 -1 131
2 24 -23 -1 131 -24.5 -1 129.5
2 24 -24.5 -1 129.5 -25 -1 128
2 24 -25 1 128 -25 1 75
2 24 -25 1 75 -6 1 30
2 24 -6 1 30 -2 1 31
2 24 -2 1 31 2 1 31
2 24 2 1 31 8 1 29
2 24 8 1 29 15 1 37.4
2 24 15 1 37.4 15 1 57
1 16 15 1 65 0 0 -8 0 1 0 8 0 0 2-4edge.DAT
2 24 15 1 73 -4 1 115
2 24 -4 1 115 -20 1 130
2 24 -20 1 130 -22 1 131
2 24 -22 1 131 -23 1 131
2 24 -23 1 131 -24.5 1 129.5
2 24 -24.5 1 129.5 -25 1 128
0