0 Glass for Window  4 x 10 x  2 Slope Double
0 Name: 30264.dat
0 Author: Ross Crawford [rosco]
0 !LDRAW_ORG Part UPDATE 2002-04
0 !LICENSE Redistributable under CCAL version 2.0 : see CAreadme.txt

0 !HISTORY 2002-08-18 [PTadmin] Official Update 2002-04
0 !HISTORY 2007-06-07 [PTadmin] Header formatted for Contributor Agreement
0 !HISTORY 2008-07-01 [PTadmin] Official Update 2008-01

2 24 37 4 60 37 4 -60
2 24 37 4 -60 -37 4 -60
2 24 -37 4 -60 -37 4 60
2 24 -37 4 60 37 4 60
2 24 37 4 60 37 26.5 81
2 24 -37 4 60 -37 26.5 81
2 24 37 26.5 81 -37 26.5 81
2 24 37 4 -60 37 26.5 -81
2 24 -37 4 -60 -37 26.5 -81
2 24 37 26.5 -81 -37 26.5 -81

2 24 37 26.5 81 37 30.5 81
2 24 -37 26.5 81 -37 30.5 81
2 24 37 26.5 -81 37 30.5 -81
2 24 -37 26.5 -81 -37 30.5 -81

2 24 37 8 60 37 8 -60
2 24 37 8 -60 -37 8 -60
2 24 -37 8 -60 -37 8 60
2 24 -37 8 60 37 8 60
2 24 37 8 60 37 30.5 81
2 24 -37 8 60 -37 30.5 81
2 24 37 30.5 81 -37 30.5 81
2 24 37 8 -60 37 30.5 -81
2 24 -37 8 -60 -37 30.5 -81
2 24 37 30.5 -81 -37 30.5 -81

2 24 18.5 4 18.5 18.5 4 -18.5
2 24 18.5 4 -18.5 -18.5 4 -18.5
2 24 -18.5 4 -18.5 -18.5 4 18.5
2 24 -18.5 4 18.5 18.5 4 18.5
2 24 18.5 4 18.5 18.5 8 18.5
2 24 18.5 4 -18.5 18.5 8 -18.5
2 24 -18.5 4 -18.5 -18.5 8 -18.5
2 24 -18.5 4 18.5 -18.5 8 18.5
2 24 18.5 8 18.5 18.5 8 -18.5
2 24 18.5 8 -18.5 -18.5 8 -18.5
2 24 -18.5 8 -18.5 -18.5 8 18.5
2 24 -18.5 8 18.5 18.5 8 18.5

4 16 37 4 60 37 4 18.5 -37 4 18.5 -37 4 60
4 16 37 4 -60 37 4 -18.5 -37 4 -18.5 -37 4 -60
4 16 37 4 18.5 18.5 4 18.5 18.5 4 -18.5 37 4 -18.5
4 16 -37 4 18.5 -18.5 4 18.5 -18.5 4 -18.5 -37 4 -18.5
4 16 37 4 60 37 26.5 81 -37 26.5 81 -37 4 60
4 16 37 4 -60 37 26.5 -81 -37 26.5 -81 -37 4 -60

4 16 18.5 4 18.5 18.5 8 18.5 18.5 8 -18.5 18.5 4 -18.5
4 16 18.5 4 -18.5 18.5 8 -18.5 -18.5 8 -18.5 -18.5 4 -18.5
4 16 -18.5 4 -18.5 -18.5 8 -18.5 -18.5 8 18.5 -18.5 4 18.5
4 16 -18.5 4 18.5 -18.5 8 18.5 18.5 8 18.5 18.5 4 18.5

4 16 37 4 60 37 8 60 37 8 -60 37 4 -60
4 16 -37 4 60 -37 8 60 -37 8 -60 -37 4 -60
4 16 37 4 60 37 8 60 37 30.5 81 37 26.5 81
4 16 -37 4 60 -37 8 60 -37 30.5 81 -37 26.5 81
4 16 37 4 -60 37 8 -60 37 30.5 -81 37 26.5 -81
4 16 -37 4 -60 -37 8 -60 -37 30.5 -81 -37 26.5 -81
4 16 37 26.5 81 37 30.5 81 -37 30.5 81 -37 26.5 81
4 16 37 26.5 -81 37 30.5 -81 -37 30.5 -81 -37 26.5 -81

4 16 37 8 60 37 8 18.5 -37 8 18.5 -37 8 60
4 16 37 8 -60 37 8 -18.5 -37 8 -18.5 -37 8 -60
4 16 37 8 18.5 18.5 8 18.5 18.5 8 -18.5 37 8 -18.5
4 16 -37 8 18.5 -18.5 8 18.5 -18.5 8 -18.5 -37 8 -18.5
4 16 37 8 60 37 30.5 81 -37 30.5 81 -37 8 60
4 16 37 8 -60 37 30.5 -81 -37 30.5 -81 -37 8 -60

1 16 24 8 0 3.8 0 0 0 0 0 0 0 3.8 4-4edge.dat
1 16 24 8 0 1.9 0 0 0 0 0 0 0 1.9 4-4edge.dat
1 16 24 18 0 3.8 0 0 0 0 0 0 0 3.8 4-4edge.dat
1 16 24 18 0 1.9 0 0 0 0 0 0 0 1.9 4-4edge.dat

1 16 24 8 0 3.8 0 0 0 10 0 0 0 3.8 4-4cyli.dat
1 16 24 8 0 1.9 0 0 0 10 0 0 0 1.9 4-4cyli.dat
1 16 24 18 0 1.9 0 0 0 0 0 0 0 1.9 ring1.dat

1 16 -24 8 0 3.8 0 0 0 0 0 0 0 3.8 4-4edge.dat
1 16 -24 8 0 1.9 0 0 0 0 0 0 0 1.9 4-4edge.dat
1 16 -24 18 0 3.8 0 0 0 0 0 0 0 3.8 4-4edge.dat
1 16 -24 18 0 1.9 0 0 0 0 0 0 0 1.9 4-4edge.dat

1 16 -24 8 0 3.8 0 0 0 10 0 0 0 3.8 4-4cyli.dat
1 16 -24 8 0 1.9 0 0 0 10 0 0 0 1.9 4-4cyli.dat
1 16 -24 18 0 1.9 0 0 0 0 0 0 0 1.9 ring1.dat

0
