0 Cockpit 10 x 14 x  2 & 2/3
0 Name: 30299.dat
0 Author: Paul Easter [pneaster]
0 !LDRAW_ORG Part UPDATE 2000-02
0 !LICENSE Redistributable under CCAL version 2.0 : see CAreadme.txt

0 !KEYWORDS Rock Raiders, canopy, base, nose

0 !HISTORY 2000-09-30 [PTadmin] Official Update 2000-02
0 !HISTORY 2007-06-07 [PTadmin] Replaced box3#8p references with box3u8p
0 !HISTORY 2007-06-07 [PTadmin] Header formatted for Contributor Agreement
0 !HISTORY 2008-07-01 [PTadmin] Official Update 2008-01

0 // outside canopy
4 16 76 28 20 76 28 -19 -76 28 -19 -76 28 20
4 16 38 28 -76 38 28 -19 -38 28 -19 -38 28 -76
3 16 76 28 -19 38 28 -19 38 28 -76
3 16 -76 28 -19 -38 28 -19 -38 28 -76
4 16 76 28 20 -76 28 20 -76 32 20 76 32 20
4 16 76 28 20 76 32 20 76 32 -19 76 28 -19
4 16 -76 28 20 -76 32 20 -76 32 -19 -76 28 -19
4 16 38 28 -76 -38 28 -76 -38 32 -76 38 32 -76
4 16 76 32 20 76 32 24 -76 32 24 -76 32 20
4 16 80 32 40 -80 32 40 -76 32 36 76 32 36
4 16 80 32 40 80 32 -20 76 32 -19 76 32 36
4 16 -80 32 40 -80 32 -20 -76 32 -19 -76 32 36
4 16 38 32 -76 -38 32 -76 -40 32 -80 40 32 -80
4 16 76 32 24 -76 32 24 -76 4 24 76 4 24
4 16 76 32 36 -76 32 36 -76 4 36 76 4 36
4 16 76 32 36 76 32 24 76 4 24 76 4 36
4 16 -76 32 36 -76 32 24 -76 4 24 -76 4 36
4 16 76 4 36 76 4 24 -76 4 24 -76 4 36
4 16 80 32 40 80 0 40 -80 0 40 -80 32 40
4 16 80 32 40 80 -16 40 100 -16 40 100 -12 40
4 16 -80 32 40 -80 -16 40 -100 -16 40 -100 -12 40
4 16 80 32 40 80 32 -20 100 -12 -20 100 -12 40
4 16 -80 32 40 -80 32 -20 -100 -12 -20 -100 -12 40
4 16 100 -12 40 100 -12 -20 100 -16 -20 100 -16 40
4 16 -100 -12 40 -100 -12 -20 -100 -16 -20 -100 -16 40
4 16 100 -12 -20 100 -21 -20 98.2 -24 -23 98.2 -12 -23
4 16 -100 -12 -20 -100 -21 -20 -98.2 -24 -23 -98.2 -12 -23
4 16 98.2 -12 -23 40 -12 -120 40 -24 -120 98.2 -24 -23
4 16 -98.2 -12 -23 -40 -12 -120 -40 -24 -120 -98.2 -24 -23
4 16 40 32 -80 -40 32 -80 -40 -12 -120 40 -12 -120
4 16 40 -12 -120 -40 -12 -120 -40 -24 -120 40 -24 -120
0
3 16 40 -12 -120 40 28 -83.636 81.818 28 -20
3 16 100 -12 -20 40 -12 -120 81.818 28 -20
3 16 80 32 -20 75.6 32 -26.5 76.9 28 -27.4
3 16 81.818 28 -20 80 32 -20 76.9 28 -27.4
3 16 69 32 -36.5 52.5 28 -64.6 50.6 32 -64.1
3 16 69 32 -36.5 70.3 28 -37.4 52.5 28 -64.6
4 16 64 28 -37 70.3 28 -37.4 76.9 28 -27.4 74 28 -22
4 16 42 28 -71 46 28 -74.4 52.5 28 -64.6 48 28 -62
4 16 50 28 -64 50 32 -64 50.6 32 -64.1 50.6 28 -64.1
3 16 50.6 28 -64.1 50.6 32 -64.1 52.5 28 -64.6
4 16 50 32 -64 50 28 -64 47.7 28 -64.5 47.7 32 -64.5
4 16 47.7 28 -64.5 47.7 32 -64.5 45.8 32 -65.8 45.8 28 -65.8
4 16 45.8 32 -65.8 45.8 28 -65.8 44.4 28 -67.7 44.4 32 -67.7
4 16 44.4 28 -67.7 44.4 32 -67.7 44 32 -70 44 28 -70
4 16 44 32 -70 44 28 -70 44.5 28 -72.3 44.5 32 -72.3
4 16 44.5 28 -72.3 44.5 32 -72.3 44.8 32 -72.8 44.8 28 -72.8
3 16 44.8 28 -72.8 44.8 32 -72.8 46 28 -74.4
3 16 44.8 32 -72.8 40 28 -83.6 40 32 -80
3 16 44.8 32 -72.8 46 28 -74.4 40 28 -83.6
3 16 48 32 -61 50 32 -64 50.6 32 -64.1
3 16 48 32 -61 50 32 -64 47.7 32 -64.5
4 16 48 32 -61 47.7 32 -64.5 45.8 32 -65.8 46 32 -64
4 16 46 32 -64 45.8 32 -65.8 44.4 32 -67.7 44 32 -67
4 16 40 32 -73 44 32 -67 44.4 32 -67.7 44 32 -70
3 16 40 32 -73 44 32 -70 44.5 32 -72.3
3 16 40 32 -73 44.5 32 -72.3 44.8 32 -72.8
4 16 40 32 -73 44.8 32 -72.8 40 32 -80 38 32 -76
4 16 80 32 -20 76 32 -19 72.4 32 -24.4 75.6 32 -26.5
4 16 76 32 -19 72.4 32 -24.4 72.4 28 -24.4 76 28 -19
4 16 72.4 32 -24.4 72.4 28 -24.4 75.6 28 -26.5 75.6 32 -26.5
3 16 75.6 28 -26.5 76.9 28 -27.4 75.6 32 -26.5
4 16 69 32 -36.5 65.8 32 -34.4 65.8 28 -34.4 69 28 -36.5
3 16 69 32 -36.5 69 28 -36.5 70.3 28 -37.4
4 16 65.8 28 -34.4 65.8 32 -34.4 55.8 32 -49.2 55.8 28 -49.2
4 16 51.5 32 -55.7 42 32 -70 42 28 -70 51.5 28 -55.7
4 16 55.5 28 -52.3 55.8 28 -49.2 51.5 28 -55.7 54.2 28 -54.2
4 16 55.8 32 -49.2 55.5 32 -52.3 55.5 28 -52.3 55.8 28 -49.2
4 16 55.5 32 -52.3 54.2 32 -54.2 54.2 28 -54.2 55.5 28 -52.3
4 16 54.2 32 -54.2 51.5 32 -55.7 51.5 28 -55.7 54.2 28 -54.2
4 16 69 32 -36.5 65.8 32 -34.4 55.8 32 -49.2 58 32 -53
3 16 55.8 32 -49.2 58 32 -53 55.5 32 -52.3
4 16 58 32 -53 55.5 32 -52.3 54.2 32 -54.2 56 32 -56
3 16 56 32 -56 54.2 32 -54.2 51.5 32 -55.7
4 16 56 32 -56 51.5 32 -55.7 48 32 -61 50.6 32 -64
0
2 24 75.6 32 -26.5 76.9 28 -27.4
2 24 76.9 28 -27.4 70.3 28 -37.4
2 24 69 32 -36.5 70.3 28 -37.4
2 24 69 32 -36.5 50.6 32 -64.1
2 24 52.5 28 -64.6 46 28 -74.4
2 24 50.6 32 -64.1 52.5 28 -64.6
2 24 50 28 -64 52.5 28 -64.6
2 24 50 32 -64 50.6 32 -64.1
2 24 50 32 -64 47.7 32 -64.5
2 24 50 28 -64 47.7 28 -64.5
2 24 47.7 28 -64.5 45.8 28 -65.8
2 24 47.7 32 -64.5 45.8 32 -65.8
2 24 45.8 32 -65.8 44.4 32 -67.7
2 24 45.8 28 -65.8 44.4 28 -67.7
2 24 44.4 28 -67.7 44 28 -70
2 24 44.4 32 -67.7 44 32 -70
2 24 44 32 -70 44.5 32 -72.3
2 24 44 28 -70 44.5 28 -72.3
2 24 44.5 28 -72.3 46 28 -74.4
2 24 44.5 32 -72.3 44.8 32 -72.8
2 24 46 28 -74.4 44.8 32 -72.8
2 24 44.8 32 -72.8 40 32 -80
2 24 80 32 -20 75.6 32 -26.5
2 24 75.6 32 -26.5 72.4 32 -24.4
2 24 72.4 28 -24.4 76.9 28 -27.4
2 24 72.4 28 -24.4 72.4 32 -24.4
2 24 72.4 32 -24.4 76 32 -19
2 24 72.4 28 -24.4 76 28 -19
2 24 69 32 -36.5 65.8 32 -34.4
2 24 65.8 28 -34.4 70.3 28 -37.4
2 24 65.8 28 -34.4 65.8 32 -34.4
2 24 65.8 32 -34.4 62.7 32 -39
2 24 65.8 28 -34.4 62.7 28 -39
2 24 61.4 32 -41 55.8 32 -49.2
2 24 61.4 28 -41 55.8 28 -49.2
2 24 55.8 32 -49.2 55.8 28 -49.2
2 24 51.5 32 -55.7 41 32 -71.5
2 24 51.5 28 -55.7 41 28 -71.5
2 24 51.5 32 -55.7 51.5 28 -55.7
2 24 55.8 32 -49.2 55.5 32 -52.3
2 24 55.8 28 -49.2 55.5 28 -52.3
2 24 55.5 32 -52.3 54.2 32 -54.2
2 24 55.5 28 -52.3 54.2 28 -54.2
2 24 54.2 32 -54.2 51.5 32 -55.7
2 24 54.2 28 -54.2 51.5 28 -55.7
0
3 16 -100 -12 -20 -40 -12 -120 -81.818 28 -20
3 16 -40 -12 -120 -40 28 -83.636 -81.818 28 -20
3 16 -80 32 -20 -75.6 32 -26.5 -76.9 28 -27.4
3 16 -81.818 28 -20 -80 32 -20 -76.9 28 -27.4
3 16 -69 32 -36.5 -52.5 28 -64.6 -50.6 32 -64.1
3 16 -69 32 -36.5 -70.3 28 -37.4 -52.5 28 -64.6
4 16 -64 28 -37 -70.3 28 -37.4 -76.9 28 -27.4 -74 28 -22
4 16 -42 28 -71 -46 28 -74.4 -52.5 28 -64.6 -48 28 -62
4 16 -50 28 -64 -50 32 -64 -50.6 32 -64.1 -50.6 28 -64.1
3 16 -50.6 28 -64.1 -50.6 32 -64.1 -52.5 28 -64.6
4 16 -50 32 -64 -50 28 -64 -47.7 28 -64.5 -47.7 32 -64.5
4 16 -47.7 28 -64.5 -47.7 32 -64.5 -45.8 32 -65.8 -45.8 28 -65.8
4 16 -45.8 32 -65.8 -45.8 28 -65.8 -44.4 28 -67.7 -44.4 32 -67.7
4 16 -44.4 28 -67.7 -44.4 32 -67.7 -44 32 -70 -44 28 -70
4 16 -44 32 -70 -44 28 -70 -44.5 28 -72.3 -44.5 32 -72.3
4 16 -44.5 28 -72.3 -44.5 32 -72.3 -44.8 32 -72.8 -44.8 28 -72.8
3 16 -44.8 28 -72.8 -44.8 32 -72.8 -46 28 -74.4
3 16 -44.8 32 -72.8 -40 28 -83.6 -40 32 -80
3 16 -44.8 32 -72.8 -46 28 -74.4 -40 28 -83.6
3 16 -48 32 -61 -50 32 -64 -50.6 32 -64.1
3 16 -48 32 -61 -50 32 -64 -47.7 32 -64.5
4 16 -48 32 -61 -47.7 32 -64.5 -45.8 32 -65.8 -46 32 -64
4 16 -46 32 -64 -45.8 32 -65.8 -44.4 32 -67.7 -44 32 -67
4 16 -40 32 -73 -44 32 -67 -44.4 32 -67.7 -44 32 -70
3 16 -40 32 -73 -44 32 -70 -44.5 32 -72.3
3 16 -40 32 -73 -44.5 32 -72.3 -44.8 32 -72.8
4 16 -40 32 -73 -44.8 32 -72.8 -40 32 -80 -38 32 -76
4 16 -80 32 -20 -76 32 -19 -72.4 32 -24.4 -75.6 32 -26.5
4 16 -76 32 -19 -72.4 32 -24.4 -72.4 28 -24.4 -76 28 -19
4 16 -72.4 32 -24.4 -72.4 28 -24.4 -75.6 28 -26.5 -75.6 32 -26.5
3 16 -75.6 28 -26.5 -76.9 28 -27.4 -75.6 32 -26.5
4 16 -69 32 -36.5 -65.8 32 -34.4 -65.8 28 -34.4 -69 28 -36.5
3 16 -69 32 -36.5 -69 28 -36.5 -70.3 28 -37.4
4 16 -65.8 28 -34.4 -65.8 32 -34.4 -55.8 32 -49.2 -55.8 28 -49.2
4 16 -51.5 32 -55.7 -42 32 -70 -42 28 -70 -51.5 28 -55.7
4 16 -55.5 28 -52.3 -55.8 28 -49.2 -51.5 28 -55.7 -54.2 28 -54.2
4 16 -55.8 32 -49.2 -55.5 32 -52.3 -55.5 28 -52.3 -55.8 28 -49.2
4 16 -55.5 32 -52.3 -54.2 32 -54.2 -54.2 28 -54.2 -55.5 28 -52.3
4 16 -54.2 32 -54.2 -51.5 32 -55.7 -51.5 28 -55.7 -54.2 28 -54.2
4 16 -69 32 -36.5 -65.8 32 -34.4 -55.8 32 -49.2 -58 32 -53
3 16 -55.8 32 -49.2 -58 32 -53 -55.5 32 -52.3
4 16 -58 32 -53 -55.5 32 -52.3 -54.2 32 -54.2 -56 32 -56
3 16 -56 32 -56 -54.2 32 -54.2 -51.5 32 -55.7
4 16 -56 32 -56 -51.5 32 -55.7 -48 32 -61 -50.6 32 -64
0
2 24 -75.6 32 -26.5 -76.9 28 -27.4
2 24 -76.9 28 -27.4 -70.3 28 -37.4
2 24 -69 32 -36.5 -70.3 28 -37.4
2 24 -69 32 -36.5 -50.6 32 -64.1
2 24 -52.5 28 -64.6 -46 28 -74.4
2 24 -50.6 32 -64.1 -52.5 28 -64.6
2 24 -50 28 -64 -52.5 28 -64.6
2 24 -50 32 -64 -50.6 32 -64.1
2 24 -50 32 -64 -47.7 32 -64.5
2 24 -50 28 -64 -47.7 28 -64.5
2 24 -47.7 28 -64.5 -45.8 28 -65.8
2 24 -47.7 32 -64.5 -45.8 32 -65.8
2 24 -45.8 32 -65.8 -44.4 32 -67.7
2 24 -45.8 28 -65.8 -44.4 28 -67.7
2 24 -44.4 28 -67.7 -44 28 -70
2 24 -44.4 32 -67.7 -44 32 -70
2 24 -44 32 -70 -44.5 32 -72.3
2 24 -44 28 -70 -44.5 28 -72.3
2 24 -44.5 28 -72.3 -46 28 -74.4
2 24 -44.5 32 -72.3 -44.8 32 -72.8
2 24 -46 28 -74.4 -44.8 32 -72.8
2 24 -44.8 32 -72.8 -40 32 -80
2 24 -80 32 -20 -75.6 32 -26.5
2 24 -75.6 32 -26.5 -72.4 32 -24.4
2 24 -72.4 28 -24.4 -76.9 28 -27.4
2 24 -72.4 28 -24.4 -72.4 32 -24.4
2 24 -72.4 32 -24.4 -76 32 -19
2 24 -72.4 28 -24.4 -76 28 -19
2 24 -69 32 -36.5 -65.8 32 -34.4
2 24 -65.8 28 -34.4 -70.3 28 -37.4
2 24 -65.8 28 -34.4 -65.8 32 -34.4
2 24 -65.8 32 -34.4 -62.7 32 -39
2 24 -65.8 28 -34.4 -62.7 28 -39
2 24 -61.4 32 -41 -55.8 32 -49.2
2 24 -61.4 28 -41 -55.8 28 -49.2
2 24 -55.8 32 -49.2 -55.8 28 -49.2
2 24 -51.5 32 -55.7 -41 32 -71.5
2 24 -51.5 28 -55.7 -41 28 -71.5
2 24 -51.5 32 -55.7 -51.5 28 -55.7
2 24 -55.8 32 -49.2 -55.5 32 -52.3
2 24 -55.8 28 -49.2 -55.5 28 -52.3
2 24 -55.5 32 -52.3 -54.2 32 -54.2
2 24 -55.5 28 -52.3 -54.2 28 -54.2
2 24 -54.2 32 -54.2 -51.5 32 -55.7
2 24 -54.2 28 -54.2 -51.5 28 -55.7
0
0
2 24 76 32 20 76 32 1
2 24 76 32 -1 76 32 -19
2 24 76 28 20 76 32 20
2 24 76 28 20 76 28 1
2 24 76 28 -1 76 28 -19
2 24 -76 32 20 -76 32 1
2 24 -76 32 -1 -76 32 -19
2 24 -76 28 20 -76 32 20
2 24 -76 28 20 -76 28 1
2 24 -76 28 -1 -76 28 -19
2 24 76 28 20 71.5 28 20
2 24 68.5 28 20 51.5 28 20
2 24 48.5 28 20 41 28 20
2 24 41 28 20 41 32 20
2 24 39 28 20 39 32 20
2 24 39 28 20 31.5 28 20
2 24 28.5 28 20 11.5 28 20
2 24 8.5 28 20 1 28 20
2 24 1 28 20 1 32 20
2 24 -76 28 20 -71.5 28 20
2 24 -68.5 28 20 -51.5 28 20
2 24 -48.5 28 20 -41 28 20
2 24 -41 28 20 -41 32 20
2 24 -39 28 20 -39 32 20
2 24 -39 28 20 -31.5 28 20
2 24 -28.5 28 20 -11.5 28 20
2 24 -8.5 28 20 -1 28 20
2 24 -1 28 20 -1 32 20
2 24 76 32 20 -76 32 20
2 24 76 28 1 76 32 1
2 24 76 28 -1 76 32 -1
2 24 -76 28 1 -76 32 1
2 24 -76 28 -1 -76 32 -1
2 24 76 28 -19 76 32 -19
2 24 -76 28 -19 -76 32 -19
2 24 38 28 -76 1 28 -76
2 24 -38 28 -76 -1 28 -76
2 24 38 32 -76 1 32 -76
2 24 -38 32 -76 -1 32 -76
2 24 38 28 -76 38 32 -76
2 24 -38 28 -76 -38 32 -76
2 24 80 32 40 80 32 -20
2 24 -80 32 40 -80 32 -20
2 24 40 32 -80 -40 32 -80
2 24 80 32 40 100 -12 40
2 24 -80 32 40 -100 -12 40
2 24 100 -12 40 100 -16 40
2 24 -100 -12 40 -100 -16 40
2 24 100 -12 40 100 -12 -20
2 24 -100 -12 40 -100 -12 -20
2 24 100 -16 40 100 -16 -20
2 24 -100 -16 40 -100 -16 -20
2 24 80 32 -20 100 -12 -20
2 24 -80 32 -20 -100 -12 -20
2 24 100 -12 -20 100 -21 -20
2 24 -100 -12 -20 -100 -21 -20
2 24 100 -12 -20 40 -12 -120
2 24 -100 -12 -20 -40 -12 -120
2 24 40 -12 -120 -40 -12 -120
2 24 98.2 -24 -23 40 -24 -120
2 24 -98.2 -24 -23 -40 -24 -120
2 24 98.2 -24 -23 100 -21 -20
2 24 -98.2 -24 -23 -100 -21 -20
2 24 98.2 -24 -23 94.125 -24 -23
2 24 -98.2 -24 -23 -94.125 -24 -23
2 24 94.125 -24 -23 96 -21 -20
2 24 -94.125 -24 -23 -96 -21 -20
2 24 100 -21 -20 96 -21 -20
2 24 -100 -21 -20 -96 -21 -20
2 24 96 -21 -20 96 -16 -20
2 24 -96 -21 -20 -96 -16 -20
2 24 100 -16 -20 80 -16 -20
2 24 -100 -16 -20 -80 -16 -20
2 24 40 -24 -120 -40 -24 -120
2 24 40 32 -80 40 -12 -120
2 24 -40 32 -80 -40 -12 -120
2 24 40 -12 -120 40 -24 -120
2 24 -40 -12 -120 -40 -24 -120
2 24 76 32 24 -76 32 24
2 24 76 32 36 -76 32 36
2 24 76 4 24 -76 4 24
2 24 76 4 36 -76 4 36
2 24 76 4 24 76 4 36
2 24 -76 4 24 -76 4 36
2 24 76 32 24 76 4 24
2 24 -76 32 24 -76 4 24
2 24 76 32 36 76 4 36
2 24 -76 32 36 -76 4 36
2 24 76 32 24 76 32 36
2 24 -76 32 24 -76 32 36
2 24 80 32 40 -80 32 40
0
1 16 10 30 20 1.5 0 0 0 0 2 0 -4 0 box4-1.dat
1 16 -10 30 20 1.5 0 0 0 0 2 0 -4 0 box4-1.dat
1 16 30 30 20 1.5 0 0 0 0 2 0 -4 0 box4-1.dat
1 16 -30 30 20 1.5 0 0 0 0 2 0 -4 0 box4-1.dat
1 16 50 30 20 1.5 0 0 0 0 2 0 -4 0 box4-1.dat
1 16 -50 30 20 1.5 0 0 0 0 2 0 -4 0 box4-1.dat
1 16 70 30 20 1.5 0 0 0 0 2 0 -4 0 box4-1.dat
1 16 -70 30 20 1.5 0 0 0 0 2 0 -4 0 box4-1.dat
1 16 0 4 30 1 0 0 0 -7 0 0 0 1 stud3.dat
1 16 20 4 30 1 0 0 0 -7 0 0 0 1 stud3.dat
1 16 -20 4 30 1 0 0 0 -7 0 0 0 1 stud3.dat
1 16 40 4 30 1 0 0 0 -7 0 0 0 1 stud3.dat
1 16 -40 4 30 1 0 0 0 -7 0 0 0 1 stud3.dat
1 16 60 4 30 1 0 0 0 -7 0 0 0 1 stud3.dat
1 16 -60 4 30 1 0 0 0 -7 0 0 0 1 stud3.dat
1 16 20 28 0 12.2 0 0 0 4 0 0 0 1 box3u8p.dat
1 16 -20 28 0 12.2 0 0 0 4 0 0 0 1 box3u8p.dat
1 16 61.9 28 0 14.1 0 0 0 4 0 0 0 1 box3u8p.dat
1 16 -61.9 28 0 14.1 0 0 0 4 0 0 0 1 box3u8p.dat
1 16 20 28 -40 12.2 0 0 0 4 0 0 0 1 box3u8p.dat
1 16 -20 28 -40 12.2 0 0 0 4 0 0 0 1 box3u8p.dat
1 16 0 28 -20 0 0 -1 0 4 0 12.2 0 0 box3u8p.dat
1 16 40 28 -20 0 0 -1 0 4 0 12.2 0 0 box3u8p.dat
1 16 -40 28 -20 0 0 -1 0 4 0 12.2 0 0 box3u8p.dat
1 16 0 28 -61.9 0 0 -1 0 4 0 14.1 0 0 box3u8p.dat
1 16 0 28 13.9 0 0 -1 0 4 0 6.1 0 0 box3u8p.dat
1 16 40 28 13.9 0 0 -1 0 4 0 6.1 0 0 box3u8p.dat
1 16 -40 28 13.9 0 0 -1 0 4 0 6.1 0 0 box3u8p.dat
2 24 7.6 28 1 7.6 32 1
2 24 7.6 28 -1 7.6 32 -1
2 24 32.4 28 1 32.4 32 1
2 24 32.4 28 -1 32.4 32 -1
2 24 -7.6 28 1 -7.6 32 1
2 24 -7.6 28 -1 -7.6 32 -1
2 24 -32.4 28 1 -32.4 32 1
2 24 -32.4 28 -1 -32.4 32 -1
2 24 47.6 28 1 47.6 32 1
2 24 47.6 28 -1 47.6 32 -1
2 24 -47.6 28 1 -47.6 32 1
2 24 -47.6 28 -1 -47.6 32 -1
2 24 7.6 28 -39 7.6 32 -39
2 24 7.6 28 -41 7.6 32 -41
2 24 32.4 28 -39 32.4 32 -39
2 24 32.4 28 -41 32.4 32 -41
2 24 -7.6 28 -39 -7.6 32 -39
2 24 -7.6 28 -41 -7.6 32 -41
2 24 -32.4 28 -39 -32.4 32 -39
2 24 -32.4 28 -41 -32.4 32 -41
2 24 1 28 -7.6 1 32 -7.6
2 24 -1 28 -7.6 -1 32 -7.6
2 24 1 28 -32.4 1 32 -32.4
2 24 -1 28 -32.4 -1 32 -32.4
2 24 39 28 -7.6 39 32 -7.6
2 24 41 28 -7.6 41 32 -7.6
2 24 39 28 -32.4 39 32 -32.4
2 24 41 28 -32.4 41 32 -32.4
2 24 -39 28 -7.6 -39 32 -7.6
2 24 -41 28 -7.6 -41 32 -7.6
2 24 -39 28 -32.4 -39 32 -32.4
2 24 -41 28 -32.4 -41 32 -32.4
2 24 1 28 -47.6 1 32 -47.6
2 24 -1 28 -47.6 -1 32 -47.6
2 24 1 28 -76 1 32 -76
2 24 -1 28 -76 -1 32 -76
0
4 16 62.7 32 -39 61.4 32 -41 47.9 32 -41 47.9 32 -39
4 16 62.7 32 -39 62.7 28 -39 47.9 28 -39 47.9 32 -39
4 16 47.8 32 -41 47.8 28 -41 61.4 28 -41 61.4 32 -41
4 16 -62.7 32 -39 -61.4 32 -41 -47.8 32 -41 -47.9 32 -39
4 16 -62.7 32 -39 -62.7 28 -39 -47.8 28 -39 -47.9 32 -39
4 16 -47.9 32 -41 -47.9 28 -41 -61.4 28 -41 -61.4 32 -41
4 16 41 32 -47.8 39 32 -47.8 39 32 -74.5 41 32 -71.5
4 16 41 32 -47.8 41 28 -47.8 41 28 -71.5 41 32 -71.5
4 16 39 32 -74.5 39 28 -74.5 39 28 -47.8 39 32 -47.8
4 16 -41 32 -47.8 -39 32 -47.8 -39 32 -74.5 -41 32 -71.5
4 16 -41 32 -47.8 -41 28 -47.8 -41 28 -71.5 -41 32 -71.5
4 16 -39 32 -74.5 -39 28 -74.5 -39 28 -47.8 -39 32 -47.8
4 16 39 32 -74.5 38 32 -76 38 28 -76 39 28 -74.5
4 16 -39 32 -74.5 -38 32 -76 -38 28 -76 -39 28 -74.5
2 24 62.7 32 -39 47.9 32 -39
2 24 47.9 32 -41 61.4 32 -41
2 24 62.7 28 -39 47.8 28 -39
2 24 47.8 28 -41 61.4 28 -41
2 24 62.7 32 -39 62.7 28 -39
2 24 47.8 32 -39 47.8 28 -39
2 24 61.4 32 -41 61.4 28 -41
2 24 47.8 32 -41 47.8 28 -41
2 24 -62.7 32 -39 -47.8 32 -39
2 24 -47.8 32 -41 -61.4 32 -41
2 24 -62.7 28 -39 -47.8 28 -39
2 24 -47.8 28 -41 -61.4 28 -41
2 24 -62.7 32 -39 -62.7 28 -39
2 24 -47.8 32 -39 -47.8 28 -39
2 24 -61.4 32 -41 -61.4 28 -41
2 24 -47.8 32 -41 -47.8 28 -41
2 24 41 32 -47.6 41 32 -71.5
2 24 39 32 -74.5 39 32 -47.6
2 24 41 28 -47.6 41 28 -71.5
2 24 39 28 -74.5 39 28 -47.6
2 24 39 32 -74.5 39 28 -74.5
2 24 39 32 -47.6 39 28 -47.6
2 24 41 32 -47.6 41 28 -47.6
2 24 41 32 -71.5 41 28 -71.5
2 24 39 32 -74.5 38 32 -76
2 24 39 28 -74.5 38 28 -76
2 24 39 32 -74.5 38 28 -74.5
2 24 -41 32 -47.6 -41 32 -71.5
2 24 -39 32 -74.5 -39 32 -47.6
2 24 -41 28 -47.6 -41 28 -71.5
2 24 -39 28 -74.5 -39 28 -47.6
2 24 -39 32 -47.6 -39 28 -47.6
2 24 -41 32 -47.6 -41 28 -47.6
2 24 -41 32 -71.5 -41 28 -71.5
2 24 -39 32 -74.5 -38 32 -76
2 24 -39 28 -74.5 -38 28 -76
2 24 -39 32 -74.5 -39 28 -74.5
2 24 1 32 7.6 1 28 7.6
2 24 -1 32 7.6 -1 28 7.6
2 24 41 32 7.6 41 28 7.6
2 24 39 32 7.6 39 28 7.6
2 24 -41 32 7.6 -41 28 7.6
2 24 -39 32 7.6 -39 28 7.6
0
0
0 inside canopy
4 16 80 24 20 80 24 -20 -80 24 -20 -80 24 20
4 16 38 24 -20 38 24 -84 -38 24 -84 -38 24 -20
3 16 80 24 -20 38 24 -84 38 24 -20
3 16 -80 24 -20 -38 24 -84 -38 24 -20
4 16 80 24 -20 38 24 -84 38 20 -84 80 20 -20
4 16 -80 24 -20 -38 24 -84 -38 20 -84 -80 20 -20
4 16 38 24 -84 -38 24 -84 -38 20 -84 38 20 -84
3 16 80 20 -20 38 20 -84 38 -12 -116
3 16 80 20 -20 38 -12 -116 96 -12 -20
4 16 38 20 -84 38 -12 -116 -38 -12 -116 -38 20 -84
3 16 -80 20 -20 -38 20 -84 -38 -12 -116
3 16 -80 20 -20 -38 -12 -116 -96 -12 -20
4 16 80 20 -20 80 -16 -20 96 -16 -20 96 -12 -20
4 16 -80 20 -20 -80 -16 -20 -96 -16 -20 -96 -12 -20
4 16 80 24 -20 80 24 20 80 -16 20 80 -16 -20
4 16 -80 24 -20 -80 24 20 -80 -16 20 -80 -16 -20
4 16 80 24 20 -80 24 20 -80 0 20 80 0 20
4 16 80 0 20 80 0 40 -80 0 40 -80 0 20
4 16 80 0 20 80 0 40 80 -16 40 80 -16 20
4 16 -80 0 20 -80 0 40 -80 -16 40 -80 -16 20
4 16 96 -12 -20 96 -21 -20 94.125 -24 -23 94.125 -12 -23
4 16 -96 -12 -20 -96 -21 -20 -94.125 -24 -23 -94.125 -12 -23
4 16 94.125 -12 -23 38 -12 -116 38 -24 -116 94.125 -24 -23
4 16 -94.125 -12 -23 -38 -12 -116 -38 -24 -116 -94.125 -24 -23
4 16 38 -12 -116 38 -24 -116 -38 -24 -116 -38 -12 -116
4 16 96 -16 -20 96 -21 -20 100 -21 -20 100 -16 -20
4 16 -96 -16 -20 -96 -21 -20 -100 -21 -20 -100 -16 -20
4 16 96 -21 -20 100 -21 -20 98.2 -24 -23 94.125 -24 -23
4 16 -96 -21 -20 -100 -21 -20 -98.2 -24 -23 -94.125 -24 -23
4 16 98.2 -24 -23 40 -24 -120 38 -24 -116 94.125 -24 -23
4 16 -98.2 -24 -23 -40 -24 -120 -38 -24 -116 -94.125 -24 -23
4 16 40 -24 -120 -40 -24 -120 -38 -24 -116 38 -24 -116
4 16 100 -16 -20 100 -16 40 97 -16 37 97 -16 -17
4 16 -100 -16 -20 -100 -16 40 -97 -16 37 -97 -16 -17
4 16 80 -16 -20 80 -16 40 83 -16 37 83 -16 -17
4 16 -80 -16 -20 -80 -16 40 -83 -16 37 -83 -16 -17
4 16 100 -16 -20 80 -16 -20 83 -16 -17 97 -16 -17
4 16 -100 -16 -20 -80 -16 -20 -83 -16 -17 -97 -16 -17
4 16 100 -16 40 80 -16 40 83 -16 37 97 -16 37
4 16 -100 -16 40 -80 -16 40 -83 -16 37 -97 -16 37
4 16 97 -16 -17 97 -14 -17 97 -14 37 97 -16 37
4 16 -97 -16 -17 -97 -14 -17 -97 -14 37 -97 -16 37
4 16 97 -14 37 97 -14 -17 84 14.6 -17 84 14.6 37
4 16 -97 -14 37 -97 -14 -17 -84 14.6 -17 -84 14.6 37
4 16 83 -16 -17 83 -16 37 83 14.6 37 83 14.6 -17
4 16 -83 -16 -17 -83 -16 37 -83 14.6 37 -83 14.6 -17
4 16 83 14.6 -17 83 14.6 37 84 14.6 37 84 14.6 -17
4 16 -83 14.6 -17 -83 14.6 37 -84 14.6 37 -84 14.6 -17
4 16 83 14.6 -17 84 14.6 -17 97 -14 -17 83 -14 -17
4 16 -83 14.6 -17 -84 14.6 -17 -97 -14 -17 -83 -14 -17
4 16 83 14.6 37 84 14.6 37 97 -14 37 83 -14 37
4 16 -83 14.6 37 -84 14.6 37 -97 -14 37 -83 -14 37
4 16 83 14 -17 84 14 -17 97 -16 -17 83 -16 -17
4 16 -83 14 -17 -84 14 -17 -97 -16 -17 -83 -16 -17
4 16 83 14 37 84 14 37 97 -16 37 83 -16 37
4 16 -83 14 37 -84 14 37 -97 -16 37 -83 -16 37
0
2 24 80 0 20 -80 0 20
2 24 80 24 20 -80 24 20
2 24 80 24 20 80 24 -20
2 24 -80 24 20 -80 24 -20
2 24 80 24 -20 38 24 -84
2 24 -80 24 -20 -38 24 -84
2 24 38 24 -84 -38 24 -84
2 24 80 20 -20 38 20 -84
2 24 -80 20 -20 -38 20 -84
2 24 38 20 -84 -38 20 -84
2 24 38 24 -84 38 20 -84
2 24 -38 24 -84 -38 20 -84
2 24 38 20 -84 38 -12 -116
2 24 -38 20 -84 -38 -12 -116
2 24 38 -12 -116 38 -24 -116
2 24 -38 -12 -116 -38 -24 -116
2 24 96 -12 -20 38 -12 -116
2 24 -96 -12 -20 -38 -12 -116
2 24 38 -12 -116 -38 -12 -116
2 24 94.125 -24 -23 38 -24 -116
2 24 -94.125 -24 -23 -38 -24 -116
2 24 38 -24 -116 -38 -24 -116
2 24 80 24 -20 80 -16 -20
2 24 -80 24 -20 -80 -16 -20
2 24 80 -16 -20 80 -16 40
2 24 -80 -16 -20 -80 -16 40
2 24 80 -16 40 100 -16 40
2 24 -80 -16 40 -100 -16 40
2 24 80 -16 40 80 0 40
2 24 -80 -16 40 -80 0 40
2 24 80 0 40 60 0 40
2 24 -80 0 40 -60 0 40
2 24 80 20 -20 96 -12 -20
2 24 -80 20 -20 -96 -12 -20
2 24 80 0 20 80 24 20
2 24 -80 0 20 -80 24 20
2 24 80 0 20 80 0 40
2 24 -80 0 20 -80 0 40
2 24 96 -12 -20 96 -16 -20
2 24 -96 -12 -20 -96 -16 -20
2 24 97 -16 -17 97 -16 37
2 24 -97 -16 -17 -97 -16 37
2 24 83 -16 -17 83 -16 37
2 24 -83 -16 -17 -83 -16 37
2 24 83 -16 -17 97 -16 -17
2 24 -83 -16 -17 -97 -16 -17
2 24 83 -16 37 97 -16 37
2 24 -83 -16 37 -97 -16 37
2 24 83 -16 37 83 14.6 37
2 24 -83 -16 37 -83 14.6 37
2 24 83 -16 -17 83 14.6 -17
2 24 -83 -16 -17 -83 14.6 -17
2 24 83 14.6 -17 83 14.6 37
2 24 -83 14.6 -17 -83 14.6 37
2 24 84 14.6 -17 84 14.6 37
2 24 -84 14.6 -17 -84 14.6 37
2 24 83 14.6 -17 84 14.6 -17
2 24 -83 14.6 -17 -84 14.6 -17
2 24 83 14.6 37 84 14.6 37
2 24 -83 14.6 37 -84 14.6 37
2 24 84 14.6 -17 97 -16 -17
2 24 -84 14.6 -17 -97 -16 -17
2 24 84 14.6 37 97 -16 37
2 24 -84 14.6 37 -97 -16 37
0
0 back pieces
4 16 60 0 40 40 0 60 -40 0 60 -60 0 40
4 16 40 0 60 40 24 60 -40 24 60 -40 0 60
4 16 60 0 40 60 0 120 40 0 120 40 0 60
4 16 -60 0 40 -60 0 120 -40 0 120 -40 0 60
4 16 60 0 40 60 0 120 60 24 120 60 24 40
4 16 -60 0 40 -60 0 120 -60 24 120 -60 24 40
4 16 40 0 60 40 0 120 40 24 120 40 24 60
4 16 -40 0 60 -40 0 120 -40 24 120 -40 24 60
4 16 60 0 120 40 0 120 40 24 120 60 24 120
4 16 -60 0 120 -40 0 120 -40 24 120 -60 24 120
4 16 60 24 40 60 24 120 56 24 116 56 24 40
4 16 -60 24 40 -60 24 120 -56 24 116 -56 24 40
4 16 60 24 120 40 24 120 44 24 116 56 24 116
4 16 -60 24 120 -40 24 120 -44 24 116 -56 24 116
4 16 40 24 120 40 24 40 44 24 40 44 24 116
4 16 -40 24 120 -40 24 40 -44 24 40 -44 24 116
4 16 40 24 56 40 24 60 -40 24 60 -40 24 56
4 16 56 24 40 56 4 40 56 4 116 56 24 116
4 16 -56 24 40 -56 4 40 -56 4 116 -56 24 116
4 16 56 24 116 56 4 116 44 4 116 44 24 116
4 16 -56 24 116 -56 4 116 -44 4 116 -44 24 116
4 16 44 24 116 44 4 116 44 4 40 44 24 40
4 16 -44 24 116 -44 4 116 -44 4 40 -44 24 40
4 16 40 24 40 40 4 40 40 4 56 40 24 56
4 16 -40 24 40 -40 4 40 -40 4 56 -40 24 56
4 16 40 24 56 40 4 56 -40 4 56 -40 24 56 
4 16 56 4 40 56 4 116 44 4 116 44 4 40
4 16 -56 4 40 -56 4 116 -44 4 116 -44 4 40
4 16 40 4 40 40 4 56 -40 4 56 -40 4 40
0
2 24 60 0 40 60 0 120
2 24 -60 0 40 -60 0 120
2 24 60 0 120 40 0 120
2 24 -60 0 120 -40 0 120
2 24 40 0 120 40 0 60
2 24 -40 0 120 -40 0 60
2 24 40 0 60 -40 0 60
2 24 60 0 40 60 24 40
2 24 -60 0 40 -60 24 40
2 24 60 0 120 60 24 120
2 24 -60 0 120 -60 24 120
2 24 40 0 120 40 24 120
2 24 -40 0 120 -40 24 120
2 24 40 0 60 40 24 60
2 24 -40 0 60 -40 24 60
2 24 60 24 40 60 24 120
2 24 -60 24 40 -60 24 120
2 24 60 24 120 40 24 120
2 24 -60 24 120 -40 24 120
2 24 40 24 120 40 24 60
2 24 -40 24 120 -40 24 60
2 24 40 24 60 -40 24 60
2 24 56 24 40 56 24 116
2 24 -56 24 40 -56 24 116
2 24 56 24 116 44 24 116
2 24 -56 24 116 -44 24 116
2 24 44 24 116 44 24 40
2 24 -44 24 116 -44 24 40
2 24 44 24 40 40 24 40
2 24 -44 24 40 -40 24 40
2 24 56 24 40 60 24 40
2 24 -56 24 40 -60 24 40
2 24 40 24 40 40 24 56
2 24 -40 24 40 -40 24 56
2 24 40 24 56 -40 24 56
2 24 56 4 40 56 4 116
2 24 -56 4 40 -56 4 116
2 24 56 4 116 44 4 116
2 24 -56 4 116 -44 4 116
2 24 44 4 116 44 4 40
2 24 -44 4 116 -44 4 40
2 24 44 4 40 48.5 4 40
2 24 51.5 4 40 56 4 40
2 24 40 4 40 31.5 4 40
2 24 28.5 4 40 11.5 4 40
2 24 8.5 4 40 -8.5 4 40
2 24 -28.5 4 40 -11.5 4 40
2 24 -40 4 40 -31.5 4 40
2 24 -44 4 40 -48.5 4 40
2 24 -51.5 4 40 -56 4 40
2 24 40 4 40 40 4 48.5
2 24 40 4 51.5 40 4 56
2 24 -40 4 40 -40 4 48.5
2 24 -40 4 51.5 -40 4 56
2 24 40 4 56 -40 4 56
2 24 56 4 40 56 24 40
2 24 -56 4 40 -56 24 40
2 24 56 4 116 56 24 116
2 24 -56 4 116 -56 24 116
2 24 44 4 116 44 24 116
2 24 -44 4 116 -44 24 116
2 24 44 4 40 44 24 40
2 24 -44 4 40 -44 24 40
2 24 40 4 40 40 24 40
2 24 -40 4 40 -40 24 40
2 24 40 4 56 40 24 56
2 24 -40 4 56 -40 24 56
0
0 studs and stuff
0
1 16 10 14 40 1.5 0 0 0 0 10 0 4 0 box4-1.dat
1 16 -10 14 40 1.5 0 0 0 0 10 0 4 0 box4-1.dat
1 16 30 14 40 1.5 0 0 0 0 10 0 4 0 box4-1.dat
1 16 -30 14 40 1.5 0 0 0 0 10 0 4 0 box4-1.dat
1 16 50 14 40 1.5 0 0 0 0 10 0 4 0 box4-1.dat
1 16 -50 14 40 1.5 0 0 0 0 10 0 4 0 box4-1.dat
1 16 40 14 50 0 -4 0 0 0 10 1.5 0 0 box4-1.dat
1 16 -40 14 50 0 4 0 0 0 10 1.5 0 0 box4-1.dat
1 16 0 4 50 1 0 0 0 -5 0 0 0 1 stud3.dat
1 16 20 4 50 1 0 0 0 -5 0 0 0 1 stud3.dat
1 16 -20 4 50 1 0 0 0 -5 0 0 0 1 stud3.dat
1 16 50 4 60 1 0 0 0 -5 0 0 0 1 stud3.dat
1 16 -50 4 60 1 0 0 0 -5 0 0 0 1 stud3.dat
1 16 50 4 80 1 0 0 0 -5 0 0 0 1 stud3.dat
1 16 -50 4 80 1 0 0 0 -5 0 0 0 1 stud3.dat
1 16 50 4 100 1 0 0 0 -5 0 0 0 1 stud3.dat
1 16 -50 4 100 1 0 0 0 -5 0 0 0 1 stud3.dat
1 16 50 0 110 0 0 -1 0 1 0 1 0 0 stud.dat
1 16 -50 0 110 0 0 -1 0 1 0 1 0 0 stud.dat
1 16 50 0 90 0 0 -1 0 1 0 1 0 0 stud.dat
1 16 -50 0 90 0 0 -1 0 1 0 1 0 0 stud.dat
1 16 50 0 70 0 0 -1 0 1 0 1 0 0 stud.dat
1 16 -50 0 70 0 0 -1 0 1 0 1 0 0 stud.dat
1 16 50 0 50 0 0 -1 0 1 0 1 0 0 stud.dat
1 16 30 0 50 0 0 -1 0 1 0 1 0 0 stud.dat
1 16 10 0 50 0 0 -1 0 1 0 1 0 0 stud.dat
1 16 -10 0 50 0 0 -1 0 1 0 1 0 0 stud.dat
1 16 -30 0 50 0 0 -1 0 1 0 1 0 0 stud.dat
1 16 -50 0 50 0 0 -1 0 1 0 1 0 0 stud.dat
1 16 70 0 30 0 0 -1 0 1 0 1 0 0 stud.dat
1 16 50 0 30 0 0 -1 0 1 0 1 0 0 stud.dat
1 16 30 0 30 0 0 -1 0 1 0 1 0 0 stud.dat
1 16 10 0 30 0 0 -1 0 1 0 1 0 0 stud.dat
1 16 -10 0 30 0 0 -1 0 1 0 1 0 0 stud.dat
1 16 -30 0 30 0 0 -1 0 1 0 1 0 0 stud.dat
1 16 -50 0 30 0 0 -1 0 1 0 1 0 0 stud.dat
1 16 -70 0 30 0 0 -1 0 1 0 1 0 0 stud.dat
1 16 70 24 10 0 0 -1 0 1 0 1 0 0 stud.dat
1 16 50 24 10 0 0 -1 0 1 0 1 0 0 stud.dat
1 16 30 24 10 0 0 -1 0 1 0 1 0 0 stud.dat
1 16 10 24 10 0 0 -1 0 1 0 1 0 0 stud.dat
1 16 -10 24 10 0 0 -1 0 1 0 1 0 0 stud.dat
1 16 -30 24 10 0 0 -1 0 1 0 1 0 0 stud.dat
1 16 -50 24 10 0 0 -1 0 1 0 1 0 0 stud.dat
1 16 -70 24 10 0 0 -1 0 1 0 1 0 0 stud.dat
1 16 70 24 -10 0 0 -1 0 1 0 1 0 0 stud.dat
1 16 50 24 -10 0 0 -1 0 1 0 1 0 0 stud.dat
1 16 30 24 -10 0 0 -1 0 1 0 1 0 0 stud.dat
1 16 10 24 -10 0 0 -1 0 1 0 1 0 0 stud.dat
1 16 -10 24 -10 0 0 -1 0 1 0 1 0 0 stud.dat
1 16 -30 24 -10 0 0 -1 0 1 0 1 0 0 stud.dat
1 16 -50 24 -10 0 0 -1 0 1 0 1 0 0 stud.dat
1 16 -70 24 -10 0 0 -1 0 1 0 1 0 0 stud.dat
1 16 50 24 -30 0 0 -1 0 1 0 1 0 0 stud.dat
1 16 30 24 -30 0 0 -1 0 1 0 1 0 0 stud.dat
1 16 10 24 -30 0 0 -1 0 1 0 1 0 0 stud.dat
1 16 -10 24 -30 0 0 -1 0 1 0 1 0 0 stud.dat
1 16 -30 24 -30 0 0 -1 0 1 0 1 0 0 stud.dat
1 16 -50 24 -30 0 0 -1 0 1 0 1 0 0 stud.dat
1 16 30 24 -50 0 0 -1 0 1 0 1 0 0 stud.dat
1 16 10 24 -50 0 0 -1 0 1 0 1 0 0 stud.dat
1 16 -10 24 -50 0 0 -1 0 1 0 1 0 0 stud.dat
1 16 -30 24 -50 0 0 -1 0 1 0 1 0 0 stud.dat
1 16 30 24 -70 0 0 -1 0 1 0 1 0 0 stud.dat
1 16 10 24 -70 0 0 -1 0 1 0 1 0 0 stud.dat
1 16 -10 24 -70 0 0 -1 0 1 0 1 0 0 stud.dat
1 16 -30 24 -70 0 0 -1 0 1 0 1 0 0 stud.dat
0
1 16 90 -16 30 1 0 0 0 1 0 0 0 1 stud2a.dat
1 16 90 -16 30 4 0 0 0 8.6 0 0 0 4 4-4cyli.dat
1 16 90 1.4 30 4 0.91 0 -8.713 0.414 0 0 0 4 4-4edge.dat
1 16 90 -7.4 30 4 0 0 0 8.8 0 0 0 4 2-4cyls.dat
1 16 90 -7.4 30 4 0 0 0 8.8 0 0 0 -4 2-4cyls.dat
1 16 90 -16 30 6 0 0 0 4.2 0 0 0 6 4-4cyli.dat
1 16 90 1.4 30 6 0.91 0 -13.07 0.414 0 0 0 6 4-4edge.dat
1 16 90 -11.8 30 6 0 0 0 13.2 0 0 0 6 2-4cyls.dat
1 16 90 -11.8 30 6 0 0 0 13.2 0 0 0 -6 2-4cyls.dat
0
1 16 -90 -16 30 1 0 0 0 1 0 0 0 1 stud2a.dat
1 16 -90 -16 30 -4 0 0 0 8.6 0 0 0 4 4-4cyli.dat
1 16 -90 1.4 30 -4 0.91 0 -8.713 0.414 0 0 0 4 4-4edge.dat
1 16 -90 -7.4 30 -4 0 0 0 8.8 0 0 0 4 2-4cyls.dat
1 16 -90 -7.4 30 -4 0 0 0 8.8 0 0 0 -4 2-4cyls.dat
1 16 -90 -16 30 -6 0 0 0 4.2 0 0 0 6 4-4cyli.dat
1 16 -90 1.4 30 -6 0.91 0 -13.07 0.414 0 0 0 6 4-4edge.dat
1 16 -90 -11.8 30 -6 0 0 0 13.2 0 0 0 6 2-4cyls.dat
1 16 -90 -11.8 30 -6 0 0 0 13.2 0 0 0 -6 2-4cyls.dat
0
1 16 90 -16 10 1 0 0 0 1 0 0 0 1 stud2a.dat
1 16 90 -16 10 4 0 0 0 8.6 0 0 0 4 4-4cyli.dat
1 16 90 1.4 10 4 0.91 0 -8.713 0.414 0 0 0 4 4-4edge.dat
1 16 90 -7.4 10 4 0 0 0 8.8 0 0 0 4 2-4cyls.dat
1 16 90 -7.4 10 4 0 0 0 8.8 0 0 0 -4 2-4cyls.dat
1 16 90 -16 10 6 0 0 0 4.2 0 0 0 6 4-4cyli.dat
1 16 90 1.4 10 6 0.91 0 -13.07 0.414 0 0 0 6 4-4edge.dat
1 16 90 -11.8 10 6 0 0 0 13.2 0 0 0 6 2-4cyls.dat
1 16 90 -11.8 10 6 0 0 0 13.2 0 0 0 -6 2-4cyls.dat
0
1 16 -90 -16 10 1 0 0 0 1 0 0 0 1 stud2a.dat
1 16 -90 -16 10 -4 0 0 0 8.6 0 0 0 4 4-4cyli.dat
1 16 -90 1.4 10 -4 0.91 0 -8.713 0.414 0 0 0 4 4-4edge.dat
1 16 -90 -7.4 10 -4 0 0 0 8.8 0 0 0 4 2-4cyls.dat
1 16 -90 -7.4 10 -4 0 0 0 8.8 0 0 0 -4 2-4cyls.dat
1 16 -90 -16 10 -6 0 0 0 4.2 0 0 0 6 4-4cyli.dat
1 16 -90 1.4 10 -6 0.91 0 -13.07 0.414 0 0 0 6 4-4edge.dat
1 16 -90 -11.8 10 -6 0 0 0 13.2 0 0 0 6 2-4cyls.dat
1 16 -90 -11.8 10 -6 0 0 0 13.2 0 0 0 -6 2-4cyls.dat
0
1 16 90 -16 -10 1 0 0 0 1 0 0 0 1 stud2a.dat
1 16 90 -16 -10 4 0 0 0 8.6 0 0 0 4 4-4cyli.dat
1 16 90 1.4 -10 4 0.91 0 -8.713 0.414 0 0 0 4 4-4edge.dat
1 16 90 -7.4 -10 4 0 0 0 8.8 0 0 0 4 2-4cyls.dat
1 16 90 -7.4 -10 4 0 0 0 8.8 0 0 0 -4 2-4cyls.dat
1 16 90 -16 -10 6 0 0 0 4.2 0 0 0 6 4-4cyli.dat
1 16 90 1.4 -10 6 0.91 0 -13.07 0.414 0 0 0 6 4-4edge.dat
1 16 90 -11.8 -10 6 0 0 0 13.2 0 0 0 6 2-4cyls.dat
1 16 90 -11.8 -10 6 0 0 0 13.2 0 0 0 -6 2-4cyls.dat
0
1 16 -90 -16 -10 1 0 0 0 1 0 0 0 1 stud2a.dat
1 16 -90 -16 -10 -4 0 0 0 8.6 0 0 0 4 4-4cyli.dat
1 16 -90 1.4 -10 -4 0.91 0 -8.713 0.414 0 0 0 4 4-4edge.dat
1 16 -90 -7.4 -10 -4 0 0 0 8.8 0 0 0 4 2-4cyls.dat
1 16 -90 -7.4 -10 -4 0 0 0 8.8 0 0 0 -4 2-4cyls.dat
1 16 -90 -16 -10 -6 0 0 0 4.2 0 0 0 6 4-4cyli.dat
1 16 -90 1.4 -10 -6 0.91 0 -13.07 0.414 0 0 0 6 4-4edge.dat
1 16 -90 -11.8 -10 -6 0 0 0 13.2 0 0 0 6 2-4cyls.dat
1 16 -90 -11.8 -10 -6 0 0 0 13.2 0 0 0 -6 2-4cyls.dat
0
1 16 0 28 0 1 0 0 0 -1 0 0 0 1 stud4.dat
1 16 40 28 0 1 0 0 0 -1 0 0 0 1 stud4.dat
1 16 -40 28 0 1 0 0 0 -1 0 0 0 1 stud4.dat
1 16 20 28 -20 1 0 0 0 -1 0 0 0 1 stud4.dat
1 16 -20 28 -20 1 0 0 0 -1 0 0 0 1 stud4.dat
1 16 60 28 -20 1 0 0 0 -1 0 0 0 1 stud4.dat
1 16 -60 28 -20 1 0 0 0 -1 0 0 0 1 stud4.dat
1 16 0 28 -40 1 0 0 0 -1 0 0 0 1 stud4.dat
1 16 40 28 -40 1 0 0 0 -1 0 0 0 1 stud4.dat
1 16 -40 28 -40 1 0 0 0 -1 0 0 0 1 stud4.dat
1 16 20 28 -60 1 0 0 0 -1 0 0 0 1 stud4.dat
1 16 -20 28 -60 1 0 0 0 -1 0 0 0 1 stud4.dat
0
