0 Flag  7 x  3 with Rod
0 Name: 30292.dat
0 Author: John Van Zwieten [jvan]
0 !LDRAW_ORG Part UPDATE 2009-02
0 !LICENSE Redistributable under CCAL version 2.0 : see CAreadme.txt

0 BFC CERTIFY CCW

0 !HISTORY 1999-03-26 [PTadmin] Official Update 1999-02
0 !HISTORY 2004-10-10 [guyvivan] Made BFC Compliant
0 !HISTORY 2004-11-06 [PTadmin] Official Update 2004-04
0 !HISTORY 2007-07-23 [PTadmin] Header formatted for Contributor Agreement
0 !HISTORY 2008-07-01 [PTadmin] Official Update 2008-01
0 !HISTORY 2008-07-07 [PTadmin] Renamed from 891
0 !HISTORY 2009-09-03 [PTadmin] Official Update 2009-02

1 16 0 -24 0 4 0 0 0 1 0 0 0 4 4-4edge.dat
1 16 0 24 0 4 0 0 0 1 0 0 0 4 4-4edge.dat
1 16 0 -24 0 -2.296 0 -5.544 0 1 0 5.544 0 -2.296 3-4edge.dat
1 16 0 24 0 -2.296 0 -5.544 0 1 0 5.544 0 -2.296 3-4edge.dat
1 16 0 -30 0 -2.296 0 -5.544 0 1 0 5.544 0 -2.296 3-4edge.dat
1 16 0 30 0 -2.296 0 -5.544 0 1 0 5.544 0 -2.296 3-4edge.dat
1 16 0 -24 0 5.544 0 -2.296 0 1 0 2.296 0 5.544 1-8edge.dat
1 16 0 24 0 5.544 0 -2.296 0 1 0 2.296 0 5.544 1-8edge.dat
1 16 0 -30 0 5.544 0 -2.296 0 1 0 2.296 0 5.544 1-8edge.dat
1 16 0 30 0 5.544 0 -2.296 0 1 0 2.296 0 5.544 1-8edge.dat
2 24 -2.3 -30 5.55 -2.3 -30 14
2 24 2.3 -30 14 2.3 -30 5.55
2 24 -2.3 -24 5.55 -2.3 -24 10
2 24 2.3 -24 10 2.3 -24 5.55
2 24 -2.3 30 5.55 -2.3 30 14
2 24 2.3 30 14 2.3 30 5.55
2 24 -2.3 24 5.55 -2.3 24 10
2 24 2.3 24 10 2.3 24 5.55
2 24 -2.3 24 5.55 -2.3 30 5.55
2 24 2.3 24 5.55 2.3 30 5.55
2 24 -2.3 -24 5.55 -2.3 -30 5.55
2 24 2.3 -24 5.55 2.3 -30 5.55
2 24 2.3 30 14 2.3 -30 14
2 24 -2.3 30 14 -2.3 -30 14
2 24 2.3 -30 14 1.5 -30 17
2 24 -2.3 -30 14 -1.5 -30 17
2 24 2.3 30 14 1.5 30 17
2 24 -2.3 30 14 -1.5 30 17
2 24 1.5 -30 17 1.5 30 17
2 24 -1.5 -30 17 -1.5 30 17
2 24 1.5 -30 17 1.5 -30 138
2 24 -1.5 -30 17 -1.5 -30 138
2 24 1.5 30 17 1.5 30 138
2 24 -1.5 30 17 -1.5 30 138
1 16 1.5 -28 138 0 1 0 -2 0 0 0 0 2 1-4edge.dat
1 16 -1.5 -28 138 0 1 0 -2 0 0 0 0 2 1-4edge.dat
1 16 1.5 28 138 0 1 0 2 0 0 0 0 2 1-4edge.dat
1 16 -1.5 28 138 0 1 0 2 0 0 0 0 2 1-4edge.dat
2 24 1.5 -28 140 1.5 28 140
2 24 -1.5 -28 140 -1.5 28 140
1 16 0 0 10 2.3 0 0 0 0 -24 0 1 0 rect.dat
1 16 0 -24 0 4 0 0 0 48 0 0 0 4 4-4cyli.dat
1 16 0 -24 0 2 0 0 0 -1 0 0 0 2 4-4ring2.dat
1 16 0 24 0 2 0 0 0 1 0 0 0 2 4-4ring2.dat
1 16 0 -30 0 6 0 0 0 1 0 0 0 6 4-4disc.dat
1 16 0 30 0 6 0 0 0 -1 0 0 0 6 4-4disc.dat
4 16 2.3 -30 5.55 2.3 -30 14 -2.3 -30 14 -2.3 -30 5.55
4 16 -2.3 -24 5.55 -2.3 -24 10 2.3 -24 10 2.3 -24 5.55
4 16 -2.3 30 5.55 -2.3 30 14 2.3 30 14 2.3 30 5.55
4 16 2.3 24 5.55 2.3 24 10 -2.3 24 10 -2.3 24 5.55
4 16 -2.3 30 5.55 -2.3 24 5.55 -2.3 24 10 -2.3 30 10
4 16 2.3 24 5.55 2.3 30 5.55 2.3 30 10 2.3 24 10
4 16 -2.3 -24 5.55 -2.3 -30 5.55 -2.3 -30 10 -2.3 -24 10
4 16 2.3 -30 5.55 2.3 -24 5.55 2.3 -24 10 2.3 -30 10
1 16 0 -24 0 -2.296 0 -5.544 0 -6 0 5.544 0 -2.296 3-4cyli.dat
1 16 0 24 0 -2.296 0 -5.544 0 6 0 5.544 0 -2.296 3-4cyli.dat
1 16 0 -24 0 5.544 0 -2.296 0 -6 0 2.296 0 5.544 1-8cyli.dat
1 16 0 24 0 5.544 0 -2.296 0 6 0 2.296 0 5.544 1-8cyli.dat
4 16 2.3 30 10 2.3 30 14 2.3 -30 14 2.3 -30 10
4 16 -2.3 -30 10 -2.3 -30 14 -2.3 30 14 -2.3 30 10
4 16 2.3 -30 14 1.5 -30 17 -1.5 -30 17 -2.3 -30 14
4 16 -2.3 30 14 -1.5 30 17 1.5 30 17 2.3 30 14
4 16 2.3 30 14 1.5 30 17 1.5 -30 17 2.3 -30 14
4 16 -2.3 -30 14 -1.5 -30 17 -1.5 30 17 -2.3 30 14
1 16 1.5 -28 138 0 -3 0 -2 0 0 0 0 2 1-4cyli.dat
1 16 1.5 28 138 0 -3 0 2 0 0 0 0 2 1-4cyli.dat
1 16 1.5 -28 138 0 -1 0 -2 0 0 0 0 2 1-4disc.dat
1 16 -1.5 -28 138 0 1 0 -2 0 0 0 0 2 1-4disc.dat
1 16 1.5 28 138 0 -1 0 2 0 0 0 0 2 1-4disc.dat
1 16 -1.5 28 138 0 1 0 2 0 0 0 0 2 1-4disc.dat
4 16 1.5 -28 140 1.5 28 140 -1.5 28 140 -1.5 -28 140
4 16 1.5 -30 17 1.5 -30 138 -1.5 -30 138 -1.5 -30 17
4 16 -1.5 30 17 -1.5 30 138 1.5 30 138 1.5 30 17
4 16 1.5 30 17 1.5 30 138 1.5 -30 138 1.5 -30 17
4 16 -1.5 -30 17 -1.5 -30 138 -1.5 30 138 -1.5 30 17
4 16 1.5 28 140 1.5 -28 140 1.5 -28 138 1.5 28 138
4 16 -1.5 -28 140 -1.5 28 140 -1.5 28 138 -1.5 -28 138
1 16 1.5 26 50 0 1 0 -1 0 0 0 0 1 4-4edge.dat
1 16 1.5 26 50 0 0.5 0 -1 0 0 0 0 1 4-8sphe.dat
1 16 1.5 26 100 0 1 0 -1 0 0 0 0 1 4-4edge.dat
1 16 1.5 26 100 0 0.5 0 -1 0 0 0 0 1 4-8sphe.dat
1 16 1.5 26 136 0 1 0 -1 0 0 0 0 1 4-4edge.dat
1 16 1.5 26 136 0 0.5 0 -1 0 0 0 0 1 4-8sphe.dat
1 16 1.5 -26 50 0 1 0 -1 0 0 0 0 1 4-4edge.dat
1 16 1.5 -26 50 0 0.5 0 -1 0 0 0 0 1 4-8sphe.dat
1 16 1.5 -26 100 0 1 0 -1 0 0 0 0 1 4-4edge.dat
1 16 1.5 -26 100 0 0.5 0 -1 0 0 0 0 1 4-8sphe.dat
1 16 1.5 -26 136 0 1 0 -1 0 0 0 0 1 4-4edge.dat
1 16 1.5 -26 136 0 0.5 0 -1 0 0 0 0 1 4-8sphe.dat
1 16 -1.5 26 50 0 -1 0 -1 0 0 0 0 1 4-4edge.dat
1 16 -1.5 26 50 0 -0.5 0 -1 0 0 0 0 1 4-8sphe.dat
1 16 -1.5 26 100 0 -1 0 -1 0 0 0 0 1 4-4edge.dat
1 16 -1.5 26 100 0 -0.5 0 -1 0 0 0 0 1 4-8sphe.dat
1 16 -1.5 26 136 0 -1 0 -1 0 0 0 0 1 4-4edge.dat
1 16 -1.5 26 136 0 -0.5 0 -1 0 0 0 0 1 4-8sphe.dat
1 16 -1.5 -26 50 0 -1 0 -1 0 0 0 0 1 4-4edge.dat
1 16 -1.5 -26 50 0 -0.5 0 -1 0 0 0 0 1 4-8sphe.dat
1 16 -1.5 -26 100 0 -1 0 -1 0 0 0 0 1 4-4edge.dat
1 16 -1.5 -26 100 0 -0.5 0 -1 0 0 0 0 1 4-8sphe.dat
1 16 -1.5 -26 136 0 -1 0 -1 0 0 0 0 1 4-4edge.dat
1 16 -1.5 -26 136 0 -0.5 0 -1 0 0 0 0 1 4-8sphe.dat
0
