0 Window  4 x 10 x  2 Slope Double
0 Name: 30343.dat
0 Author: Ross Crawford [rosco]
0 !LDRAW_ORG Part UPDATE 2002-04
0 !LICENSE Redistributable under CCAL version 2.0 : see CAreadme.txt

0 !HISTORY 2002-08-18 [PTadmin] Official Update 2002-04
0 !HISTORY 2007-06-07 [PTadmin] Header formatted for Contributor Agreement
0 !HISTORY 2008-07-01 [PTadmin] Official Update 2008-01

1 16 0 4 0 1 0 0 0 -1 0 0 0 1 stud4.dat
1 16 0 8 0 16 0 0 0 -4 0 0 0 16 box5.dat
2 24 18.5 8 18.5 18.5 8 -18.5
2 24 18.5 8 -18.5 -18.5 8 -18.5
2 24 -18.5 8 -18.5 -18.5 8 18.5
2 24 -18.5 8 18.5 18.5 8 18.5
4 16 18.5 8 18.5 16 8 16 -16 8 16 -18.5 8 18.5
4 16 18.5 8 -18.5 16 8 -16 -16 8 -16 -18.5 8 -18.5
4 16 18.5 8 18.5 16 8 16 16 8 -16 18.5 8 -18.5
4 16 -18.5 8 18.5 -16 8 16 -16 8 -16 -18.5 8 -18.5
2 24 18.5 8 18.5 18.5 4 18.5
2 24 18.5 8 -18.5 18.5 4 -18.5
2 24 -18.5 8 -18.5 -18.5 4 -18.5
2 24 -18.5 8 18.5 -18.5 4 18.5
4 16 18.5 8 18.5 18.5 4 18.5 -18.5 4 18.5 -18.5 8 18.5
4 16 18.5 8 -18.5 18.5 4 -18.5 -18.5 4 -18.5 -18.5 8 -18.5
4 16 18.5 8 18.5 18.5 4 18.5 18.5 4 -18.5 18.5 8 -18.5
4 16 -18.5 8 18.5 -18.5 4 18.5 -18.5 4 -18.5 -18.5 8 -18.5
2 24 18.5 4 18.5 18.5 4 -18.5
2 24 18.5 4 -18.5 -18.5 4 -18.5
2 24 -18.5 4 -18.5 -18.5 4 18.5
2 24 -18.5 4 18.5 18.5 4 18.5
2 24 -34 4 20 34 4 20
2 24 -34 4 -20 34 4 -20
4 16 -18.5 4 18.5 -18.5 4 20 18.5 4 20 18.5 4 18.5
4 16 -18.5 4 -18.5 -18.5 4 -20 18.5 4 -20 18.5 4 -18.5
4 16 18.5 4 -20 34 4 -20 34 4 20 18.5 4 20
4 16 -18.5 4 -20 -34 4 -20 -34 4 20 -18.5 4 20
2 24 34 4 20 34 4 54
2 24 34 4 54 -34 4 54
2 24 -34 4 54 -34 4 20
2 24 34 4 -20 34 4 -54
2 24 34 4 -54 -34 4 -54
2 24 -34 4 -54 -34 4 -20
4 16 37 4 -60 34 4 -60 34 4 60 37 4 60
4 16 -37 4 -60 -34 4 -60 -34 4 60 -37 4 60
2 24 -34 0 20 34 0 20
2 24 -34 0 -20 34 0 -20
2 24 34 0 20 34 0 54
2 24 34 0 54 -34 0 54
2 24 -34 0 54 -34 0 20
2 24 34 0 -20 34 0 -54
2 24 34 0 -54 -34 0 -54
2 24 -34 0 -54 -34 0 -20
2 24 34 0 20 34 4 20
2 24 -34 0 20 -34 4 20
2 24 34 0 54 34 4 54
2 24 -34 0 54 -34 4 54
2 24 34 0 -20 34 4 -20
2 24 -34 0 -20 -34 4 -20
2 24 34 0 -54 34 4 -54
2 24 -34 0 -54 -34 4 -54
4 16 34 0 20 -34 0 20 -34 4 20 34 4 20
4 16 34 0 20 34 4 20 34 4 54 34 0 54
4 16 -34 0 20 -34 4 20 -34 4 54 -34 0 54
4 16 34 0 54 -34 0 54 -34 4 54 34 4 54
4 16 34 0 -20 -34 0 -20 -34 4 -20 34 4 -20
4 16 34 0 -20 34 4 -20 34 4 -54 34 0 -54
4 16 -34 0 -20 -34 4 -20 -34 4 -54 -34 0 -54
4 16 34 0 -54 -34 0 -54 -34 4 -54 34 4 -54
2 24 40 0 60 -40 0 60
2 24 40 0 -60 -40 0 -60
4 16 40 0 -60 34 0 -60 34 0 60 40 0 60
4 16 -40 0 -60 -34 0 -60 -34 0 60 -40 0 60
4 16 34 0 60 34 0 54 -34 0 54 -34 0 60
4 16 34 0 -60 34 0 -54 -34 0 -54 -34 0 -60
4 16 34 0 -20 34 0 20 -34 0 20 -34 0 -20
2 24 -37 4 60 -37 4 -60
2 24 37 4 -60 37 4 60
2 24 -37 24 60 -37 24 -60
2 24 37 24 -60 37 24 60
4 16 -37 4 60 -37 24 60 -37 24 -60 -37 4 -60
4 16 37 4 -60 37 24 -60 37 24 60 37 4 60
4 16 -40 24 60 -37 24 60 -37 24 -60 -40 24 -60
4 16 40 24 -60 37 24 -60 37 24 60 40 24 60
2 24 -40 0 60 -40 0 -60
2 24 40 0 -60 40 0 60
2 24 -40 24 60 -40 24 -60
2 24 40 24 -60 40 24 60
4 16 -40 0 60 -40 24 60 -40 24 -60 -40 0 -60
4 16 40 0 -60 40 24 -60 40 24 60 40 0 60
1 16 30 0 10 1 0 0 0 1 0 0 0 1 stud.dat
1 16 30 0 -10 1 0 0 0 1 0 0 0 1 stud.dat
1 16 10 0 10 1 0 0 0 1 0 0 0 1 stud.dat
1 16 10 0 -10 1 0 0 0 1 0 0 0 1 stud.dat
1 16 -10 0 10 1 0 0 0 1 0 0 0 1 stud.dat
1 16 -10 0 -10 1 0 0 0 1 0 0 0 1 stud.dat
1 16 -30 0 10 1 0 0 0 1 0 0 0 1 stud.dat
1 16 -30 0 -10 1 0 0 0 1 0 0 0 1 stud.dat
4 16 34 4 54 34 4 60 -34 4 60 -34 4 54
4 16 34 4 -54 34 4 -60 -34 4 -60 -34 4 -54
2 24 34 0 60 34 4 60
2 24 -34 0 60 -34 4 60
2 24 37 4 60 -37 4 60
4 16 -34 0 60 34 0 60 34 4 60 -34 4 60
2 24 34 0 -60 34 4 -60
2 24 -34 0 -60 -34 4 -60
2 24 37 4 -60 -37 4 -60
4 16 -34 0 -60 34 0 -60 34 4 -60 -34 4 -60
2 24 37 24 60 40 24 60
2 24 -37 24 60 -40 24 60
2 24 37 24 -60 40 24 -60
2 24 -37 24 -60 -40 24 -60
1 16 0 43 -90 1 0 0 0 -1.25 0 0 0 1 stud3a.dat
1 16 0 39 -90 4 0 0 0 0 4 0 1 -4 4-4edge.dat
1 16 0 43 -90 0 0 4 0 -4 0 -4 0 0 2-4cyls.dat
1 16 0 43 -90 0 0 -4 0 -4 0 -4 0 0 2-4cyls.dat
1 16 20 43 -90 1 0 0 0 -1.25 0 0 0 1 stud3a.dat
1 16 20 39 -90 4 0 0 0 0 4 0 1 -4 4-4edge.dat
1 16 20 43 -90 0 0 4 0 -4 0 -4 0 0 2-4cyls.dat
1 16 20 43 -90 0 0 -4 0 -4 0 -4 0 0 2-4cyls.dat
1 16 -20 43 -90 1 0 0 0 -1.25 0 0 0 1 stud3a.dat
1 16 -20 39 -90 4 0 0 0 0 4 0 1 -4 4-4edge.dat
1 16 -20 43 -90 0 0 4 0 -4 0 -4 0 0 2-4cyls.dat
1 16 -20 43 -90 0 0 -4 0 -4 0 -4 0 0 2-4cyls.dat
2 24 36 32 -84 -36 32 -84
2 24 36 48 -84 -36 48 -84
2 24 -36 48 -84 -36 48 -96
2 24 -36 48 -96 36 48 -96
2 24 36 48 -96 36 48 -84
2 24 36 48 -84 36 32 -84
2 24 -36 48 -84 -36 32 -84
2 24 36 48 -96 36 43 -96
2 24 -36 48 -96 -36 43 -96
2 24 36 43 -96 -36 43 -96
2 24 36 43 -96 36 43 -94
2 24 -36 43 -96 -36 43 -94
2 24 36 43 -94 -36 43 -94
2 24 36 43 -94 36 32 -84
2 24 -36 43 -94 -36 32 -84
4 16 36 32 -84 36 48 -84 -36 48 -84 -36 32 -84
4 16 -36 43 -84 -36 48 -84 -36 48 -96 -36 43 -96
4 16 -36 43 -96 -36 48 -96 36 48 -96 36 43 -96
4 16 36 43 -96 36 48 -96 36 48 -84 36 43 -84
4 16 36 43 -96 36 43 -94 -36 43 -94 -36 43 -96
4 16 36 43 -94 36 32 -84 -36 32 -84 -36 43 -94
3 16 36 43 -94 36 43 -84 36 32 -84
3 16 -36 43 -94 -36 43 -84 -36 32 -84
4 16 40 48 -81 36 48 -84 -36 48 -84 -40 48 -81
4 16 -40 48 -81 -36 48 -84 -36 48 -96 -40 48 -100
4 16 -40 48 -100 -36 48 -96 36 48 -96 40 48 -100
4 16 40 48 -100 36 48 -96 36 48 -84 40 48 -81
2 24 -40 43 -100 40 43 -100
2 24 37 48 -81 -37 48 -81
2 24 37 48 -81 37 48 -80
2 24 37 48 -80 40 48 -80
2 24 37 43 -80 40 43 -80
2 24 -37 48 -81 -37 48 -80
2 24 -37 48 -80 -40 48 -80
2 24 -40 48 -80 -40 48 -100
2 24 -37 43 -80 -40 43 -80
2 24 -40 48 -100 40 48 -100
2 24 40 48 -100 40 48 -80
2 24 40 48 -80 40 43 -80
2 24 -40 48 -80 -40 43 -80
2 24 37 48 -80 37 43 -80
2 24 -37 48 -80 -37 43 -80
2 24 40 48 -100 40 43 -100
2 24 -40 48 -100 -40 43 -100
4 16 37 43 -81 37 48 -81 -37 48 -81 -37 43 -81
4 16 -40 43 -80 -40 48 -80 -40 48 -100 -40 43 -100
4 16 -40 43 -100 -40 48 -100 40 48 -100 40 43 -100
4 16 40 43 -100 40 48 -100 40 48 -80 40 43 -80
4 16 37 48 -81 37 48 -80 37 43 -80 37 43 -81
4 16 37 48 -80 37 43 -80 40 43 -80 40 48 -80
4 16 -37 48 -81 -37 48 -80 -37 43 -80 -37 43 -81
4 16 -37 48 -80 -37 43 -80 -40 43 -80 -40 48 -80
4 16 37 48 -80 37 48 -81 40 48 -81 40 48 -80
4 16 -37 48 -80 -37 48 -81 -40 48 -81 -40 48 -80
2 24 37 26.5 -81 -37 26.5 -81
2 24 37 48 -81 37 26.5 -81
2 24 -37 48 -81 -37 26.5 -81
2 24 34 26.5 -81 34 26.5 -84.5
2 24 -34 26.5 -81 -34 26.5 -84.5
2 24 34 26.5 -84.5 -34 26.5 -84.5
4 16 37 26.5 -81 37 43 -81 -37 43 -81 -37 26.5 -81
2 24 40 0 -60 40 43 -100
2 24 -40 0 -60 -40 43 -100
2 24 40 24 -60 40 43 -80
2 24 -40 24 -60 -40 43 -80
2 24 37 24 -60 37 43 -80
2 24 -37 24 -60 -37 43 -80
2 24 37 4 -60 37 26.5 -81
2 24 -37 4 -60 -37 26.5 -81
2 24 34 4 -60 34 26.5 -81
2 24 -34 4 -60 -34 26.5 -81
2 24 34 26.5 -84.5 34 0 -60
2 24 -34 26.5 -84.5 -34 0 -60
4 16 37 24 -60 37 4 -60 37 26.5 -81 37 44 -81
4 16 -37 24 -60 -37 4 -60 -37 26.5 -81 -37 44 -81
4 16 40 24 -60 37 24 -60 37 43 -80 40 43 -80
4 16 -40 24 -60 -37 24 -60 -37 43 -80 -40 43 -80
4 16 40 0 -60 40 24 -60 40 43 -80 40 43 -100
4 16 -40 0 -60 -40 24 -60 -40 43 -80 -40 43 -100
4 16 40 0 -60 34 0 -60 34 43 -100 40 43 -100
4 16 -40 0 -60 -34 0 -60 -34 43 -100 -40 43 -100
4 16 34 26.5 -84.5 34 26.5 -81 34 4 -60 34 0 -60
4 16 -34 26.5 -84.5 -34 26.5 -81 -34 4 -60 -34 0 -60
4 16 34 26.5 -81 37 26.5 -81 37 4 -60 34 4 -60
4 16 -34 26.5 -81 -37 26.5 -81 -37 4 -60 -34 4 -60
4 16 34 26.5 -81 34 26.5 -84.5 -34 26.5 -84.5 -34 26.5 -81
4 16 40 26.5 -84.5 -40 26.5 -84.5 -40 43 -100 40 43 -100
1 16 0 43 90 1 0 0 0 -1.25 0 0 0 1 stud3a.dat
1 16 0 39 90 -4 0 0 0 0 4 0 1 4 4-4edge.dat
1 16 0 43 90 0 0 4 0 -4 0 4 0 0 2-4cyls.dat
1 16 0 43 90 0 0 -4 0 -4 0 4 0 0 2-4cyls.dat
1 16 20 43 90 1 0 0 0 -1.25 0 0 0 1 stud3a.dat
1 16 20 39 90 -4 0 0 0 0 4 0 1 4 4-4edge.dat
1 16 20 43 90 0 0 4 0 -4 0 4 0 0 2-4cyls.dat
1 16 20 43 90 0 0 -4 0 -4 0 4 0 0 2-4cyls.dat
1 16 -20 43 90 1 0 0 0 -1.25 0 0 0 1 stud3a.dat
1 16 -20 39 90 -4 0 0 0 0 4 0 1 4 4-4edge.dat
1 16 -20 43 90 0 0 4 0 -4 0 4 0 0 2-4cyls.dat
1 16 -20 43 90 0 0 -4 0 -4 0 4 0 0 2-4cyls.dat
2 24 -36 32 84 36 32 84
2 24 -36 48 84 36 48 84
2 24 36 48 84 36 48 96
2 24 36 48 96 -36 48 96
2 24 -36 48 96 -36 48 84
2 24 -36 48 84 -36 32 84
2 24 36 48 84 36 32 84
2 24 -36 48 96 -36 43 96
2 24 36 48 96 36 43 96
2 24 -36 43 96 36 43 96
2 24 -36 43 96 -36 43 94
2 24 36 43 96 36 43 94
2 24 -36 43 94 36 43 94
2 24 -36 43 94 -36 32 84
2 24 36 43 94 36 32 84
4 16 -36 32 84 -36 48 84 36 48 84 36 32 84
4 16 36 43 84 36 48 84 36 48 96 36 43 96
4 16 36 43 96 36 48 96 -36 48 96 -36 43 96
4 16 -36 43 96 -36 48 96 -36 48 84 -36 43 84
4 16 -36 43 96 -36 43 94 36 43 94 36 43 96
4 16 -36 43 94 -36 32 84 36 32 84 36 43 94
3 16 -36 43 94 -36 43 84 -36 32 84
3 16 36 43 94 36 43 84 36 32 84
4 16 -40 48 81 -36 48 84 36 48 84 40 48 81
4 16 40 48 81 36 48 84 36 48 96 40 48 100
4 16 40 48 100 36 48 96 -36 48 96 -40 48 100
4 16 -40 48 100 -36 48 96 -36 48 84 -40 48 81
2 24 40 43 100 -40 43 100
2 24 -37 48 81 37 48 81
2 24 -37 48 81 -37 48 80
2 24 -37 48 80 -40 48 80
2 24 -37 43 80 -40 43 80
2 24 37 48 81 37 48 80
2 24 37 48 80 40 48 80
2 24 40 48 80 40 48 100
2 24 37 43 80 40 43 80
2 24 40 48 100 -40 48 100
2 24 -40 48 100 -40 48 80
2 24 -40 48 80 -40 43 80
2 24 40 48 80 40 43 80
2 24 -37 48 80 -37 43 80
2 24 37 48 80 37 43 80
2 24 -40 48 100 -40 43 100
2 24 40 48 100 40 43 100
4 16 -37 43 81 -37 48 81 37 48 81 37 43 81
4 16 40 43 80 40 48 80 40 48 100 40 43 100
4 16 40 43 100 40 48 100 -40 48 100 -40 43 100
4 16 -40 43 100 -40 48 100 -40 48 80 -40 43 80
4 16 -37 48 81 -37 48 80 -37 43 80 -37 43 81
4 16 -37 48 80 -37 43 80 -40 43 80 -40 48 80
4 16 37 48 81 37 48 80 37 43 80 37 43 81
4 16 37 48 80 37 43 80 40 43 80 40 48 80
4 16 -37 48 80 -37 48 81 -40 48 81 -40 48 80
4 16 37 48 80 37 48 81 40 48 81 40 48 80
2 24 -37 26.5 81 37 26.5 81
2 24 -37 48 81 -37 26.5 81
2 24 37 48 81 37 26.5 81
2 24 -34 26.5 81 -34 26.5 84.5
2 24 34 26.5 81 34 26.5 84.5
2 24 -34 26.5 84.5 34 26.5 84.5
4 16 -37 26.5 81 -37 43 81 37 43 81 37 26.5 81
2 24 -40 0 60 -40 43 100
2 24 40 0 60 40 43 100
2 24 -40 24 60 -40 43 80
2 24 40 24 60 40 43 80
2 24 -37 24 60 -37 43 80
2 24 37 24 60 37 43 80
2 24 -37 4 60 -37 26.5 81
2 24 37 4 60 37 26.5 81
2 24 -34 4 60 -34 26.5 81
2 24 34 4 60 34 26.5 81
2 24 -34 26.5 84.5 -34 0 60
2 24 34 26.5 84.5 34 0 60
4 16 -37 24 60 -37 4 60 -37 26.5 81 -37 44 81
4 16 37 24 60 37 4 60 37 26.5 81 37 44 81
4 16 -40 24 60 -37 24 60 -37 43 80 -40 43 80
4 16 40 24 60 37 24 60 37 43 80 40 43 80
4 16 -40 0 60 -40 24 60 -40 43 80 -40 43 100
4 16 40 0 60 40 24 60 40 43 80 40 43 100
4 16 -40 0 60 -34 0 60 -34 43 100 -40 43 100
4 16 40 0 60 34 0 60 34 43 100 40 43 100
4 16 -34 26.5 84.5 -34 26.5 81 -34 4 60 -34 0 60
4 16 34 26.5 84.5 34 26.5 81 34 4 60 34 0 60
4 16 -34 26.5 81 -37 26.5 81 -37 4 60 -34 4 60
4 16 34 26.5 81 37 26.5 81 37 4 60 34 4 60
4 16 -34 26.5 81 -34 26.5 84.5 34 26.5 84.5 34 26.5 81
4 16 -40 26.5 84.5 40 26.5 84.5 40 43 100 -40 43 100
0
