0 Hook with Towball
0 Name: 30395.dat
0 Author: Michael Heidemann [mikeheide]
0 !LDRAW_ORG Part UPDATE 2013-01
0 !LICENSE Redistributable under CCAL version 2.0 : see CAreadme.txt

0 BFC CERTIFY CCW

0 !CATEGORY Crane

0 !HISTORY 2010-02-01 [arezey] Split subfile into quarters, changed orientation, added !CATEGORY
0 !HISTORY 2012-08-06 [MMR1988] Edgeline and End of File corrected
0 !HISTORY 2012-11-18 [MMR1988] Some more fixes
0 !HISTORY 2013-07-21 [PTadmin] Official Update 2013-01

1 16 0 0 0 0 0 -1 0 1 0 1 0 0 s\30395s01.dat
1 16 0 0 0 0 0 1 0 1 0 1 0 0 s\30395s01.dat
1 16 0 0 0 0 0 -1 0 1 0 -1 0 0 s\30395s01.dat
1 16 0 0 0 0 0 1 0 1 0 -1 0 0 s\30395s01.dat
1 16 0 20 -4 0 0 1 1 0 0 0 1 0 stud2.dat
1 16 0 20 4 0 0 -1 1 0 0 0 -1 0 stud2.dat
1 16 0 20 -4 7.0711 0 7.071 7.071 0 -7.0711 0 1 0 3-4edge.dat
2 24 -4.378 28.871 -4 -7.071 27.0711 -4
1 16 0 20 -4 0 0 -10 -10 0 0 0 1 0 4-4disc.dat
1 16 0 20 4 0 0 10 -10 0 0 0 -1 0 4-4disc.dat
1 16 0 20 4 7.0711 0 7.071 7.071 0 -7.0711 0 1 0 3-4edge.dat
2 24 -4.378 28.871 4 -7.071 27.0711 4
1 16 0 20 -4 7.0711 0 7.071 7.071 0 -7.0711 0 8 0 3-4cyli.dat
4 16 -4.378 28.871 -4 -7.071 27.0711 -4 -7.071 27.0711 4 -4.378 28.871 4
0 //
1 16 0 10 0 -4 0 0 0 -5 0 0 0 4 4-4cyli.dat
1 16 0 10 0 1 0 0 0 -1 0 0 0 1 cylj4x10.dat
0 //
1 16 0 40 4 -2.2961 0 -5.5433 -5.5433 0 2.2961 0 1 0 2-4edge.dat
0 BFC INVERTNEXT
1 16 0 40 -4 -2.2961 0 -5.5433 -5.5433 0 2.2961 0 8 0 2-4cyli.dat
1 16 0 40 -4 -4.5922 0 -11.0866 -11.0866 0 4.5922 0 8 0 5-8cyli.dat
1 16 0 40 -4 -2.2961 0 -5.5433 -5.5433 0 2.2961 0 1 0 2-4edge.dat
1 16 0 40 -4 -4.5922 0 -11.0866 -11.0866 0 4.5922 0 1 0 5-8edge.dat
1 16 0 40 4 -4.5922 0 -11.0866 -11.0866 0 4.5922 0 1 0 5-8edge.dat
2 24 2 32 4 -2.296 34.457 4
4 16 2 32 -4 -2.296 34.457 -4 -2.296 34.457 4 2 32 4
2 24 2 32 4 7.071 27.071 4
4 16 2 32 4 7.071 27.071 4 7.071 27.071 -4 2 32 -4
5 24 2 32 4 2 32 -4 7.071 27.071 4 -2.296 34.457 0
2 24 2 32 -4 -2.296 34.457 -4
2 24 2 32 -4 7.071 27.071 -4
2 24 6.089 42.522 4 2.296 45.543 4
4 16 6.089 42.522 4 2.296 45.543 4 2.296 45.543 -4 6.089 42.522 -4
2 24 6.089 42.522 -4 2.296 45.543 -4
4 16 8.485 48.485 4 2.296 45.543 4 6.089 42.522 4 11.087 44.592 4
4 16 11.087 44.592 -4 6.089 42.522 -4 2.296 45.543 -4 8.485 48.485 -4
1 16 8.588 43.557 4 -2.4988 0 1.035 -1.035 0 -2.4988 0 -8 0 2-4cyli.dat
1 16 8.588 43.557 4 -2.4988 0 1.035 -1.035 0 -2.4988 0 1 0 2-4edge.dat
1 16 8.588 43.557 4 -2.4988 0 1.035 -1.035 0 -2.4988 0 -1 0 2-4disc.dat
1 16 8.588 43.557 -4 -2.4988 0 1.035 -1.035 0 -2.4988 0 1 0 2-4disc.dat
1 16 8.588 43.557 -4 -2.4988 0 1.035 -1.035 0 -2.4988 0 1 0 2-4edge.dat
1 16 0 40 4 -2.2961 0 -5.5433 -5.5433 0 2.2961 0 -1 0 2-4ring1.dat
1 16 0 40 -4 -2.2961 0 -5.5433 -5.5433 0 2.2961 0 1 0 2-4ring1.dat
3 16 4.592 51.087 -4 8.485 48.485 -4 2.296 45.543 -4
3 16 2.296 45.543 4 8.485 48.485 4 4.592 51.087 4
4 16 2 32 -4 0 30 -4 -3.827 29.239 -4 -2.296 34.457 -4
4 16 -3.827 29.239 4 0 30 4 2 32 4 -2.296 34.457 4
4 16 -3.827 29.239 4 -2.296 34.457 4 -4.592 28.913 4 -4.378 28.871 4
4 16 -4.592 28.913 -4 -2.296 34.457 -4 -3.827 29.239 -4 -4.378 28.871 -4
2 24 -4.592 28.913 4 -4.378 28.871 4
2 24 -4.592 28.913 -4 -4.378 28.871 -4
3 16 3.827 29.239 -4 0 30 -4 2 32 -4
3 16 0 30 4 3.827 29.239 4 2 32 4
3 16 7.071 27.071 -4 3.827 29.239 -4 2 32 -4
3 16 3.827 29.239 4 7.071 27.071 4 2 32 4
2 24 -4.378 28.871 -4 -4.378 28.871 4
5 24 -4.592 28.913 4 -4.592 28.913 -4 -4.378 28.871 -4 -8.48558 31.5145 4
4 16 -4.592 28.913 4 -4.592 28.913 -4 -4.378 28.871 -4 -4.378 28.871 4
5 24 -7.071 27.0711 -4 -7.071 27.0711 4 -4.378 28.871 -4 -9.23901 23.8269 -4
5 24 2.296 45.543 4 2.296 45.543 -4 6.089 42.522 4 0 46.0002 -4
5 24 6.089 42.522 -4 6.089 42.522 4 2.296 45.543 4 6.67545 41.6445 -4
0 // Edges Sphere - Cylinder
2 24 -4 5.584395 0 -3.6956 5.430745 1.5308
2 24 -3.6956 5.430745 1.5308 -3.008579 5.650093 2.558797
2 24 -3.008579 5.650093 2.558797 -2.8284 5.624793 2.8284
2 24 -2.8284 5.624793 2.8284 -2.558797 5.650093 3.008579
2 24 -2.558797 5.650093 3.008579 -1.5308 5.430745 3.6956
2 24 -1.5308 5.430745 3.6956 0 5.584395 4
2 24 0 5.584395 4 1.5308 5.430745 3.6956
2 24 2.558797 5.650093 3.008579 2.8284 5.624793 2.8284
2 24 1.5308 5.430745 3.6956 2.558797 5.650093 3.008579
2 24 3.6956 5.430745 1.5308 3.008579 5.650093 2.558797
2 24 3.008579 5.650093 2.558797 2.8284 5.624793 2.8284
2 24 4 5.584395 0 3.6956 5.430745 1.5308
2 24 3.6956 5.430745 -1.5308 4 5.584395 0
2 24 3.008579 5.650093 -2.558797 3.6956 5.430745 -1.5308
2 24 2.8284 5.624793 -2.8284 3.008579 5.650093 -2.558797
2 24 2.558797 5.650093 -3.008579 2.8284 5.624793 -2.8284
2 24 1.5308 5.430745 -3.6956 2.558797 5.650093 -3.008579
2 24 0 5.584395 -4 1.5308 5.430745 -3.6956
2 24 -1.5308 5.430745 -3.6956 0 5.584395 -4
2 24 -2.8284 5.624793 -2.8284 -2.558797 5.650093 -3.008579
2 24 -2.558797 5.650093 -3.008579 -1.5308 5.430745 -3.6956
2 24 -3.008579 5.650093 -2.558797 -3.6956 5.430745 -1.5308
2 24 -2.8284 5.624793 -2.8284 -3.008579 5.650093 -2.558797
2 24 -3.6956 5.430745 -1.5308 -4 5.584395 0
