0 Slope Brick 45  1 x  2 Triple
0 Name: 3048.dat
0 Author: James Jessiman
0 !LDRAW_ORG Part UPDATE 2003-03
0 !LICENSE Redistributable under CCAL version 2.0 : see CAreadme.txt

0 BFC CERTIFY CCW

0 !HISTORY 1998-06-20 [PTadmin] Official Update 1998-06
0 !HISTORY 2002-09-13 [izanette] Modified with WINDZ for BFC compliance
0 !HISTORY 2003-12-19 [PTadmin] Official Update 2003-03
0 !HISTORY 2007-06-10 [PTadmin] Header formatted for Contributor Agreement
0 !HISTORY 2008-07-01 [PTadmin] Official Update 2008-01

 1 16 0 20 0 1 0 0 0 -1 0 0 0 1 stud3a.dat
 1 16 0 14 0 0 0 4 -4 0.707 0 4 0.707 0 4-4edge.dat
 1 16 0 18 0 0 0 4 0 -4 0 -4 0 0 2-4cyls.dat
 1 16 0 18 0 0 0 -4 0 -4 0 -4 0 0 2-4cyls.dat
 1 16 0 18 0 4 0 0 0 2 0 0 0 4 4-4cyli.dat

 2 24 16 24 6 -16 24 6
 2 24 -16 24 6 -16 24 -6
 2 24 -16 24 -6 16 24 -6
 2 24 16 24 -6 16 24 6

 2 24 20 24 10 -20 24 10
 2 24 -20 24 10 -20 24 -10
 2 24 -20 24 -10 20 24 -10
 2 24 20 24 -10 20 24 10

 2 24 16 24 6 16 20 6
 2 24 -16 24 6 -16 20 6
 2 24 16 24 -6 16 20 -6
 2 24 -16 24 -6 -16 20 -6
 2 24 16 20 6 16 20 -6
 2 24 16 20 -6 -16 20 -6
 2 24 -16 20 6 -16 20 -6
 2 24 4 8 6 -4 8 6
 2 24 16 20 6 4 8 6
 2 24 16 20 -6 4 8 6
 2 24 -16 20 6 -4 8 6
 2 24 -16 20 -6 -4 8 6

 2 24 20 24 10 20 20 10
 2 24 -20 24 10 -20 20 10
 2 24 20 24 -10 20 20 -10
 2 24 -20 24 -10 -20 20 -10
 2 24 20 20 10 20 20 -10
 2 24 20 20 -10 -20 20 -10
 2 24 -20 20 10 -20 20 -10
 2 24 20 20 10 0 0 10
 2 24 20 20 -10 0 0 10
 2 24 -20 20 10 0 0 10
 2 24 -20 20 -10 0 0 10

 4 16 20 24 10 16 24 6 -16 24 6 -20 24 10
 4 16 -20 24 10 -16 24 6 -16 24 -6 -20 24 -10
 4 16 -20 24 -10 -16 24 -6 16 24 -6 20 24 -10
 4 16 20 24 -10 16 24 -6 16 24 6 20 24 10

 4 16 20 24 10 20 20 10 20 20 -10 20 24 -10
 4 16 16 24 6 16 24 -6 16 20 -6 16 20 6
 4 16 -16 24 6 -16 20 6 -16 20 -6 -16 24 -6
 4 16 -20 24 10 -20 24 -10 -20 20 -10 -20 20 10

 4 16 20 24 10 -20 24 10 -20 20 10 20 20 10
 3 16 20 20 10 -20 20 10 0 0 10
 4 16 16 24 6 16 20 6 -16 20 6 -16 24 6
 4 16 16 20 6 4 8 6 -4 8 6 -16 20 6
 4 16 16 24 -6 -16 24 -6 -16 20 -6 16 20 -6
 4 16 16 20 -6 -16 20 -6 -4 8 6 4 8 6
 4 16 20 24 -10 20 20 -10 -20 20 -10 -20 24 -10
 3 16 20 20 -10 0 0 10 -20 20 -10

 3 16 16 20 6 16 20 -6 4 8 6
 3 16 -16 20 6 -4 8 6 -16 20 -6
 3 16 20 20 10 0 0 10 20 20 -10
 3 16 -20 20 10 -20 20 -10 0 0 10
