0 Car Steering Wheel Large
0 Name: 30663.dat
0 Author: Guy Vivan [guyvivan]
0 !LDRAW_ORG Part UPDATE 2011-01
0 !LICENSE Redistributable under CCAL version 2.0 : see CAreadme.txt

0 BFC CERTIFY CCW

0 !HISTORY 2011-07-25 [PTadmin] Official Update 2011-01

1 16 0 4 0 4 0 0 0 1 0 0 0 4 48\4-4edge.dat
1 16 0 4 0 6 0 0 0 1 0 0 0 6 48\4-4edge.dat
1 16 0 -6.5 0 4 0 0 0 1 0 0 0 4 48\4-4edge.dat
1 16 0 -6.5 0 6 0 0 0 1 0 0 0 6 48\1-6edge.dat
1 16 0 -6.5 0 -3 0 5.19615 0 1 0 -5.19615 0 -3 48\1-6edge.dat
1 16 0 -6.5 0 -3 0 -5.19615 0 1 0 5.19615 0 -3 48\1-6edge.dat
1 16 0 2 0 6 0 0 0 1 0 0 0 6 48\1-6edge.dat
1 16 0 2 0 -3 0 5.19615 0 1 0 -5.19615 0 -3 48\1-6edge.dat
1 16 0 2 0 -3 0 -5.19615 0 1 0 5.19615 0 -3 48\1-6edge.dat
1 16 0 2 0 -4.87009 0 6.34683 0 1 0 -6.34683 0 -4.87009 48\1-6edge.dat
1 16 0 2 0 3.06147 0 7.39104 0 1 0 -7.39104 0 3.06147 48\1-24edge.dat
1 16 0 2 0 7.93156 0 1.04421 0 1 0 -1.04421 0 7.93156 48\1-6edge.dat
1 16 0 2 0 4.87009 0 -6.34683 0 1 0 6.34683 0 4.87009 48\1-24edge.dat
1 16 0 2 0 -3.06147 0 -7.39104 0 1 0 7.39104 0 -3.06147 48\1-6edge.dat
1 16 0 2 0 -7.93156 0 -1.04421 0 1 0 1.04421 0 -7.93156 48\1-24edge.dat
1 16 0 -3.5 0 -7.93156 0 1.04421 0 1 0 -1.04421 0 -7.93156 48\1-8edge.dat
1 16 0 -3.5 0 4.87009 0 6.34683 0 1 0 -6.34683 0 4.87009 48\1-8edge.dat
1 16 0 -3.5 0 3.06147 0 -7.39104 0 1 0 7.39104 0 3.06147 48\1-8edge.dat
1 16 0 -3.5 0 2.07055 0 -7.72741 0 5.5 0 7.72741 0 2.07055 48\1-12cyli.dat
4 16 2.07 -3.5 7.727 3 -3.5 7.391 3 2 7.391 2.07 2 7.727
4 16 -2.07 2 7.727 -3 2 7.391 -3 -3.5 7.391 -2.07 -3.5 7.727
1 16 0 -3.5 0 5.65686 0 5.65686 0 5.5 0 -5.65686 0 5.65686 48\1-12cyli.dat
4 16 5.657 -3.5 -5.656 4.901 -3.5 -6.294 4.901 2 -6.294 5.657 2 -5.656
4 16 7.727 2 -2.071 7.901 2 -1.096 7.901 -3.5 -1.096 7.727 -3.5 -2.071
1 16 0 -3.5 0 -7.72741 0 2.07055 0 5.5 0 -2.07055 0 -7.72741 48\1-12cyli.dat
4 16 -7.727 -3.5 -2.071 -7.901 -3.5 -1.096 -7.901 2 -1.096 -7.727 2 -2.071
4 16 -5.657 2 -5.656 -4.901 2 -6.294 -4.901 -3.5 -6.294 -5.657 -3.5 -5.656
2 24 3 2 7.391 3 -3.5 7.391
1 16 0 -6.5 0 2 0 0 0 1 0 0 0 2 48\4-4ring2.dat
1 16 0 2 0 1.93185 0 0.517638 0 1 0 -0.517638 0 1.93185 48\1-4ring3.dat
1 16 0 2 0 -1.41421 0 1.41421 0 1 0 -1.41421 0 -1.41421 48\1-4ring3.dat
1 16 0 2 0 -0.517638 0 -1.93185 0 1 0 1.93185 0 -0.517638 48\1-4ring3.dat
0 BFC INVERTNEXT
1 16 0 -6.5 0 4 0 0 0 10.5 0 0 0 4 48\4-4cyli.dat
1 16 0 -6.5 0 6 0 0 0 8.5 0 0 0 6 48\1-6cyli.dat
1 16 0 -6.5 0 -3 0 -5.19615 0 8.5 0 5.19615 0 -3 48\1-6cyli.dat
1 16 0 -6.5 0 -3 0 5.19615 0 8.5 0 -5.19615 0 -3 48\1-6cyli.dat
1 16 0 2 0 8 0 0 0 6 0 0 0 8 48\4-4cyli.dat
1 16 0 8 0 8 0 0 0 1 0 0 0 8 48\4-4edge.dat
1 16 0 8 0 6 0 0 0 1 0 0 0 6 48\4-4edge.dat
1 16 0 8 0 2 0 0 0 -1 0 0 0 2 48\4-4ring3.dat
0 BFC INVERTNEXT
1 16 0 4 0 6 0 0 0 4 0 0 0 6 48\4-4cyli.dat
1 16 0 4 0 2 0 0 0 -1 0 0 0 2 48\4-4ring2.dat
1 16 0 -5 0 17 0 0 0 17 0 0 0 17 t04i1765.dat
1 16 0 -5 0 17 0 0 0 17 0 0 0 17 t04o1765.dat
1 16 0 -5 0 0 0 -17 0 17 0 17 0 0 t04i1765.dat
1 16 0 -5 0 0 0 -17 0 17 0 17 0 0 t04o1765.dat
1 16 0 -5 0 -17 0 0 0 17 0 0 0 -17 t04i1765.dat
1 16 0 -5 0 -17 0 0 0 17 0 0 0 -17 t04o1765.dat
1 16 0 -5 0 0 0 17 0 17 0 -17 0 0 t04i1765.dat
1 16 0 -5 0 0 0 17 0 17 0 -17 0 0 t04o1765.dat
1 16 0 -5 0 17 0 0 0 -17 0 0 0 -17 t04i1765.dat
1 16 0 -5 0 17 0 0 0 -17 0 0 0 -17 t04o1765.dat
1 16 0 -5 0 0 0 -17 0 -17 0 -17 0 0 t04i1765.dat
1 16 0 -5 0 0 0 -17 0 -17 0 -17 0 0 t04o1765.dat
1 16 0 -5 0 -17 0 0 0 -17 0 0 0 17 t04i1765.dat
1 16 0 -5 0 -17 0 0 0 -17 0 0 0 17 t04o1765.dat
1 16 0 -5 0 0 0 17 0 -17 0 17 0 0 t04i1765.dat
1 16 0 -5 0 0 0 17 0 -17 0 17 0 0 t04o1765.dat
2 24 3 -6.5 13.866 0 -6.5 14.463
2 24 -3 -6.5 13.866 0 -6.5 14.463
2 24 3 -3.5 13.866 0 -3.5 14.463
2 24 -3 -3.5 13.866 0 -3.5 14.463
2 24 3 -6.5 5.196 3 -6.5 13.866
2 24 -3 -6.5 5.196 -3 -6.5 13.866
2 24 3 -3.5 7.391 3 -3.5 13.866
4 16 3 -3.5 7.391 3 -3.5 13.866 3 -6.5 13.866 3 -6.5 5.196
4 16 -3 -6.5 5.196 -3 -6.5 13.866 -3 -3.5 13.866 -3 -3.5 7.391
4 16 0 -3.5 8 0 -3.5 14.463 3 -3.5 13.866 3 -3.5 7.391
4 16 -3 -3.5 7.391 -3 -3.5 13.866 0 -3.5 14.463 0 -3.5 8
4 16 3 -6.5 5.196 3 -6.5 13.866 0 -6.5 14.463 0 -6.5 6
4 16 0 -6.5 6 0 -6.5 14.463 -3 -6.5 13.866 -3 -6.5 5.196
2 24 -3 -3.5 7.391 -3 -3.5 13.866
2 24 3 -3.8525 13.631 3 -3.5 13.866
2 24 3 -6.175 13.631 3 -6.5 13.866
2 24 -3 -6.175 13.631 -3 -6.5 13.866
2 24 -3 -3.8525 13.631 -3 -3.5 13.866
2 24 3 -3.8525 13.631 3 -5 13.403
2 24 -3 -3.8525 13.631 -3 -5 13.403
2 24 -3 -6.1475 13.631 -3 -5 13.403
2 24 3 -6.1475 13.631 3 -5 13.403
2 24 3 -6.5 5.196 3 2 5.196
2 24 -3 -6.5 5.196 -3 2 5.196
2 24 3 -6.5 -5.196 3 2 -5.196
2 24 6 -6.5 0 6 2 0
2 24 -6 -6.5 0 -6 2 0
2 24 -3 -6.5 -5.196 -3 2 -5.196
2 24 3 2 5.196 3 2 7.391
2 24 -3 2 5.196 -3 2 7.391
2 24 3 2 -5.196 4.901 2 -6.294
2 24 6 2 0 7.901 2 -1.096
2 24 -6 2 0 -7.901 2 -1.096
2 24 -3 2 -5.196 -4.901 2 -6.294
2 24 -3 2 7.391 -3 -3.5 7.391
2 24 4.901 2 -6.294 4.901 -3.5 -6.294
2 24 7.901 2 -1.096 7.901 -3.5 -1.096
2 24 -7.901 2 -1.096 -7.901 -3.5 -1.096
2 24 -4.901 2 -6.294 -4.901 -3.5 -6.294
4 16 3 2 5.196 3 2 7.391 3 -3.5 7.391 3 -6.5 5.196
4 16 -3 -6.5 5.196 -3 -3.5 7.391 -3 2 7.391 -3 2 5.196
4 16 3 2 -5.196 4.901 2 -6.294 4.901 -3.5 -6.294 3 -6.5 -5.196
4 16 6 -6.5 0 7.901 -3.5 -1.096 7.901 2 -1.096 6 2 0
4 16 -6 2 0 -7.901 2 -1.096 -7.901 -3.5 -1.096 -6 -6.5 0
4 16 -3 -6.5 -5.196 -4.901 -3.5 -6.294 -4.901 2 -6.294 -3 2 -5.196
2 24 3 -6.5 -5.196 10.641 -6.5 -9.608
2 24 10.44 -6.1475 -9.492 10.641 -6.5 -9.608
2 24 10.44 -6.1475 -9.492 10.246 -5 -9.38
2 24 10.44 -3.8525 -9.492 10.246 -5 -9.38
2 24 10.44 -3.8525 -9.492 10.641 -3.5 -9.608
2 24 4.901 -3.5 -6.294 10.641 -3.5 -9.608
2 24 6 -6.5 0 13.591 -6.5 -4.383
2 24 13.362 -6.5 -5.535 13.591 -6.5 -4.383
2 24 13.362 -6.5 -5.535 10.641 -6.5 -9.608
2 24 13.362 -3.5 -5.535 13.591 -3.5 -4.383
2 24 13.362 -3.5 -5.535 10.641 -3.5 -9.608
2 24 13.38 -6.1475 -4.261 13.591 -6.5 -4.383
2 24 13.38 -6.1475 -4.261 13.175 -5 -4.143
2 24 13.38 -3.8525 -4.261 13.175 -5 -4.143
2 24 13.38 -3.8525 -4.261 13.591 -3.5 -4.383
2 24 7.901 -3.5 -1.096 13.591 -3.5 -4.383
4 16 3 -6.5 -5.196 10.641 -6.5 -9.608 13.362 -6.5 -5.535 5.196 -6.5 -3
4 16 5.196 -6.5 -3 13.362 -6.5 -5.535 13.591 -6.5 -4.383 6 -6.5 0
4 16 6.928 -3.5 -4 13.362 -3.5 -5.535 10.641 -3.5 -9.608 4.901 -3.5 -6.294
4 16 7.901 -3.5 -1.096 13.591 -3.5 -4.383 13.362 -3.5 -5.535 6.928 -3.5 -4
4 16 6 -6.5 0 13.591 -6.5 -4.383 13.591 -3.5 -4.383 7.901 -3.5 -1.096
4 16 4.901 -3.5 -6.294 10.641 -3.5 -9.608 10.641 -6.5 -9.608 3 -6.5 -5.196
2 24 -3 -6.5 -5.196 -10.641 -6.5 -9.608
2 24 -10.44 -6.1475 -9.492 -10.641 -6.5 -9.608
2 24 -10.44 -6.1475 -9.492 -10.246 -5 -9.38
2 24 -10.44 -3.8525 -9.492 -10.246 -5 -9.38
2 24 -10.44 -3.8525 -9.492 -10.641 -3.5 -9.608
2 24 -4.901 -3.5 -6.294 -10.641 -3.5 -9.608
2 24 -6 -6.5 0 -13.591 -6.5 -4.383
2 24 -13.362 -6.5 -5.535 -13.591 -6.5 -4.383
2 24 -13.362 -6.5 -5.535 -10.641 -6.5 -9.608
2 24 -13.362 -3.5 -5.535 -13.591 -3.5 -4.383
2 24 -13.362 -3.5 -5.535 -10.641 -3.5 -9.608
2 24 -13.38 -6.1475 -4.261 -13.591 -6.5 -4.383
2 24 -13.38 -6.1475 -4.261 -13.175 -5 -4.143
2 24 -13.38 -3.8525 -4.261 -13.175 -5 -4.143
2 24 -13.38 -3.8525 -4.261 -13.591 -3.5 -4.383
2 24 -7.901 -3.5 -1.096 -13.591 -3.5 -4.383
4 16 -5.196 -6.5 -3 -13.362 -6.5 -5.535 -10.641 -6.5 -9.608 -3 -6.5 -5.196
4 16 -6 -6.5 0 -13.591 -6.5 -4.383 -13.362 -6.5 -5.535 -5.196 -6.5 -3
4 16 -4.901 -3.5 -6.294 -10.641 -3.5 -9.608 -13.362 -3.5 -5.535 -6.928 -3.5 -4
4 16 -6.928 -3.5 -4 -13.362 -3.5 -5.535 -13.591 -3.5 -4.383 -7.901 -3.5 -1.096
4 16 -7.901 -3.5 -1.096 -13.591 -3.5 -4.383 -13.591 -6.5 -4.383 -6 -6.5 0
4 16 -3 -6.5 -5.196 -10.641 -6.5 -9.608 -10.641 -3.5 -9.608 -4.901 -3.5 -6.294
0
