0 Brick  1 x  6 without Centre Studs w/ Red/White "Shell" Pattern
0 Name: 3067pt1.dat
0 Author: Michael Heidemann [mikeheide]
0 !LDRAW_ORG Part UPDATE 2009-01
0 !LICENSE Redistributable under CCAL version 2.0 : see CAreadme.txt

0 BFC CERTIFY CW

0 !HISTORY 2009-05-02 [PTadmin] Official Update 2009-01

1 16 0 0 0 1 0 0 0 1 0 0 0 1 s\3067s01.DAT
4 4 -31 9 -10 -37 9 -10 -38 7 -10 -31 7 -10
4 4 -31 7 -10 -38 7 -10 -41 4 -10 -33 5 -10
4 4 -41 4 -10 -38 7 -10 -44 7 -10 -50 5 -10
4 4 -50 5 -10 -44 7 -10 -45 8 -10 -51 7 -10
4 4 -51 7 -10 -45 8 -10 -45 10 -10 -51 10 -10
4 4 -51 10 -10 -45 10 -10 -44 11 -10 -49 13 -10
4 4 -49 13 -10 -44 11 -10 -33 11 -10 -38 13 -10
4 4 -38 13 -10 -33 11 -10 -31 14 -10 -37 14 -10
4 4 -37 14 -10 -31 14 -10 -31 17 -10 -37 16 -10
4 4 -37 16 -10 -31 17 -10 -32 19 -10 -38 17 -10
4 4 -38 17 -10 -32 19 -10 -41 20 -10 -44 17 -10
4 4 -44 17 -10 -41 20 -10 -50 19 -10 -51 17 -10
4 4 -44 17 -10 -51 17 -10 -51 15 -10 -45 15 -10
3 4 -22 4 -10 -15 4 -10 -15 10 -10
4 4 -22 4 -10 -15 10 -10 -14 12 -10 -15 13 -10
4 4 -22 4 -10 -15 13 -10 -15 20 -10 -22 20 -10
4 4 -14 12 -10 -15 10 -10 -10 9 -10 -11 12 -10
4 4 -11 12 -10 -10 9 -10 -4 10 -10 -10 13 -10
3 4 -10 13 -10 -4 10 -10 -3 12 -10
4 4 -10 13 -10 -3 12 -10 -3 20 -10 -10 20 -10
4 4 17 16 -10 23 16 -10 23 17 -10 16 18 -10
4 4 16 18 -10 23 17 -10 22 19 -10 14 20 -10
4 4 16 18 -10 14 20 -10 6 19 -10 12 18 -10
4 4 12 18 -10 6 19 -10 5 17 -10 11 15 -10
4 4 11 15 -10 5 17 -10 5 12 -10 11 13 -10
4 4 11 13 -10 5 12 -10 6 10 -10 12 11 -10
4 4 12 11 -10 6 10 -10 14 9 -10 16 11 -10
4 4 16 11 -10 14 9 -10 22 10 -10 23 12 -10
4 4 16 11 -10 23 12 -10 23 15 -10 17 13 -10
4 4 17 13 -10 23 15 -10 11 15 -10 11 13 -10
4 4 31 4 -10 38 4 -10 38 20 -10 31 20 -10
4 4 44 4 -10 51 4 -10 51 20 -10 44 20 -10
3 15 -51 10 -10 -49 13 -10 -51 15 -10
4 15 -51 15 -10 -49 13 -10 -38 13 -10 -45 15 -10
4 15 -45 15 -10 -38 13 -10 -37 14 -10 -44 17 -10
4 15 -44 17 -10 -37 14 -10 -37 16 -10 -38 17 -10
4 15 -45 8 -10 -44 7 -10 -38 7 -10 -45 10 -10
4 15 -45 10 -10 -38 7 -10 -37 9 -10 -44 11 -10
4 15 -44 11 -10 -37 9 -10 -31 9 -10 -33 11 -10
3 15 -41 4 -10 -22 4 -10 -33 5 -10
3 15 -33 5 -10 -22 4 -10 -31 7 -10
4 15 -31 7 -10 -22 4 -10 -22 20 -10 -31 9 -10
4 15 -31 9 -10 -22 20 -10 -31 14 -10 -33 11 -10
3 15 -31 14 -10 -22 20 -10 -31 17 -10
3 15 -31 17 -10 -22 20 -10 -32 19 -10
3 15 -32 19 -10 -22 20 -10 -41 20 -10
4 15 -14 12 -10 -11 12 -10 -10 13 -10 -15 13 -10
4 15 -15 13 -10 -10 13 -10 -10 20 -10 -15 20 -10
3 15 -15 10 -10 -15 4 -10 -10 9 -10
4 15 -10 9 -10 -15 4 -10 14 9 -10 6 10 -10
3 15 -10 9 -10 6 10 -10 -4 10 -10
4 15 -4 10 -10 6 10 -10 5 12 -10 -3 12 -10
4 15 -3 12 -10 5 12 -10 5 17 -10 -3 20 -10
3 15 -3 20 -10 5 17 -10 6 19 -10
3 15 -3 20 -10 6 19 -10 14 20 -10
3 15 -15 4 -10 31 4 -10 14 9 -10
4 15 12 11 -10 16 11 -10 17 13 -10 11 13 -10
4 15 16 18 -10 12 18 -10 11 15 -10 17 16 -10
4 15 17 16 -10 11 15 -10 23 15 -10 23 16 -10
3 15 14 9 -10 31 4 -10 22 10 -10
3 15 22 10 -10 31 4 -10 23 12 -10
4 15 23 12 -10 31 4 -10 31 20 -10 23 15 -10
3 15 23 15 -10 31 20 -10 23 16 -10
3 15 23 16 -10 31 20 -10 23 17 -10
3 15 23 17 -10 31 20 -10 22 19 -10
3 15 22 19 -10 31 20 -10 14 20 -10
4 15 38 4 -10 44 4 -10 44 20 -10 38 20 -10
4 15 -51 15 -10 -60 24 -10 -60 0 -10 -51 10 -10
3 15 -51 10 -10 -60 0 -10 -51 7 -10
3 15 -51 7 -10 -60 0 -10 -50 5 -10
3 15 -50 5 -10 -60 0 -10 -41 4 -10
3 15 -41 4 -10 -60 0 -10 -22 4 -10
3 15 -22 4 -10 -60 0 -10 -15 4 -10
4 15 -15 4 -10 -60 0 -10 60 0 -10 31 4 -10
3 15 31 4 -10 60 0 -10 38 4 -10
3 15 38 4 -10 60 0 -10 44 4 -10
3 15 44 4 -10 60 0 -10 51 4 -10
4 15 51 4 -10 60 0 -10 60 24 -10 51 20 -10
3 15 51 20 -10 60 24 -10 45 20 -10
3 15 45 20 -10 60 24 -10 38 20 -10
3 15 38 20 -10 60 24 -10 31 20 -10
3 15 31 20 -10 60 24 -10 14 20 -10
4 15 14 20 -10 60 24 -10 -60 24 -10 -3 20 -10
3 15 -3 20 -10 -60 24 -10 -10 20 -10
3 15 -10 20 -10 -60 24 -10 -15 20 -10
3 15 -15 20 -10 -60 24 -10 -22 20 -10
3 15 -22 20 -10 -60 24 -10 -41 20 -10
3 15 -41 20 -10 -60 24 -10 -50 19 -10
3 15 -50 19 -10 -60 24 -10 -51 17 -10
3 15 -51 17 -10 -60 24 -10 -51 15 -10
0
