0 Tile  1 x  2 with "HC514" Pattern
0 Name: 3069bpa1.dat
0 Author: Marek Idec [Maras]
0 !LDRAW_ORG Part UPDATE 2010-03
0 !LICENSE Redistributable under CCAL version 2.0 : see CAreadme.txt

0 BFC CERTIFY CCW

0 !KEYWORDS Adventurers, number-plate, car, HC514
0 !HISTORY 2002-11-30 [PTadmin] Official Update 2002-05
0 !HISTORY 2007-06-13 [PTadmin] Header formatted for Contributor Agreement
0 !HISTORY 2008-07-01 [PTadmin] Official Update 2008-01
0 !HISTORY 2009-08-13 [anathema] BFC'd
0 !HISTORY 2010-12-31 [PTadmin] Official Update 2010-03

1 16 0 0 0 1 0 0 0 1 0 0 0 1 s\3069bs01.dat
0 // Pattern
0 // Frame
4 15 -17.6 0 -7.6 -18.4 0 -8.4 18.4 0 -8.4 17.6 0 -7.6
4 15 17.6 0 -7.6 18.4 0 -8.4 18.4 0 8.4 17.6 0 7.6
4 15 -17.6 0 7.6 17.6 0 7.6 18.4 0 8.4 -18.4 0 8.4
4 15 -17.6 0 7.6 -18.4 0 8.4 -18.4 0 -8.4 -17.6 0 -7.6
0 Figures
0 // Letter H
4 15 -16.7 0 3.4 -16.7 0 -3.4 -15.9 0 -3.4 -15.9 0 3.4
4 15 -11.7 0 3.4 -11.7 0 -3.4 -10.9 0 -3.4 -10.9 0 3.4
4 15 -15.9 0 0.6 -15.9 0 -0.2 -11.7 0 -0.2 -11.7 0 0.6
4 16 -15.9 0 0.6 -11.7 0 0.6 -11.7 0 3.4 -15.9 0 3.4
4 16 -15.9 0 -3.4 -11.7 0 -3.4 -11.7 0 -0.2 -15.9 0 -0.2
0 // Letter C
1 15 -6.8 0 0 -0.8 0 0 0 1 0 0 0 -0.9 1-4RING3.DAT
1 16 -6.8 0 0 -2.4 0 0 0 1 0 0 0 -2.7 1-4disc.dat
1 16 -6.8 0 0 -3.2 0 0 0 1 0 0 0 -3.6 1-4ndis.dat
1 15 -6.8 0 0 -0.8 0 0 0 1 0 0 0 0.9 1-4RING3.DAT
1 16 -6.8 0 0 -2.4 0 0 0 1 0 0 0 2.7 1-4disc.dat
1 16 -6.8 0 0 -3.2 0 0 0 1 0 0 0 3.6 1-4ndis.dat
4 16 -3.6 0 0 -4.4 0 0 -4.5824 0 -1.0332 -3.7824 0 -1.0332
3 15 -3.7824 0 -1.0332 -4.5824 0 -1.0332 -3.8432 0 -1.3779
4 15 -3.8432 0 -1.3779 -4.5824 0 -1.0332 -5.1032 0 -1.9089 -4.5376 0 -2.5452
4 15 -4.5376 0 -2.5452 -5.1032 0 -1.9089 -5.8816 0 -2.4948 -5.5752 0 -3.3264
4 15 -5.5752 0 -3.3264 -5.8816 0 -2.4948 -6.8 0 -2.7 -6.8 0 -3.6
1 16 -6.8 0 0 2.4 0 0 0 1 0 0 0 -2.7 1-4disc.dat
1 16 -6.8 0 0 3.2 0 0 0 1 0 0 0 -3.6 1-4ndis.dat
4 16 -3.6 0 0 -3.7824 0 1.0332 -4.5824 0 1.0332 -4.4 0 0
3 15 -3.8432 0 1.3779 -4.5824 0 1.0332 -3.7824 0 1.0332
4 15 -3.8432 0 1.3779 -4.5376 0 2.5452 -5.1032 0 1.9089 -4.5824 0 1.0332
4 15 -4.5376 0 2.5452 -5.5752 0 3.3264 -5.8816 0 2.4948 -5.1032 0 1.9089
4 15 -5.5752 0 3.3264 -6.8 0 3.6 -6.8 0 2.7 -5.8816 0 2.4948
1 16 -6.8 0 0 2.4 0 0 0 1 0 0 0 2.7 1-4disc.dat
1 16 -6.8 0 0 3.2 0 0 0 1 0 0 0 3.6 1-4ndis.dat
0 // Digit 5
4 15 0.303 0 0.697 0.869 0 0.131 1.3877 0 0.4782 1.082 0 1.217
4 15 1.082 0 1.217 1.3877 0 0.4782 2 0 0.6 2 0 1.4
1 15 2 0 -1 0.8 0 0 0 1 0 0 0 0.8 1-4ring2.dat
1 15 2 0 -1 0.8 0 0 0 1 0 0 0 -0.8 1-4ring2.dat
1 15 2 0 -1 -0.8 0 0 0 1 0 0 0 -0.8 1-4ring2.dat
3 15 0.869 0 0.131 0.303 0 0.697 -0.075 0 0.131
3 15 0.303 0 0.697 0.5 0 3.4 -0.075 0 0.131
4 15 0.5 0 3.4 0.303 0 0.697 0.915 0 1.105 1.168 0 2.6
4 15 0.5 0 3.4 1.168 0 2.6 4.1 0 2.6 4.1 0 3.4
1 16 2 0 -1 1.6 0 0 0 1 0 0 0 1.6 4-4disc.dat
1 16 2 0 -1 2.4 0 0 0 1 0 0 0 2.4 1-4ndis.dat
1 16 2 0 -1 2.4 0 0 0 1 0 0 0 -2.4 1-4ndis.dat
1 16 2 0 -1 -2.4 0 0 0 1 0 0 0 -2.4 1-4ndis.dat
4 16 0.522 0 -0.388 0.869 0 0.131 -0.4 0 0.131 -0.4 0 -0.388
4 16 0.522 0 -0.388 -0.4 0 -0.388 -0.4 0 -1 0.4 0 -1
4 16 -0.075 0 0.131 0.5 0 3.4 -0.4 0 3.4 -0.4 0 0.131
3 16 1.168 0 2.6 0.915 0 1.105 1.082 0 1.217
3 16 1.082 0 1.217 2 0 1.4 1.168 0 2.6
4 16 4.1 0 2.6 1.168 0 2.6 2 0 1.4 4.4 0 1.4
4 16 4.1 0 3.4 4.1 0 2.6 4.4 0 1.4 4.4 0 3.4
0 // Digit 1
4 15 7.9 0 3.4 7.9 0 -3.4 8.7 0 -3.4 8.7 0 3.4
4 15 6.1 0 2.1 6.1 0 1.4 7.9 0 1.4 7.9 0 2.1
1 15 6.1 0 3.4 1.8 0 0 0 1 0 0 0 -1.3 1-4ndis.dat
1 16 6.1 0 3.4 1.8 0 0 0 1 0 0 0 -1.3 1-4disc.dat
4 16 6.1 0 -3.4 7.9 0 -3.4 7.9 0 1.4 6.1 0 1.4
0 // Digit 4
4 15 14.9 0 3.4 14.9 0 -3.4 15.7 0 -3.4 15.7 0 3.4
4 15 15.7 0 -1 15.7 0 -1.8 16.7 0 -1.8 16.7 0 -1
4 15 11.7 0 -1 11.7 0 -1.8 14.9 0 -1.8 14.9 0 -1
4 15 14.9 0 3.4 11.7 0 -1 12.689 0 -1 14.9 0 2.04
3 16 14.9 0 -1 14.9 0 2.04 12.689 0 -1
3 16 11.7 0 -1 14.9 0 3.4 11.7 0 3.4
4 16 11.7 0 -3.4 14.9 0 -3.4 14.9 0 -1.8 11.7 0 -1.8
4 16 15.7 0 -3.4 16.7 0 -3.4 16.7 0 -1.8 15.7 0 -1.8
4 16 15.7 0 -1 16.7 0 -1 16.7 0 3.4 15.7 0 3.4
0 // Background
4 16 17.6 0 -3.4 17.6 0 3.4 16.7 0 3.4 16.7 0 -3.4
4 16 11.7 0 3.4 8.7 0 3.4 8.7 0 -3.4 11.7 0 -3.4
4 16 6.1 0 3.4 4.4 0 3.4 4.4 0 -3.4 6.1 0 -3.4
4 16 -3.6 0 3.4 -3.6 0 -3.4 -0.4 0 -3.4 -0.4 0 3.4
4 16 -10.9 0 3.4 -10.9 0 -3.4 -10 0 -3.4 -10 0 3.4
4 16 -17.6 0 3.4 -17.6 0 -3.4 -16.7 0 -3.4 -16.7 0 3.4
4 16 -10 0 7.6 -10 0 3.6 -3.6 0 3.6 -3.6 0 7.6
4 16 -10 0 -7.6 -3.6 0 -7.6 -3.6 0 -3.6 -10 0 -3.6
4 16 -10 0 -7.6 -10 0 -3.4 -17.6 0 -3.4 -17.6 0 -7.6
4 16 -10 0 7.6 -17.6 0 7.6 -17.6 0 3.4 -10 0 3.4
4 16 -3.6 0 7.6 -3.6 0 3.4 17.6 0 3.4 17.6 0 7.6
4 16 -3.6 0 -7.6 17.6 0 -7.6 17.6 0 -3.4 -3.6 0 -3.4
4 16 -18.4 0 -8.4 -20 0 -10 20 0 -10 18.4 0 -8.4
4 16 18.4 0 8.4 18.4 0 -8.4 20 0 -10 20 0 10
4 16 -18.4 0 8.4 18.4 0 8.4 20 0 10 -20 0 10
4 16 -18.4 0 8.4 -20 0 10 -20 0 -10 -18.4 0 -8.4
0
