0 Train Direction Switch - 4.5 Volt
0 Name: 3218.dat
0 Author: Tore Eriksson [Tore_Eriksson]
0 !LDRAW_ORG Part UPDATE 1998-06
0 !LICENSE Redistributable under CCAL version 2.0 : see CAreadme.txt

0 !HISTORY 1998-06-20 [PTadmin] Official Update 1998-06
0 !HISTORY 2007-06-25 [PTadmin] Header formatted for Contributor Agreement
0 !HISTORY 2008-07-01 [PTadmin] Official Update 2008-01

1 16 10 4 0 1 0 0 0 -1 0 0 0 1 stud4.dat
2 24 26 4 16 -26 4 16
2 24 -26 4 16 -26 4 -16
2 24 -26 4 -16 26 4 -16
2 24 26 4 -16 26 4 16
2 24 26 8 16 -26 8 16
2 24 -26 8 16 -26 8 -16
2 24 -26 8 -16 26 8 -16
2 24 26 8 -16 26 8 16
2 24 26 8 16 26 4 16
2 24 -26 8 16 -26 4 16
2 24 26 8 -16 26 4 -16
2 24 -26 8 -16 -26 4 -16
4 16 26 4 16 26 4 -16 -14 4 -16 -14 4 16
4 16 26 4 16 26 4 -16 -14 4 -16 -14 4 16
4 16 -14 4 -16 -14 4 0 -26 4 -6 -26 4 -16
4 16 -14 4  16 -14 4 0 -26 4  6 -26 4  16
4 16 -14 4 0  -14 -64 0  -26 -64 -6  -26 4 -6
4 16 -14 4 0  -14 -64 0  -26 -64  6  -26 4  6
4 16 -26 -64 6  -26 -64 -6  -26 4 -6 -26 4 6
3 16 -26 -64 6  -26 -64 -6  -14 -64 0
2 24 -14 4 0 -26 4 -6
2 24 -14 4 0 -26 4  6
2 24 -14 4 0 -14 -64 0
2 24 -26 4 -6 -26 -64 -6
2 24 -26 4  6 -26 -64  6

4 16 26 4 16 26 8 16 -26 8 16 -26 4 16
4 16 -26 4 16 -26 8 16 -26 8 -16 -26 4 -16
4 16 -26 4 -16 -26 8 -16 26 8 -16 26 4 -16
4 16 26 4 -16 26 8 -16 26 8 16 26 4 16
4 16 30 8 20 26 8 16 -26 8 16 -30 8 20
4 16 30 8 -20 26 8 -16 -26 8 -16 -30 8 -20
4 16 30 8 20 26 8 16 26 8 -16 30 8 -20
4 16 -30 8 20 -26 8 16 -26 8 -16 -30 8 -20
1 16 20 0 10 1 0 0 0 1 0 0 0 1 stud.dat
1 16 20 0 -10 1 0 0 0 1 0 0 0 1 stud.dat

2 24 30 0 20 -30 0 20
2 24 -30 0 -8 -30 0 -20
2 24 -30 0  8 -30 0  20
2 24 -30 0 -20 30 0 -20
2 24 30 0 -20 30 0 20
2 24 30 8 20 -30 8 20
2 24 -30 8 20 -30 8 -20
2 24 -30 8 -20 30 8 -20
2 24 30 8 -20 30 8 20
2 24 30 8 20 30 0 20
2 24 -30 8 20 -30 0 20
2 24 30 8 -20 30 0 -20
2 24 -30 8 -20 -30 0 -20
4 16 30 0 20 30 0 -20 -11 0 -20 -11 0 20
4 16 -11 0 0  -30 0 -11 -30 0 -20 -11 0 -20
4 16 -11 0 0  -30 0  11 -30 0  20 -11 0  20
4 16 30 0 20 30 8 20 -30 8 20 -30 0 20
4 16 -30 0 20 -30 8 20 -30 8 -20 -30 0 -20
4 16 -30 0 -20 -30 8 -20 30 8 -20 30 0 -20
4 16 30 0 -20 30 8 -20 30 8 20 30 0 20

2 24  -30 -68 -8  -30 -68 8
2 24  -30 -68 -8  -29.41 -68 -9.41
2 24  -29.41 -68 -9.41  -28 -68 -10
2 24  -28 -68 -10  -12 -68 -2
2 24  -30 -68 8  -29.41 -68 9.41
2 24  -29.41 -68 9.41  -28 -68 10
2 24  -28 -68 10  -12 -68 2
1 16  -12 -68 0 0 0 2 0 0 0  2 0 0  2-4edge.dat

4 16  -30 -68 -8  -30 -68 8  -30 0 8  -30 0 -8
5 24  -30 0 -8  -30 -68 -8  -29.41 -68  -9.41  -30 -68 8
5 24  -30 0  8  -30 -68  8  -29.41 -68   9.41  -30 -68 -8
4 16  -30 -68 -8  -29.41 -68 -9.41  -29.41 0 -9.41  -30 0 -8
5 24  -29.41 0 -9.41  -29.41 -68 -9.41  -30 -68 -8  -28 -68 -10
5 24  -29.41 0  9.41  -29.41 -68  9.41  -30 -68  8  -28 -68  10
4 16  -29.41 -68 -9.41  -28 -68 -10  -28 0 -10 -29.41 0 -9.41
5 24  -28 0 -10  -28 -68 -10  -29.41 -68 -9.41  -12 -68 -2
5 24  -28 0  10  -28 -68  10  -29.41 -68  9.41  -12 -68  2
4 16  -28 -68 -10  -12 -68 -2  -12 0 -2  -28 0 -10

4 16  -30 -68  8  -29.41 -68  9.41  -29.41 0  9.41  -30 0  8
4 16  -29.41 -68 9.41  -28 -68 10  -28 0 10 -29.41 0 9.41
4 16  -28 -68 10  -12 -68 2  -12 0 2  -28 0 10
1 16  -12 -68 0 0 0 2 0 68 0  2 0 0  2-4cyli.dat
2 24  -30 0 -8  -29.41 0 -9.41
2 24  -29.41 0 -9.41  -28 0 -10
2 24  -28 0 -10  -12 0 -2
2 24  -30 0 8  -29.41 0 9.41
2 24  -29.41 0 9.41  -28 0 10
2 24  -28 0 10  -12 0 2
1 16  -12 0 0 0 0 2 0 0 0  2 0 0  2-4edge.dat
4 16  -30 -68 -8  -29.41 -68 -9.41  -28 -68 -10  -28 -68 -8
4 16  -30 -68  8  -29.41 -68  9.41  -28 -68  10  -28 -68  8
4 16  -30 -68 -8  -28 -68 -8  -28 -68 8  -30 -68 8
4 16  -28 -68 -10  -28 -68 10  -12 -68 2  -12 -68 -2
1 16  -12 -68 0 0 0 2 0 0 0  2 0 0  2-4disc.dat

1 16 -23 -68 0 1 0 0  0 1 0  0 0 1 stud.dat
