0 Wing  4 x  8 Tail
0 Name: 3474.dat
0 Author: Frits Blankenzee
0 !LDRAW_ORG Part UPDATE 2009-03
0 !LICENSE Redistributable under CCAL version 2.0 : see CAreadme.txt

0 BFC CERTIFY CCW

0 !HISTORY 1998-07-15 [PTadmin] Official Update 1998-07
0 !HISTORY 2007-06-25 [PTadmin] Header formatted for Contributor Agreement
0 !HISTORY 2008-07-01 [PTadmin] Official Update 2008-01
0 !HISTORY 2008-07-07 [technog] BFC'd, primitive optimized, corrected errors (2006-05-21)
0 !HISTORY 2009-12-29 [PTadmin] Official Update 2009-03

1 16 0 3 0 1 0 0 0 -1.25 0 0 0 1 stud4.dat
1 16 20 3 0 1 0 0 0 -1.25 0 0 0 1 stud4.dat
1 16 -20 3 0 1 0 0 0 -1.25 0 0 0 1 stud4.dat
1 16 40 3 0 1 0 0 0 -1.25 0 0 0 1 stud4.dat
1 16 -40 3 0 1 0 0 0 -1.25 0 0 0 1 stud4.dat
1 16 20 0 0 1 0 0 0 1 0 0 0 1 stug2.dat
1 16 -20 0 0 1 0 0 0 1 0 0 0 1 stug2.dat
1 16 50 0 -10 1 0 0 0 1 0 0 0 1 stud.dat
1 16 -50 0 -10 1 0 0 0 1 0 0 0 1 stud.dat
1 16 70 0 -10 1 0 0 0 1 0 0 0 1 stud.dat
1 16 -70 0 -10 1 0 0 0 1 0 0 0 1 stud.dat
1 16 -70 0 -30 1 0 0 0 1 0 0 0 1 stud.dat
1 16 70 0 -30 1 0 0 0 1 0 0 0 1 stud.dat
1 16 31.9 1.5 -29.1 0 0 -31.9 1.5 0 0 0 1 9.1 rect3.dat
1 16 -31.9 1.5 -29.1 31.9 0 0 0 0 1.5 9.1 1 0 rect2p.dat
4 16 -80 0 -9.6 -80 0 -40 -70 0 -40 0 0 -20
1 16 -72 0 -9.6 -8 0 0 0 1 0 0 0 8 3-16chrd.dat
4 16 0 0 20 -2 0 20 -80 0 -9.6 0 0 -20
4 16 -2 0 20 -2 0 38.9 -75.06 0 -2.21 -80 0 -9.6
4 16 80 0 -9.6 2 0 20 0 0 20 0 0 -20
4 16 75.06 0 -2.21 2 0 38.9 2 0 20 80 0 -9.6
1 16 72 0 -9.6 8 0 0 0 1 0 0 0 8 3-16chrd.dat
4 16 0 0 -20 70 0 -40 80 0 -40 80 0 -9.6
3 16 0 3 -20 -63.8 3 -38.2 -63.8 3 -20
4 16 -76.3 3 -36.3 -76.3 3 -7.2 -67.5 3 -2.3 -67.5 3 -36.3
4 16 63.8 3 -16.3 -63.8 3 -16.3 -63.8 3 0.2 63.8 3 0.2
4 16 63.8 3 0.2 -63.8 3 0.2 -34.6 3 16.3 34.6 3 16.3
3 16 -4.5 3 20 -27.9 3 20 -4.5 3 33.2
3 16 4.5 3 33.2 27.9 3 20 4.5 3 20
4 16 67.5 3 -36.3 67.5 3 -2.3 76.3 3 -7.2 76.3 3 -36.3
3 16 63.8 3 -20 63.8 3 -38.2 0 3 -20
1 16 72 0 -9.6 8 0 0 0 1 0 0 0 8 3-16edge.dat
1 16 -72 0 -9.6 -8 0 0 0 1 0 0 0 8 3-16edge.dat
1 16 -66.9 4 -39.1 3.1 0 0 0 0 4 0.9 1 0 rect2p.dat
1 16 -75 4 -40 0 0 5 4 0 0 0 1 0 rect.dat
1 16 -80 4 -24.8 0 1 0 0 0 4 15.2 0 0 rect2p.dat
1 16 -72 0 -9.6 -8 0 0 0 8 0 0 0 8 3-16cyli.dat
1 16 -38.53 4 18.345 36.53 0 0 0 0 4 20.555 -1 0 rect2p.dat
0 BFC INVERTNEXT
1 16 0 4 38.9 0 0 2 4 0 0 0 -18.9 0 box3u2p.dat
1 16 38.53 4 18.345 36.53 0 0 0 0 4 -20.555 -1 0 rect2p.dat
1 16 72 0 -9.6 8 0 0 0 8 0 0 0 8 3-16cyli.dat
1 16 80 4 -24.8 0 -1 0 0 0 4 15.2 0 0 rect2p.dat
1 16 75 4 -40 0 0 5 4 0 0 0 1 0 rect.dat
1 16 66.9 4 -39.1 3.1 0 0 0 0 4 -0.9 1 0 rect2p.dat
0 BFC INVERTNEXT
1 16 0 5.5 -38.2 0 0 63.8 2.5 0 0 0 18.2 0 box3u2p.dat
1 16 -71.9 5.5 -36.3 0 0 4.4 2.5 0 0 0 -1 0 rect.dat
1 16 -76.3 5.5 -21.75 0 -1 0 0 0 2.5 14.55 0 0 rect2p.dat
1 16 -71.9 5.5 -4.75 0 0 4.4 2.5 0 0 0 1 2.45 rect.dat
1 16 -67.5 5.5 -19.3 0 1 0 0 0 2.5 17 0 0 rect2p.dat
0 BFC INVERTNEXT
1 16 0 5.5 -0.2 0 0 63.8 2.5 0 0 0 -16.1 0 box3u2p.dat
1 16 -49.2 5.5 8.05 14.6 0 0 0 0 2.5 8.25 1 0 rect2p.dat
1 16 0 5.5 16.3 34.6 0 0 0 0 2.5 0 1 0 rect.dat
1 16 49.2 5.5 8.05 14.6 0 0 0 0 2.5 -8.25 1 0 rect2p.dat
0 BFC INVERTNEXT
1 16 -4.5 3 20 0 0 -23.4 0 5 0 13.2 0 0 tri3.dat
0 BFC INVERTNEXT
1 16 4.5 3 20 0 0 23.4 0 5 0 13.2 0 0 tri3.dat
1 16 71.9 5.5 -36.3 0 0 4.4 2.5 0 0 0 -1 0 rect.dat
1 16 76.3 5.5 -21.75 0 1 0 0 0 2.5 14.55 0 0 rect2p.dat
1 16 71.9 5.5 -4.75 0 0 4.4 2.5 0 0 0 1 -2.45 rect.dat
1 16 67.5 5.5 -19.3 0 -1 0 0 0 2.5 17 0 0 rect2p.dat
4 16 -70 8 -40 -76.3 8 -36.3 -67.5 8 -36.3 -63.8 8 -38.2
4 16 -80 8 -40 -80 8 -36.3 -76.3 8 -36.3 -70 8 -40
4 16 -76.3 8 -36.3 -80 8 -36.3 -80 8 -9.6 -76.3 8 -7.2
1 16 -72 8 -9.6 -8 0 0 0 -1 0 0 0 8 3-16chrd.dat
4 16 -76.3 8 -7.2 -80 8 -9.6 -75.06 8 -2.21 -2 8 38.9
4 16 -76.3 8 -7.2 -2 8 38.9 -4.5 8 33.2 -27.9 8 20
4 16 -34.6 8 16.3 -27.9 8 20 27.9 8 20 34.6 8 16.3
4 16 -4.5 8 20 -4.5 8 33.2 -2 8 38.9 -2 8 20
4 16 2 8 20 2 8 38.9 4.5 8 33.2 4.5 8 20
4 16 -63.8 8 -38.2 -67.5 8 -36.3 -67.5 8 -2.3 -63.8 8 -0.2
4 16 -63.8 8 -20 -63.8 8 -16.3 63.8 8 -16.3 63.8 8 -20
4 16 4.5 8 33.2 2 8 38.9 76.3 8 -7.2 27.9 8 20
4 16 2 8 38.9 75.06 8 -2.21 80 8 -9.6 76.3 8 -7.2
1 16 72 8 -9.6 8 0 0 0 -1 0 0 0 8 3-16chrd.dat
4 16 80 8 -36.3 76.3 8 -36.3 76.3 8 -7.2 80 8 -9.6
4 16 80 8 -40 70 8 -40 76.3 8 -36.3 80 8 -36.3
4 16 63.8 8 -38.2 67.5 8 -36.3 76.3 8 -36.3 70 8 -40
4 16 63.8 8 -38.2 63.8 8 -0.2 67.5 8 -2.3 67.5 8 -36.3
1 16 72 8 -9.6 8 0 0 0 1 0 0 0 8 3-16edge.dat
1 16 -72 8 -9.6 -8 0 0 0 1 0 0 0 8 3-16edge.dat
0
