0 Plate  2 x  5 with Towball Socket (needs work)
0 Name: 3491.dat
0 Author: Thomas Burger [grapeape]
0 !LDRAW_ORG Part UPDATE 1998-07
0 !LICENSE Redistributable under CCAL version 2.0 : see CAreadme.txt

0 !HISTORY 1998-07-15 [PTadmin] Official Update 1998-07
0 !HISTORY 2007-06-25 [PTadmin] Header formatted for Contributor Agreement
0 !HISTORY 2008-07-01 [PTadmin] Official Update 2008-01

1 16 20 4 0 1 0 0 0 -1 0 0 0 1 stud4.dat
1 16 0 4 0 1 0 0 0 -1 0 0 0 1 stud4.dat
1 16 -20 4 0 1 0 0 0 -1 0 0 0 1 stud4.dat
1 16 0 8 0 36 0 0 0 -4 0 0 0 16 box5.dat
4 16 40 8 20 36 8 16 -36 8 16 -40 8 20
4 16 40 8 -20 36 8 -16 -36 8 -16 -40 8 -20
4 16 40 8 20 36 8 16 36 8 -16 40 8 -20
4 16 -40 8 20 -36 8 16 -36 8 -16 -40 8 -20
1 16 30 0 10 1 0 0 0 1 0 0 0 1 stud.dat
1 16 10 0 10 1 0 0 0 1 0 0 0 1 stud.dat
1 16 -10 0 10 1 0 0 0 1 0 0 0 1 stud.dat
1 16 -30 0 10 1 0 0 0 1 0 0 0 1 stud.dat
1 16 30 0 -10 1 0 0 0 1 0 0 0 1 stud.dat
1 16 10 0 -10 1 0 0 0 1 0 0 0 1 stud.dat
1 16 -10 0 -10 1 0 0 0 1 0 0 0 1 stud.dat
1 16 -30 0 -10 1 0 0 0 1 0 0 0 1 stud.dat
2 24 40 0 20 40 0 -20
2 24 -40 0 -20 40 0 -20
2 24 40 0 -20 40 8 -20
2 24 40 0 20 40 8 20
2 24 40 8 20 40 8 -20
2 24 -40 0 20 40 0 20
2 24 -40 8 20 40 8 20
2 24 -40 8 -20 40 8 -20
4 16 -40 0 -20 -40 8 -20 40 0 -20 40 8 -20
4 16 40 0 -20 40 8 -20 40 0 20 40 8 20
4 16 40 0 20 40 8 20 -40 0 20 -40 8 20
4 16 -40 0 20 40 0 20 -40 0 -20 40 0 -20
0 tow edge
2 24 -40 0 20 -45.35 0 20.05
2 24 -45.35 0 20.05 -52.45 0 18.64
2 24 -52.45 0 18.64 -58.47 0 14.62
2 24 -58.47 0 14.62 -62.49 0 8.60
2 24 -62.49 0 8.60 -63.90 0 1.50
2 24 -63.90 0 1.50 -45.35 0 1.50
2 24 -45.35 0 1.50 -45.75 0 -2.15
2 24 -45.75 0 -2.15 -64 0 -2.15
2 24 -64 0 -2.15 -62.61 0 -9.13
2 24 -62.61 0 -9.13 -58.65 0 -15.05
2 24 -58.65 0 -15.05 -52.73 0 -19.01
2 24 -52.73 0 -19.01 -45.75 0 -20.40
2 24 -45.75 0 -20.40 -40 0 -20
2 24 -40 8 20 -45.35 8 20.05
2 24 -45.35 8 20.05 -52.45 8 18.64
2 24 -52.45 8 18.64 -58.47 8 14.62
2 24 -58.47 8 14.62 -62.49 8 8.60
2 24 -62.49 8 8.60 -63.90 8 1.50
2 24 -64 8 -2.15 -62.61 8 -9.13
2 24 -62.61 8 -9.13 -58.65 8 -15.05
2 24 -58.65 8 -15.05 -52.73 8 -19.01
2 24 -52.73 8 -19.01 -45.75 8 -20.40
2 24 -45.75 8 -20.40 -40 8 -20
4 16 -40 0 20 -45.35 0 20.05 -40 8 20 -45.35 8 20.05
4 16 -45.35 0 20.05 -52.45 0 18.64 -45.35 8 20.05 -52.45 8 18.64
4 16 -52.45 0 18.64 -58.47 0 14.62 -52.45 8 18.64 -58.47 8 14.62
4 16 -58.47 0 14.62 -62.49 0 8.60 -58.47 8 14.62 -62.49 8 8.60
4 16 -62.49 0 8.60 -63.90 0 1.50 -62.49 8 8.60 -63.90 8 1.50
4 16 -64 0 -2.15 -62.61 0 -9.13 -64 8 -2.15 -62.61 8 -9.13
4 16 -62.61 0 -9.13 -58.65 0 -15.05 -62.61 8 -9.13 -58.65 8 -15.05
4 16 -58.65 0 -15.05 -52.73 0 -19.01 -58.65 8 -15.05 -52.73 8 -19.01
4 16 -52.73 0 -19.01 -45.75 0 -20.40 -52.73 8 -19.01 -45.75 8 -20.40
4 16 -45.75 0 -20.40 -40 0 -20 -45.75 8 -20.40 -40 8 -20

2 24 -40.17 8.7 -2 -40.17 16.7 -2
2 24 -40.17 16.7 -2 -40.69 17.7 -4
2 24 -40.69 17.7 -4 -41.75 19.7 -4
2 24 -41.75 19.7 -4 -45.07 20.7 -4
2 24 -45.07 20.7 -4 -45.07 17.7 -4
2 24 -45.07 17.7 -4 -44.25 16.7 -2
2 24 -44.25 16.7 -2 -44.25 8.7 -2
2 24 -44.25 8.7 -2 -40.17 8.7 -2
2 24 -44.25 16.7 -2 -40.17 16.7 -2
2 24 -45.07 17.7 -4 -40.69 17.7 -4

2 24 -40.17 8.7 -2 -40.17 8.7 2
2 24 -44.25 8.7 -2 -44.25 8.7 2

2 24 -40.17 8.7 2 -40.17 16.7 2
2 24 -40.17 16.7 2 -40.69 17.7 4
2 24 -40.69 17.7 4 -41.75 19.7 4
2 24 -41.75 19.7 4 -45.07 20.7 4
2 24 -45.07 20.7 4 -45.07 17.7 4
2 24 -45.07 17.7 4 -44.25 16.7 2
2 24 -44.25 16.7 2 -44.25 8.7 2
2 24 -44.25 8.7 2 -40.17 8.7 2
2 24 -44.25 16.7 2 -40.17 16.7 2
2 24 -45.07 17.7 4 -40.69 17.7 4

4 16 -40.17 8.7 -2 -40.17 16.7 -2 -44.25 16.7 -2 -44.25 8.7 -2
4 16 -40.17 16.7 -2 -40.69 17.7 -4 -45.07 17.7 -4 -44.25 16.7 -2
4 16 -40.69 17.7 -4 -41.75 19.7 -4 -45.07 20.7 -4 -45.07 17.7 -4
4 16 -40.17 8.7 -2 -40.17 8.7 2 -44.25 8.7 2 -44.25 8.7 -2
4 16 -40.17 8.7 2 -40.17 16.7 2 -44.25 16.7 2 -44.25 8.7 2
4 16 -40.17 16.7 2 -40.69 17.7 4 -45.07 17.7 4 -44.25 16.7 2
4 16 -40.69 17.7 4 -41.75 19.7 4 -45.07 20.7 4 -45.07 17.7 4

0 inside left
4 16 -52 20.7 8 -52 4.7 8 -48.04 4.7 7.39 -48.04 20.7 7.39
4 16 -48.04 20.7 7.39 -48.04 4.7 7.39 -46.34 4.7 5.66 -46.34 20.7 5.66
4 16 -46.34 20.7 5.66 -46.34 4.7 5.66 -45.07 4.7 4 -45.07 20.7 4
4 16 -45.07 17.7 4 -45.07 4.7 4 -44.25 4.7 2 -44.25 16.7 2
4 16 -44.25 8.7 2 -44.25 4.7 2 -44.25 4.7 -2 -44.25 8.7 -2
4 16 -44.25 16.7 -2 -44.25 4.7 -2 -45.07 4.7 -4 -45.07 17.7 -4
4 16 -45.07 20.7 -4 -45.07 4.7 -4 -46.34 4.7 -5.66 -46.34 20.7 -5.66
4 16 -46.34 20.7 -5.66 -46.34 4.7 -5.66 -48.94 4.7 -7.39 -48.94 20.7 -7.39
4 16 -48.94 20.7 -7.39 -48.94 4.7 -7.39 -52 4.7 -8 -52 20.7 -8

2 24 -52 4.7 8 -48.04 4.7 7.39
2 24 -48.04 4.7 7.39 -46.34 4.7 5.66
2 24 -46.34 4.7 5.66 -45.07 4.7 4
2 24 -45.07 4.7 4 -44.25 4.7 2
2 24 -44.25 4.7 2 -44.25 4.7 -2
2 24 -44.25 4.7 -2 -45.07 4.7 -4
2 24 -45.07 4.7 -4 -46.34 4.7 -5.66
2 24 -46.34 4.7 -5.66 -48.94 4.7 -7.39
2 24 -48.94 4.7 -7.39 -52 4.7 -8

0 left mantle
2 24 -52 20.7 8 -48.94 20.7 7.39
2 24 -48.94 20.7 7.39 -46.34 20.7 5.66
2 24 -46.34 20.7 5.66 -45.07 20.7 4
2 24 -45.07 20.7 -4 -46.34 20.7 -5.66
2 24 -46.34 20.7 -5.66 -48.94 20.7 -7.39
2 24 -48.94 20.7 -7.39 -52 20.7 -8

4 16 -52 20.7 8 -52 19.7 11 -47.79 19.7 10.16 -48.94 20.7 7.39
4 16 -48.94 20.7 7.39 -47.79 19.7 10.16 -44.22 19.7 7.78 -46.34 20.7 5.66
4 16 -46.34 20.7 5.66 -44.22 19.7 7.78 -41.75 19.7 4 -45.07 20.7 4
4 16 -45.07 20.7 -4 -41.75 19.7 -4 -44.22 19.7 -7.78 -46.34 20.7 -5.66
4 16 -46.34 20.7 -5.66 -44.22 19.7 -7.78 -47.79 19.7 -10.16 -48.94 20.7 -7.39
4 16 -48.94 20.7 -7.39 -47.79 19.7 -10.16 -52 19.7 -11 -52 20.7 -8
5 24 -52 20.7 8 -52 19.7 11 -55.06 20.7 7.39 -48.94 20.7 7.39
5 24 -48.94 20.7 7.39 -47.79 19.7 10.16 -52 20.7 8 -46.34 20.7 5.66
5 24 -46.34 20.7 5.66 -44.22 19.7 7.78 -48.94 20.7 7.39 -45.07 20.7 4
5 24 -46.34 20.7 -5.66 -44.22 19.7 -7.78 -48.94 20.7 -7.39 -45.07 20.7 -4
5 24 -48.94 20.7 -7.39 -47.79 19.7 -10.16 -52 20.7 -8 -46.34 20.7 -5.66
5 24 -52 20.7 -8 -52 19.7 -11 -48.94 20.7 -7.39 -55.06 20.7 -7.39

5 24 -52 19.7 11 -47.79 19.7 10.16 -52 20.7 8 -52 16.7 12
5 24 -47.79 19.7 10.16 -44.22 19.7 7.78 -48.94 20.7 7.39 -47.41 16.7 11.09
5 24 -44.22 19.7 7.78 -41.75 19.7 4 -46.34 20.7 5.66 -43.51 16.7 8.49
5 24 -41.75 19.7 -4 -44.22 19.7 -7.78 -46.34 20.7 -5.66 -43.51 16.7 -8.49
5 24 -44.22 19.7 -7.78 -47.79 19.7 -10.16 -48.94 20.7 -7.39 -47.41 16.7 -11.09
5 24 -47.79 19.7 -10.16 -52 19.7 -11 -52 20.7 -8 -52 20.7 -12

4 16 -52 19.7 11 -52 16.7 12 -47.41 16.7 11.09 -47.79 19.7 10.16
4 16 -47.79 19.7 10.16 -47.41 16.7 11.09 -43.51 16.7 8.49 -44.22 19.7 7.78
4 16 -44.22 19.7 7.78 -43.51 16.7 8.49 -40.69 16.7 4 -41.75 19.7 4
3 16 -41.75 17.7 4 -40.69 16.7 4 -40.17 16.7 2
3 16 -40.17 16.7 -2 -40.69 16.7 -4 -41.75 17.7 -4
4 16 -41.75 19.7 -4 -40.69 16.7 -4 -43.51 16.7 -8.49 -44.22 19.7 -7.78
4 16 -44.22 19.7 -7.78 -43.51 16.7 -8.49 -47.41 16.7 -11.09 -47.79 19.7 -10.16
4 16 -47.79 19.7 -10.16 -47.41 16.7 -11.09 -52 16.7 -12 -52 19.7 -11
5 24 -52 19.7 11 -52 16.7 12 -56.21 19.7 10.16 -47.79 19.7 10.16
5 24 -47.79 19.7 10.16 -47.41 16.7 11.09 -52 19.7 11 -44.22 19.7 7.78
5 24 -44.22 19.7 7.78 -43.51 16.7 8.49 -47.79 19.7 10.16 -41.75 19.7 4
5 24 -41.75 17.7 4 -40.69 16.7 4 -43.51 16.7 8.49 -40.17 16.7 2
5 24 -41.75 17.7 -4 -40.69 16.7 -4 -43.51 16.7 -8.49 -40.17 16.7 -2
5 24 -44.22 19.7 -7.78 -43.51 16.7 -8.49 -47.79 19.7 -10.16 -41.75 19.7 -4
5 24 -47.79 19.7 -10.16 -47.41 16.7 -11.09 -52 19.7 -11 -44.22 19.7 -7.78
5 24 -52 19.7 -11 -52 16.7 -12 -56.21 19.7 -10.16 -47.79 19.7 -10.16

5 24 -52 16.7 12 -47.41 16.7 11.09 -52 19.7 11 -52 8.7 12
5 24 -47.41 16.7 11.09 -43.51 16.7 8.49 -47.79 19.7 10.16 -47.41 8.7 11.09
5 24 -43.51 16.7 8.49 -40.69 16.7 4 -44.22 19.7 7.78 -43.51 8.7 8.49
5 24 -40.69 16.7 4 -40.17 16.7 2 -41.75 19.7 4 -40.69 8.7 4
5 24 -40.17 16.7 -2 -40.69 16.7 -4 -41.75 19.7 -4 -40.69 8.7 -4
5 24 -40.69 16.7 -4 -43.51 16.7 -8.49 -44.22 19.7 -7.78 -43.51 8.7 -8.49
5 24 -43.51 16.7 -8.49 -47.41 16.7 -11.09 -47.79 19.7 -10.16 -47.41 8.7 -11.09
5 24 -47.41 16.7 -11.09 -52 16.7 -12 -52 19.7 -11 -52 8.7 -12

4 16 -52 16.7 12 -52 4.7 12 -47.41 4.7 11.09 -47.41 16.7 11.09
4 16 -47.41 16.7 11.09 -47.41 4.7 11.09 -43.51 4.7 8.49 -43.51 16.7 8.49
4 16 -43.51 16.7 8.49 -43.51 4.7 8.49 -40.69 4.7 4 -40.69 16.7 4
4 16 -40.69 16.7 4 -40.69 4.7 4 -40.17 4.7 2 -40.17 16.7 2
4 16 -40.17 8.7 2 -40.17 4.7 2 -40.17 4.7 -2 -40.17 8.7 -2
4 16 -40.17 16.7 -2 -40.17 4.7 -2 -40.69 4.7 -4 -40.69 16.7 -4
4 16 -40.69 16.7 -4 -40.69 4.7 -4 -43.51 4.7 -8.49 -43.51 16.7 -8.49
4 16 -43.51 16.7 -8.49 -43.51 4.7 -8.49 -47.41 4.7 -11.09 -47.41 16.7 -11.09
4 16 -47.41 16.7 -11.09 -47.41 4.7 -11.09 -52 4.7 -12 -52 16.7 -12
5 24 -52 16.7 12 -52 4.7 12 -56.59 16.7 11.09 -47.41 16.7 11.09
5 24 -47.41 16.7 11.09 -47.41 4.7 11.09 -52 16.7 12 -43.51 16.7 8.49
5 24 -43.51 16.7 8.49 -43.51 4.7 8.49 -47.41 16.7 11.09 -40.69 16.7 4
5 24 -40.69 16.7 4 -40.69 4.7 4 -43.51 16.7 8.49 -40.69 16.7 -4
5 24 -40.69 16.7 -4 -40.69 4.7 -4 -40.69 16.7 4 -43.51 16.7 -8.49
5 24 -43.51 16.7 -8.49 -43.51 4.7 -8.49 -40.69 16.7 -4 -47.41 16.7 -11.09
5 24 -47.41 16.7 -11.09 -47.41 4.7 -11.09 -43.51 16.7 -8.49 -52 16.7 -12
5 24 -52 16.7 -12 -52 4.7 -12 -47.41 16.7 -11.09 -56.59 16.7 -11.09

5 24 -52 4.7 12 -47.41 4.7 11.09 -52 16.7 12 -52 1.7 11
5 24 -47.41 4.7 11.09 -43.51 4.7 8.49 -47.41 16.7 11.09 -47.79 1.7 10.16
5 24 -43.51 4.7 8.49 -40.69 4.7 4 -43.51 16.7 8.49 -44.22 1.7 7.78
5 24 -40.69 4.7 -4 -43.51 4.7 -8.49 -43.51 16.7 -8.49 -44.22 1.7 -7.78
5 24 -43.51 4.7 -8.49 -47.41 4.7 -11.09 -47.41 16.7 -11.09 -47.79 1.7 -10.16
5 24 -47.41 4.7 -11.09 -52 4.7 -12 -52 16.7 -12 -52 1.7 -11

4 16 -52 4.7 12 -52 1.7 11 -47.79 1.7 10.16 -47.41 4.7 11.09
4 16 -47.41 4.7 11.09 -47.79 1.7 10.16 -44.22 1.7 7.78 -43.51 4.7 8.49
4 16 -43.51 4.7 8.49 -44.22 1.7 7.78 -41.75 1.7 4 -40.69 4.7 4
4 16 -40.69 4.7 -4 -41.75 1.7 -4 -44.22 1.7 -7.78 -43.51 4.7 -8.49
4 16 -43.51 4.7 -8.49 -44.22 1.7 -7.78 -47.79 1.7 -10.16 -47.41 4.7 -11.09
4 16 -47.41 4.7 -11.09 -47.79 1.7 -10.16 -52 1.7 -11 -52 4.7 -12
5 24 -52 4.7 12 -52 1.7 11 -56.59 4.7 11.09 -47.41 4.7 11.09
5 24 -47.41 4.7 11.09 -47.79 1.7 10.16 -52 4.7 12 -43.51 4.7 8.49
5 24 -43.51 4.7 8.49 -44.22 1.7 7.78 -47.41 4.7 11.09 -40.69 4.7 4
5 24 -43.51 4.7 -8.49 -44.22 1.7 -7.78 -40.69 4.7 -4 -47.41 4.7 -11.09
5 24 -47.41 4.7 -11.09 -47.788 1.7 -10.16 -43.51 4.7 -8.49 -52 4.7 -12
5 24 -52 4.7 -12 -52 1.7 -11 -47.41 4.7 -11.09 -56.59 4.7 -11.09

5 24 -52 1.7 11 -47.79 1.7 10.16 -52 4.7 12 -52 0.7 8
5 24 -47.79 1.7 10.16 -44.22 1.7 7.78 -47.51 4.7 11.09 -48.94 0.7 7.39
5 24 -44.22 1.7 7.78 -41.75 1.7 4 -43.51 4.7 8.49 -46.34 0.7 5.66
5 24 -41.75 1.7 -4 -44.22 1.7 -7.78 -40.69 4.7 -4 -45.07 0.7 -4
5 24 -44.22 1.7 -7.78 -47.79 1.7 -10.16 -43.51 4.7 -8.49 -46.34 0.7 -5.66
5 24 -47.79 1.7 -10.16 -52 1.7 -11 -47.41 4.7 -11.09 -48.94 0.7 -7.39

4 16 -52 1.7 11 -52 0.7 8 -48.94 0.7 7.39 -47.79 1.7 10.16
4 16 -47.79 1.7 10.16 -48.94 0.7 7.39 -46.34 0.7 5.66 -44.22 1.7 7.78
4 16 -44.22 1.7 7.78 -46.34 0.7 5.66 -45.07 0.7 4 -41.75 1.7 4
4 16 -41.75 1.7 -4 -45.07 0.7 -4 -46.34 0.7 -5.66 -44.22 1.7 -7.78
4 16 -44.22 1.7 -7.78 -46.34 0.7 -5.66 -48.94 0.7 -7.39 -47.79 1.7 -10.16
4 16 -47.79 1.7 -10.16 -48.94 0.7 -7.39 -52 0.7 -8 -52 1.7 -11
5 24 -52 1.7 11 -52 0.7 8 -56.21 1.7 10.16 -47.79 1.7 10.16
5 24 -47.79 1.7 10.16 -48.94 0.7 7.39 -52 1.7 11 -44.22 1.7 7.78
5 24 -44.22 1.7 7.78 -46.34 0.7 5.66 -47.79 1.7 10.16 -41.75 1.7 4
5 24 -44.22 1.7 -7.78 -46.34 0.7 -5.66 -41.75 1.7 -4 -47.79 1.7 -10.16
5 24 -47.79 1.7 -10.16 -48.94 0.7 -7.39 -44.22 1.7 -7.78 -52 1.7 -11
5 24 -52 1.7 -11 -52 0.7 -8 -47.79 1.7 -10.16 -56.21 1.7 -10.16

2 24 -52 0.7 8 -48.94 0.7 7.39
2 24 -48.94 0.7 7.39 -46.34 0.7 5.66
2 24 -46.34 0.7 5.66 -45.07 0.7 4
2 24 -45.07 0.7 -4 -46.34 0.7 -5.66
2 24 -46.34 0.7 -5.66 -48.94 0.7 -7.39
2 24 -48.94 0.7 -7.39 -52 0.7 -8

3 16 -52 0.7 8 -48.94 0.7 7.39 -52 0.7 4
4 16 -48.94 0.7 7.39 -46.34 0.7 5.66 -45.07 0.7 4 -52 0.7 4
4 16 -48.94 0.7 -7.39 -46.34 0.7 -5.66 -45.07 0.7 -4 -52 0.7 -4
3 16 -52 0.7 -8 -48.94 0.7 -7.39 -52 0.7 -4

0 mouth right
2 24 -63.83 8.7 -2 -63.83 16.7 -2
2 24 -63.83 16.7 -2 -63.31 17.7 -4
2 24 -63.31 17.7 -4 -62.25 19.7 -4
2 24 -62.25 19.7 -4 -58.93 20.7 -4
2 24 -58.93 20.7 -4 -58.93 17.7 -4
2 24 -58.93 17.7 -4 -59.75 16.7 -2
2 24 -59.75 16.7 -2 -59.75 8.7 -2
2 24 -59.75 8.7 -2 -63.83 8.7 -2
2 24 -59.75 16.7 -2 -63.83 16.7 -2
2 24 -58.93 17.7 -4 -63.31 17.7 -4
2 24 -63.83 8.7 -2 -63.83 8.7 2
2 24 -59.75 8.7 -2 -59.75 8.7 2
2 24 -63.83 8.7 2 -63.83 16.7 2
2 24 -63.83 16.7 2 -63.31 17.7 4
2 24 -63.31 17.7 4 -62.25 19.7 4
2 24 -62.25 19.7 4 -58.93 20.7 4
2 24 -58.93 20.7 4 -58.93 17.7 4
2 24 -58.93 17.7 4 -59.75 16.7 2
2 24 -59.75 16.7 2 -59.75 8.7 2
2 24 -59.75 8.7 2 -63.83 8.7 2
2 24 -59.75 16.7 2 -63.83 16.7 2
2 24 -58.93 17.7 4 -63.31 17.7 4

4 16 -63.83 8.7 -2 -63.83 16.7 -2 -59.75 16.7 -2 -59.75 8.7 -2
4 16 -63.83 16.7 -2 -63.31 17.7 -4 -58.93 17.7 -4 -59.75 16.7 -2
4 16 -63.31 17.7 -4 -62.25 19.7 -4 -58.93 20.7 -4 -58.93 17.7 -4
4 16 -63.83 8.7 -2 -63.83 8.7 2 -59.75 8.7 2 -59.75 8.7 -2
4 16 -63.83 8.7 2 -63.83 16.7 2 -59.75 16.7 2 -59.75 8.7 2
4 16 -63.83 16.7 2 -63.31 17.7 4 -58.93 17.7 4 -59.75 16.7 2
4 16 -63.31 17.7 4 -62.25 19.7 4 -58.93 20.7 4 -58.93 17.7 4

0 inside right
4 16 -52 20.7 8 -52 4.7 8 -55.96 4.7 7.39 -55.96 20.7 7.39
4 16 -55.96 20.7 7.39 -55.96 4.7 7.39 -57.66 4.7 5.66 -57.66 20.7 5.66
4 16 -57.66 20.7 5.66 -57.66 4.7 5.66 -58.93 4.7 4 -58.93 20.7 4
4 16 -58.93 17.7 4 -58.93 4.7 4 -59.75 4.7 2 -59.75 16.7 2
4 16 -59.75 8.7 2 -59.75 4.7 2 -59.75 4.7 -2 -59.75 8.7 -2
4 16 -59.75 16.7 -2 -59.75 4.7 -2 -58.93 4.7 -4 -58.93 17.7 -4
4 16 -58.93 20.7 -4 -58.93 4.7 -4 -57.66 4.7 -5.66 -57.66 20.7 -5.66
4 16 -57.66 20.7 -5.66 -57.66 4.7 -5.66 -55.06 4.7 -7.39 -55.06 20.7 -7.39
4 16 -55.06 20.7 -7.39 -55.06 4.7 -7.39 -52 4.7 -8 -52 20.7 -8

2 24 -52 4.7 8 -48.04 4.7 7.39
2 24 -48.04 4.7 7.39 -46.34 4.7 5.66
2 24 -46.34 4.7 5.66 -45.07 4.7 4
2 24 -45.07 4.7 4 -44.25 4.7 2
2 24 -44.25 4.7 2 -44.25 4.7 -2
2 24 -44.25 4.7 -2 -45.07 4.7 -4
2 24 -45.07 4.7 -4 -46.34 4.7 -5.66
2 24 -46.34 4.7 -5.66 -48.94 4.7 -7.39
2 24 -48.94 4.7 -7.39 -52 4.7 -8

0 inside back
3 16 -52 4.7 8 -48.04 4.7 7.39 -55.96 4.7 7.39
4 16 -48.04 4.7 7.39 -46.34 4.7 5.66 -57.66 4.7 5.66 -55.96 4.7 7.39
4 16 -46.34 4.7 5.66 -45.07 4.7 4 -58.93 4.7 4 -57.66 4.7 5.66
4 16 -45.07 4.7 4 -44.25 4.7 2 -59.75 4.7 2 -58.93 4.7 4
4 16 -44.25 4.7 2 -44.25 4.7 -2 -59.75 4.7 -2 -59.75 4.7 2
4 16 -44.25 4.7 -2 -45.07 4.7 -4 -58.93 4.7 -4 -59.75 4.7 -2
4 16 -45.07 4.7 -4 -46.34 4.7 -5.66 -57.66 4.7 -5.66 -58.93 4.7 -4
4 16 -46.34 4.7 -5.66 -48.94 4.7 -7.39 -55.06 4.7 -7.39 -57.66 4.7 -5.66
3 16 -48.95 4.7 -7.39 -52 4.7 -8 -55.06 4.7 -7.39

0 right mantle
2 24 -52 20.7 8 -55.06 20.7 7.39
2 24 -55.06 20.7 7.39 -57.66 20.7 5.66
2 24 -57.66 20.7 5.66 -58.93 20.7 4
2 24 -58.93 20.7 -4 -57.66 20.7 -5.66
2 24 -57.66 20.7 -5.66 -55.06 20.7 -7.39
2 24 -55.06 20.7 -7.39 -52 20.7 -8

4 16 -52 20.7 8 -52 19.7 11 -56.21 19.7 10.16 -55.06 20.7 7.39
4 16 -55.06 20.7 7.39 -56.21 19.7 10.16 -59.78 19.7 7.78 -57.66 20.7 5.66
4 16 -57.66 20.7 5.66 -59.78 19.7 7.78 -62.25 19.7 4 -58.93 20.7 4
4 16 -58.93 20.7 -4 -62.25 19.7 -4 -59.78 19.7 -7.78 -57.66 20.7 -5.66
4 16 -57.66 20.7 -5.66 -59.78 19.7 -7.78 -56.21 19.7 -10.16 -55.06 20.7 -7.39
4 16 -55.06 20.7 -7.39 -56.21 19.7 -10.16 -52 19.7 -11 -52 20.7 -8
0 5 24 0 -4 -30  0 -7 -29  3.06 -3.39 -30  3.06 -3.39 -30
5 24 -55.06 20.7 7.39 -56.21 19.7 10.16 -52 20.7 8 -57.66 20.7 5.66
5 24 -57.66 20.7 5.66 -59.78 19.7 7.78 -55.06 20.7 7.39 -58.93 20.7 4
5 24 -57.66 20.7 -5.66 -59.78 19.7 -7.78 -55.06 20.7 -7.39 -58.93 20.7 -4
5 24 -55.06 20.7 -7.39 -56.21 19.7 -10.16 -52 20.7 -8 -57.66 20.7 -5.66
0 5 24 0 12 -30  0 15 -29  3.06 11.39 -30  3.06 11.39 -30

5 24 -52 19.7 11 -56.21 19.7 10.16 -52 20.7 8 -52 16.7 12
5 24 -56.21 19.7 10.16 -59.78 19.7 7.78 -55.06 20.7 7.39 -56.59 16.7 11.09
5 24 -59.78 19.7 7.78 -62.25 19.7 4 -57.66 20.7 5.66 -60.49 16.7 8.49
5 24 -62.25 19.7 -4 -59.78 19.7 -7.78 -57.66 20.7 -5.66 -60.49 16.7 -8.49
5 24 -59.78 19.7 -7.78 -56.21 19.7 -10.16 -55.06 20.7 -7.39 -56.59 16.7 -11.09
5 24 -56.21 19.7 -10.16 -52 19.7 -11 -52 20.7 -8 -52 20.7 -12

4 16 -52 19.7 11 -52 16.7 12 -56.59 16.7 11.09 -56.21 19.7 10.16
4 16 -56.21 19.7 10.16 -56.59 16.7 11.09 -60.49 16.7 8.49 -59.78 19.7 7.78
4 16 -59.78 19.7 7.78 -60.49 16.7 8.49 -63.31 16.7 4 -62.25 19.7 4
3 16 -62.25 17.7 4 -63.31 16.7 4 -63.83 16.7 2
3 16 -63.83 16.7 -2 -63.31 16.7 -4 -62.25 17.7 -4
4 16 -62.25 19.7 -4 -63.31 16.7 -4 -60.49 16.7 -8.49 -59.78 19.7 -7.78
4 16 -59.78 19.7 -7.78 -60.49 16.7 -8.49 -56.59 16.7 -11.09 -56.21 19.7 -10.16
4 16 -56.21 19.7 -10.16 -56.59 16.7 -11.09 -52 16.7 -12 -52 19.7 -11
0 5 24 0 -7 -29  0 -8 -26  4.21 -6.16 -29  4.21 -6.16 -29
5 24 -56.21 19.7 10.16 -56.59 16.7 11.09 -52 19.7 11 -59.78 19.7 7.78
5 24 -59.78 19.7 7.78 -60.49 16.7 8.49 -56.21 19.7 10.16 -62.25 19.7 4
5 24 -62.25 17.7 4 -63.31 16.7 4 -60.49 16.7 8.49 -63.83 16.7 2
5 24 -62.25 17.7 -4 -63.31 16.7 -4 -60.49 16.7 -8.49 -63.83 16.7 -2
5 24 -59.78 19.7 -7.78 -60.49 16.7 -8.49 -56.21 19.7 -10.16 -62.25 19.7 -4
5 24 -56.21 19.7 -10.16 -56.59 16.7 -11.09 -52 19.7 -11 -59.78 19.7 -7.78
0 5 24 0 15 -29  0 16 -26  4.21 14.16 -29  4.21 14.16 -29

5 24 -52 16.7 12 -47.41 16.7 11.09 -52 19.7 11 -52 8.7 12
5 24 -47.41 16.7 11.09 -43.51 16.7 8.49 -47.79 19.7 10.16 -56.59 8.7 11.09
5 24 -43.51 16.7 8.49 -40.69 16.7 4 -44.22 19.7 7.78 -60.49 8.7 8.49
5 24 -40.69 16.7 4 -40.17 16.7 2 -41.75 19.7 4 -63.31 8.7 4
5 24 -40.17 16.7 -2 -40.69 16.7 -4 -41.75 19.7 -4 -63.31 8.7 -4
5 24 -40.69 16.7 -4 -43.51 16.7 -8.49 -44.22 19.7 -7.78 -60.49 8.7 -8.49
5 24 -43.51 16.7 -8.49 -47.41 16.7 -11.09 -47.79 19.7 -10.16 -56.59 8.7 -11.09
5 24 -47.41 16.7 -11.09 -52 16.7 -12 -52 19.7 -11 -52 8.7 -12

4 16 -52 16.7 12 -52 4.7 12 -56.59 4.7 11.09 -56.59 16.7 11.09
4 16 -56.59 16.7 11.09 -56.59 4.7 11.09 -60.49 4.7 8.49 -60.49 16.7 8.49
4 16 -60.49 16.7 8.49 -60.49 4.7 8.49 -63.31 4.7 4 -63.31 16.7 4
4 16 -63.31 16.7 4 -63.31 4.7 4 -63.83 4.7 2 -63.83 16.7 2
4 16 -63.83 8.7 2 -63.83 4.7 2 -63.83 4.7 -2 -63.83 8.7 -2
4 16 -63.83 16.7 -2 -63.83 4.7 -2 -63.31 4.7 -4 -63.31 16.7 -4
4 16 -63.31 16.7 -4 -63.31 4.7 -4 -60.49 4.7 -8.49 -60.49 16.7 -8.49
4 16 -60.49 16.7 -8.49 -60.49 4.7 -8.49 -56.59 4.7 -11.09 -56.59 16.7 -11.09
4 16 -56.59 16.7 -11.09 -56.59 4.7 -11.09 -52 4.7 -12 -52 16.7 -12
0 5 24 0 -8 -26  0 -8 -14  4.59 -7.09 -26  4.59 -7.09 -26
5 24 -56.59 16.7 11.09 -56.59 4.7 11.09 -52 16.7 12 -60.49 16.7 8.49
5 24 -60.49 16.7 8.49 -60.49 4.7 8.49 -56.59 16.7 11.09 -63.31 16.7 4
5 24 -63.31 16.7 4 -63.31 4.7 4 -60.49 16.7 8.49 -63.31 16.7 -4
5 24 -63.31 16.7 -4 -63.31 4.7 -4 -63.31 16.7 4 -60.49 16.7 -8.49
5 24 -60.49 16.7 -8.49 -60.49 4.7 -8.49 -63.31 16.7 -4 -56.59 16.7 -11.09
5 24 -56.59 16.7 -11.09 -56.59 4.7 -11.09 -60.49 16.7 -8.49 -52 16.7 -12
0 5 24 0 16 -26  0 16 -14  4.59 15.09 -26  4.59 15.09 -26

5 24 -52 4.7 12 -47.41 4.7 11.09 -52 16.7 12 -52 1.7 11
5 24 -47.41 4.7 11.09 -43.51 4.7 8.49 -47.41 16.7 11.09 -56.21 1.7 10.16
5 24 -43.51 4.7 8.49 -40.69 4.7 4 -43.51 16.7 8.49 -59.78 1.7 7.78
5 24 -40.69 4.7 -4 -43.51 4.7 -8.49 -43.51 16.7 -8.49 -59.78 1.7 -7.78
5 24 -43.51 4.7 -8.49 -47.41 4.7 -11.09 -47.41 16.7 -11.09 -56.21 1.7 -10.16
5 24 -47.41 4.7 -11.09 -52 4.7 -12 -52 16.7 -12 -52 1.7 -11

4 16 -52 4.7 12 -52 1.7 11 -56.21 1.7 10.16 -56.59 4.7 11.09
4 16 -56.59 4.7 11.09 -56.21 1.7 10.16 -59.78 1.7 7.78 -60.49 4.7 8.49
4 16 -60.49 4.7 8.49 -59.78 1.7 7.78 -62.25 1.7 4 -63.31 4.7 4
4 16 -63.31 4.7 -4 -62.25 1.7 -4 -59.78 1.7 -7.78 -60.49 4.7 -8.49
4 16 -60.49 4.7 -8.49 -59.78 1.7 -7.78 -56.21 1.7 -10.16 -56.59 4.7 -11.09
4 16 -56.59 4.7 -11.09 -56.21 1.7 -10.16 -52 1.7 -11 -52 4.7 -12
0 5 24 0 -8 -14  0 -7 -11  4.59 -7.09 -14  4.59 -7.09 -14
5 24 -56.59 4.7 11.09 -56.21 1.7 10.16 -52 4.7 12 -60.49 4.7 8.49
5 24 -60.49 4.7 8.49 -59.78 1.7 7.78 -56.59 4.7 11.09 -63.31 4.7 4
5 24 -60.49 4.7 -8.49 -59.78 1.7 -7.78 -63.31 4.7 -4 -56.59 4.7 -11.09
5 24 -56.59 4.7 -11.09 -56.212 1.7 -10.16 -60.49 4.7 -8.49 -52 4.7 -12
0 5 24 0 16 -14  0 15 -11  4.59 15.09 -14  4.59 15.09 -14

5 24 -52 1.7 11 -56.21 1.7 10.16 -52 4.7 12 -52 0.7 8
5 24 -56.21 1.7 10.16 -59.78 1.7 7.78 -56.49 4.7 11.09 -55.06 0.7 7.39
5 24 -59.78 1.7 7.78 -62.25 1.7 4 -60.49 4.7 8.49 -57.66 0.7 5.66
5 24 -62.25 1.7 -4 -59.78 1.7 -7.78 -63.31 4.7 -4 -58.93 0.7 -4
5 24 -59.78 1.7 -7.78 -56.21 1.7 -10.16 -60.49 4.7 -8.49 -57.66 0.7 -5.66
5 24 -56.21 1.7 -10.16 -52 1.7 -11 -56.59 4.7 -11.09 -55.06 0.7 -7.39

4 16 -52 1.7 11 -52 0.7 8 -55.06 0.7 7.39 -56.21 1.7 10.16
4 16 -56.21 1.7 10.16 -55.06 0.7 7.39 -57.66 0.7 5.66 -59.78 1.7 7.78
4 16 -59.78 1.7 7.78 -57.66 0.7 5.66 -58.93 0.7 4 -62.25 1.7 4
4 16 -62.25 1.7 -4 -58.93 0.7 -4 -57.66 0.7 -5.66 -59.78 1.7 -7.78
4 16 -59.78 1.7 -7.78 -57.66 0.7 -5.66 -55.06 0.7 -7.39 -56.21 1.7 -10.16
4 16 -56.21 1.7 -10.16 -55.06 0.7 -7.39 -52 0.7 -8 -52 1.7 -11
0 5 24 0 -7 -11  0 -4 -10  4.21 -6.16 -11  4.21 -6.16 -11
5 24 -56.21 1.7 10.16 -55.06 0.7 7.39 -52 1.7 11 -59.78 1.7 7.78
5 24 -59.78 1.7 7.78 -57.66 0.7 5.66 -56.21 1.7 10.16 -62.25 1.7 4
5 24 -59.78 1.7 -7.78 -57.66 0.7 -5.66 -62.25 1.7 -4 -56.21 1.7 -10.16
5 24 -56.21 1.7 -10.16 -55.06 0.7 -7.39 -59.78 1.7 -7.78 -52 1.7 -11
0 5 24 0 15 -11  0 12 -10  4.21 14.16 -11  4.21 14.16 -11

2 24 -52 0.7 8 -55.06 0.7 7.39
2 24 -55.06 0.7 7.39 -57.66 0.7 5.66
2 24 -57.66 0.7 5.66 -58.93 0.7 4
2 24 -58.93 0.7 -4 -57.66 0.7 -5.66
2 24 -57.66 0.7 -5.66 -55.06 0.7 -7.39
2 24 -55.06 0.7 -7.39 -52 0.7 -8

3 16 -52 0.7 8 -55.06 0.7 7.39 -52 0.7 4
4 16 -55.06 0.7 7.39 -57.66 0.7 5.66 -58.93 0.7 4 -52 0.7 4
4 16 -55.06 0.7 -7.39 -57.66 0.7 -5.66 -58.93 0.7 -4 -52 0.7 -4
3 16 -52 0.7 -8 -55.06 0.7 -7.39 -52 0.7 -4

2 24 -64 0 -2 -64 8 -2
2 24 -64 0 2 -64 8 2
0 bottom edge
2 24 -62.70 8 4.54 -60.13 8 8.38
2 24 -60.13 8 8.38 -56.28 8 10.95
2 24 -56.28 8 10.95 -51.75 8 11.85
2 24 -51.75 8 11.85 -47.22 8 10.95
2 24 -47.22 8 10.95 -43.37 8 8.38
2 24 -43.37 8 8.38 -40.80 8 4.54
2 24 -43.37 8 -8.38 -40.80 8 -4.54
2 24 -43.37 8 -8.38 -47.22 8 -10.95
2 24 -47.22 8 -10.95 -51.75 8 -11.85
2 24 -51.75 8 -11.85 -56.28 8 -10.95
2 24 -56.28 8 -10.95 -60.13 8 -8.38
2 24 -60.13 8 -8.38 -62.70 8 -4.54
2 24 -40.80 8 -4.54 -40 8 -6.50
2 24 -39.95 8 -17 -40 8 -6.50
2 24 -40 8 17 -40 8 6
2 24 -40 8 6 -40.80 8 4.54
4 16 -40.80 8 4.54 -40 8 6 -40 8 0 -39.90 8 0
4 16 -40.80 8 -4.54 -40 8 -6.50 -40 8 0 -39.90 8 0
2 24 -51.75 8 11.85 -52 8 14.50
2 24 -52 8 14.50 -46.25 8 16.50
2 24 -46.25 8 16.50 -40 8 17
2 24 -51.75 8 -11.85 -52 8 -13.75
2 24 -52 8 -13.75 -46.75 8 -16
2 24 -46.75 8 -16 -39.95 8 -17
0
4 16 -40 0 20 -45.35 0 1.50 -45.75 0 -2.15 -40 0 -20
4 16 -45.75 0 -2.15 -40 0 -20 -45.75 0 -20.40 -52.73 0 -19.01
4 16 -52.73 0 -19.01 -45.75 0 -2.15 -62.61 0 -9.13 -58.65 0 -15.05
3 16 -45.75 0 -2.15 -62.61 0 -9.13 -64 0 -2.15
4 16 -45.35 0 1.50 -40 0 20 -45.35 0 20.05 -52.45 0 18.64
4 16 -45.35 0 1.50 -52.45 0 18.64 -58.47 0 14.62 -62.49 0 8.60
3 16 -45.35 0 1.50 -62.49 0 8.60 -63.90 0 1.50
