0 Minifig Head with Villainous Glasses & Black Facial Hair Pattern
0 Name: 3626bpa9.dat
0 Author: George Barnes [glbarnes]
0 !LDRAW_ORG Part UPDATE 2003-03
0 !LICENSE Redistributable under CCAL version 2.0 : see CAreadme.txt

0 !KEYWORDS face, moustache, beard, eyebrows, villian, slyboots, adventurers
0 !CMDLINE -c14

0 !HISTORY 2003-12-19 [PTadmin] Official Update 2003-03
0 !HISTORY 2007-06-29 [PTadmin] Header formatted for Contributor Agreement
0 !HISTORY 2008-07-01 [PTadmin] Official Update 2008-01

1 16 0 0 0 1 0 0 0 1 0 0 0 1 s\3626bs01.dat
1 0 -3.3347 9.4 -12.3367 0 -0.2439 -1.226 1.25 0 0 0 -1.226 0.2439 4-4disc.dat
1 15 -3.3347 9.4 -12.3367 0 -0.2439 1.226 -1.25 0 0 0 -1.226 -0.2439 2-4ring1.dat
1 0 -3.3347 9.4 -12.3367 0 -0.0975 0.4904 -0.5 0 0 0 -0.4904 -0.0975 2-4ring5.dat
1 0 3.3347 9.4 -12.3367 0 0.2439 -1.226 1.25 0 0 0 -1.226 -0.2439 4-4disc.dat
1 15 3.3347 9.4 -12.3367 0 0.2439 -1.226 1.25 0 0 0 -1.226 -0.2439 2-4ring1.dat
1 0 3.3347 9.4 -12.3367 0 0.0975 -0.4904 0.5 0 0 0 -0.4904 -0.0975 2-4ring5.dat
4 0 -4.9749 4 -12.0104 -4.3155 4 -12.1416 -3.3347 6.4 -12.3367 -4.9748 5 -12.0104
4 0 -4.3155 4 -12.1416 -1.3731 6.2 -12.7269 -2.2087 6.6284 -12.5607 -3.3347 6.4 -12.3367
3 0 -1.3731 6.2 -12.7269 -1.7114 6.9672 -12.6596 -2.2087 6.6284 -12.5607
3 0 -5.5799 4 -11.6062 -4.9749 4 -12.0104 -4.9748 5 -12.0105
3 0 -4.3155 4 -12.1416 -4.9749 4 -12.0104 -4.9032 3.6419 -11.8357
4 0 -5.5799 4 -11.6062 -5.4201 3.7336 -11.5471 -4.9031 3.6476 -11.839 -4.9749 4 -12.0104
4 0 4.9748 4.2 -12.0104 4.9748 5.7 -12.0104 3.3347 6.4 -12.3367 2.2558 6.1 -12.5513
3 0 2.2558 6.1 -12.5513 3.3347 6.4 -12.3367 2.448 6.5798 -12.5131
3 0 3.3347 6.4 -12.3367 4.9748 5.7 -12.0104 3.9195 6.5186 -12.2204
4 0 4.9748 4.2 -12.0105 5.2473 4 -11.8284 5.6631 4.9 -11.5506 4.9748 5.7 -12.0105
4 0 5.9956 4.2 -11.3284 5.6631 4.9 -11.5506 5.2473 4 -11.8284 5.9956 4 -11.3284
4 0 5.2473 4 -11.8284 5.5033 3.7336 -11.4915 5.8359 3.7336 -11.2693 5.9956 4 -11.3284
4 0 -1.2541 7.2787 -12.7505 -0.7846 6.9 -12.8439 -0.3923 7.4 -12.922 -0.8277 7.9293 -12.8354
4 0 -0.7846 6.9 -12.8439 0 6.6 -13 0 7.2 -13 -0.3923 7.4 -12.922
4 0 0 6.6 -13 0.7846 6.9 -12.8439 0.3923 7.4 -12.922 0 7.2 -13
4 0 0.8578 7.8835 -12.8294 0.3923 7.4 -12.922 0.7846 6.9 -12.8439 1.2541 7.2787 -12.7505
3 16 -4.9748 5 -12.0104 -3.3347 6.4 -12.3367 -4.4607 6.6284 -12.1127
3 16 -4.9748 5 -12.0104 -4.4607 6.6284 -12.1127 -4.9748 6.9784 -12.0104
4 16 -5.5799 4 -11.6062 -4.9748 5 -12.0105 -4.9748 6.9784 -12.0105 -5.3482 7.2787 -11.761
4 0 -9.1924 7.1 -9.1924 -5.8889 8.2519 -11.3997 -6.0057 8.9578 -11.3217 -9.1924 7.9 -9.1924
3 16 -5.5799 4 -11.6062 -5.3482 7.2787 -11.761 -5.8889 8.2519 -11.3997
1 0 -7.8249 4.8 -10.1061 0.291 -0.1944 0 0 0 0.35 -0.1944 -0.291 0 4-4disc.dat
1 0 -8.0743 6.1 -9.9395 0.291 -0.1944 0 0 0 0.35 -0.1944 -0.291 0 4-4disc.dat
1 0 -8.8226 5 -9.4394 0.291 -0.1944 0 0 0 0.35 -0.1944 -0.291 0 4-4disc.dat
1 0 -8.8226 6.6 -9.4394 0.291 -0.1944 0 0 0 0.35 -0.1944 -0.291 0 4-4disc.dat
1 0 -8.7395 8.8 -9.495 0.291 -0.1944 0 0 0 0.35 -0.1944 -0.291 0 4-4disc.dat
1 16 -8.8226 5 -9.4394 0.291 -0.1944 0 0 0 0.35 -0.1944 -0.291 0 4-4ndis.dat
1 16 -7.8249 4.8 -10.1061 0.291 -0.1944 0 0 0 0.35 -0.1944 -0.291 0 4-4ndis.dat
1 16 -8.0743 6.1 -9.9395 0.291 -0.1944 0 0 0 0.35 -0.1944 -0.291 0 4-4ndis.dat
1 16 -8.8226 6.6 -9.4394 0.291 -0.1944 0 0 0 0.35 -0.1944 -0.291 0 4-4ndis.dat
1 16 -8.7395 8.8 -9.495 0.291 -0.1944 0 0 0 0.35 -0.1944 -0.291 0 4-4ndis.dat
4 16 -8.5316 4.65 -9.6339 -8.1159 4.45 -9.9117 -8.1159 5.15 -9.9117 -8.5316 5.35 -9.6339
4 16 -8.1159 5.15 -9.9117 -7.5339 5.15 -10.3006 -7.7833 5.75 -10.1339 -8.3653 5.75 -9.745
4 16 -9.1137 5.35 -9.245 -8.5316 5.35 -9.6339 -8.5316 6.25 -9.6339 -9.1137 6.25 -9.245
4 16 -8.5316 5.35 -9.6339 -8.3653 5.75 -9.745 -8.3653 6.45 -9.745 -8.5316 6.95 -9.6339
3 16 -8.5316 5.35 -9.6339 -8.1159 5.15 -9.9117 -8.3653 5.75 -9.745
4 16 -9.1924 4 -9.1924 -5.5799 4 -11.6062 -7.5339 4.45 -10.3006 -8.1159 4.45 -9.9117
4 16 -9.1924 4 -9.1924 -8.1159 4.45 -9.9117 -8.5316 4.65 -9.6339 -9.1137 4.65 -9.245
4 16 -9.1924 7.1 -9.1924 -9.1137 6.95 -9.245 -8.5316 6.95 -9.6339 -8.4333 7.3648 -9.6996
3 16 -8.3653 6.45 -9.745 -8.4333 7.3648 -9.6996 -8.5316 6.95 -9.6339
4 16 -8.3653 6.45 -9.745 -7.7833 6.45 -10.1339 -5.8889 8.2519 -11.3997 -8.4333 7.3648 -9.6996
4 16 -7.7833 5.75 -10.1339 -5.5799 4 -11.6062 -5.8889 8.2519 -11.3997 -7.7833 6.45 -10.1339
3 16 -7.5339 5.15 -10.3006 -5.5799 4 -11.6062 -7.7833 5.75 -10.1339
3 16 -7.5339 4.45 -10.3006 -5.5799 4 -11.6062 -7.5339 5.15 -10.3006
3 16 -9.1924 7.9 -9.1924 -8.4485 8.45 -9.6895 -9.0305 8.45 -9.3006
3 16 -9.1924 7.9 -9.1924 -6.0057 8.9578 -11.3217 -8.4485 8.45 -9.6895
4 16 -8.4485 8.45 -9.6895 -6.0057 8.9578 -11.3217 -6.0788 9.4 -11.2728 -8.4485 9.15 -9.6895
4 16 -8.4485 9.15 -9.6895 -6.0788 9.4 -11.2728 -5.8889 10.5481 -11.3997 -9.1924 17 -9.1924
3 16 -9.0305 9.15 -9.3006 -8.4485 9.15 -9.6895 -9.1924 17 -9.1924
4 0 -3.3347 12.4 -12.3367 -3.0404 13.2 -12.3952 -3.6289 13.5 -12.2782 -4.0212 12.9 -12.2001
4 0 -4.6097 13.4 -12.0831 -4.0212 12.9 -12.2001 -3.6289 13.5 -12.2782 -3.9231 14.6 -12.2196
4 0 -4.6097 13.4 -12.0831 -3.9231 14.6 -12.2196 -4.5116 14.7 -12.1026 -4.9749 13.4 -12.0104
3 0 -4.9749 13.4 -12.0104 -4.5116 14.7 -12.1026 -4.9749 14.8 -12.0104
3 16 -4.4607 12.1716 -12.1127 -3.3347 12.4 -12.3367 -4.0212 12.9 -12.2001
3 16 -4.4607 12.1716 -12.1127 -4.0212 12.9 -12.2001 -4.6097 13.4 -12.0831
4 16 -4.4607 12.1716 -12.1127 -4.6097 13.4 -12.0831 -4.9749 13.4 -12.0104 -4.9749 11.85 -12.0104
4 0 -4.9749 13.4 -12.0104 -4.9749 14.8 -12.0104 -5.7462 14.9 -11.4951 -5.5799 13.3 -11.6062
4 0 -5.5799 13.3 -11.6062 -5.7462 14.9 -11.4951 -6.2451 14.5 -11.1617 -6.3282 13.3 -11.1062
4 0 -6.3282 13.3 -11.1062 -6.0788 12.3 -11.2728 -5.3305 12.7 -11.7728 -5.5799 13.3 -11.6062
4 0 -6.0788 12.3 -11.2728 -5.5799 12.1 -11.6062 -5.3305 12.3 -11.7728 -5.3305 12.7 -11.7728
3 16 -5.3305 12.7 -11.7728 -4.9749 13.4 -12.0104 -5.5799 13.3 -11.6062
3 16 -4.9749 11.85 -12.0104 -4.9749 13.4 -12.0104 -5.3305 12.7 -11.7728
3 16 -5.3305 12.3 -11.7728 -4.9749 11.85 -12.0104 -5.3305 12.7 -11.7728
4 16 -5.5799 12.1 -11.6062 -5.3482 11.5213 -11.761 -4.9749 11.85 -12.0104 -5.3305 12.3 -11.7728
4 16 -5.8889 10.5481 -11.3997 -5.3482 11.5213 -11.761 -5.5799 12.1 -11.6062 -6.0788 12.3 -11.2728
4 16 -5.8889 10.5481 -11.3997 -6.0788 12.3 -11.2728 -6.3282 13.3 -11.1062 -9.1924 17 -9.1924
3 16 -6.3282 13.3 -11.1062 -6.2451 14.5 -11.1617 -9.1924 17 -9.1924
3 16 -6.2451 14.5 -11.1617 -5.7462 14.9 -11.4951 -9.1924 17 -9.1924
4 0 -5.3482 7.2787 -11.761 -5.0542 7.6322 -11.9574 -5.5048 8.4433 -11.6563 -5.8889 8.2519 -11.3997
4 0 -5.8889 8.2519 -11.3997 -5.5048 8.4433 -11.6563 -5.6631 9.4 -11.5506 -6.0788 9.4 -11.2728
4 0 -6.0788 9.4 -11.2728 -5.6631 9.4 -11.5506 -5.5048 10.3567 -11.6563 -5.8889 10.5481 -11.3997
4 0 -5.5048 10.3567 -11.6563 -5.0542 11.1678 -11.9574 -5.3482 11.5213 -11.761 -5.8889 10.5481 -11.3997
4 0 -4.9749 11.85 -12.0104 -5.3482 11.5213 -11.761 -5.0542 11.1678 -11.9574 -4.9749 11.22 -12.0104
4 0 -4.9749 11.22 -12.0104 -4.273 11.7097 -12.15 -4.4607 12.1716 -12.1127 -4.9749 11.85 -12.0104
4 0 -4.273 11.7097 -12.15 -3.3347 11.9 -12.3367 -3.3347 12.4 -12.3367 -4.4607 12.1716 -12.1127
4 0 -5.0542 7.6322 -11.9574 -5.3482 7.2787 -11.761 -4.9748 6.9784 -12.0105 -4.9748 7.57 -12.0105
4 0 -4.4607 6.6284 -12.1127 -4.273 7.0903 -12.15 -4.9748 7.57 -12.0104 -4.9748 6.9784 -12.0104
4 0 -4.4607 6.6284 -12.1127 -3.3347 6.4 -12.3367 -3.3347 6.9 -12.3367 -4.273 7.0903 -12.15
4 15 -3.3347 6.9 -12.3367 -3.3347 8.15 -12.3367 -3.8038 8.2452 -12.2434 -4.273 7.0903 -12.15
4 15 -4.273 7.0903 -12.15 -3.8038 8.2452 -12.2434 -4.2016 8.5161 -12.1643 -4.9748 7.57 -12.0104
4 15 -4.9748 7.57 -12.0104 -4.2016 8.5161 -12.1643 -4.4673 8.9216 -12.1114 -4.9749 8.9216 -12.0104
4 15 -4.4673 8.9216 -12.1114 -4.5607 9.4 -12.0928 -4.9749 9.4 -12.0104 -4.9749 8.9216 -12.0104
4 15 -4.5607 9.4 -12.0928 -4.4673 9.8784 -12.1114 -4.9749 10.1 -12.0104 -4.9749 9.4 -12.0104
4 15 -4.4673 9.8784 -12.1114 -4.2016 10.2839 -12.1643 -4.9749 11.22 -12.0104 -4.9749 10.1 -12.0104
4 15 -4.2016 10.2839 -12.1643 -3.8038 10.5548 -12.2434 -4.273 11.7097 -12.15 -4.9749 11.22 -12.0104
4 15 -3.8038 10.5548 -12.2434 -3.3347 10.65 -12.3367 -3.3347 11.9 -12.3367 -4.273 11.7097 -12.15
4 15 -4.9748 7.57 -12.0105 -4.9749 8.9216 -12.0104 -5.5048 8.4433 -11.6563 -5.0542 7.6322 -11.9574
4 15 -4.9749 8.9216 -12.0104 -4.9749 9.4 -12.0104 -5.6631 9.4 -11.5506 -5.5048 8.4433 -11.6563
4 15 -4.9749 9.4 -12.0104 -4.9749 10.1 -12.0104 -5.5048 10.3567 -11.6563 -5.6631 9.4 -11.5506
4 15 -4.9749 10.1 -12.0104 -4.9749 11.22 -12.0104 -5.0542 11.1678 -11.9574 -5.5048 10.3567 -11.6563
4 0 5.8889 8.2519 -11.3997 9.1924 7.4 -9.1924 9.1924 8.1 -9.1924 5.9992 8.919 -11.326
1 0 7.8249 5 -10.1061 0.291 0.1944 0 0 0 0.35 0.1944 -0.291 0 4-4disc.dat
1 0 8.6563 5.3 -9.5506 0.291 0.1944 0 0 0 0.35 0.1944 -0.291 0 4-4disc.dat
1 0 8.6563 6.9 -9.5506 0.291 0.1944 0 0 0 0.35 0.1944 -0.291 0 4-4disc.dat
1 0 7.9912 6.3 -9.995 0.291 0.1944 0 0 0 0.35 0.1944 -0.291 0 4-4disc.dat
1 0 8.7395 9.1 -9.495 0.291 0.1944 0 0 0 0.35 0.1944 -0.291 0 4-4disc.dat
1 0 9.4453 5.6 -8.8138 0.1944 0.291 0 0 0 0.35 0.291 -0.1944 0 4-4disc.dat
1 0 9.5009 6.8 -8.7307 0.1944 0.291 0 0 0 0.35 0.291 -0.1944 0 4-4disc.dat
1 0 9.4453 9.2 -8.8138 0.1944 0.291 0 0 0 0.35 0.291 -0.1944 0 4-4disc.dat
1 0 9.4453 10.4 -8.8138 0.1944 0.291 0 0 0 0.35 0.291 -0.1944 0 4-4disc.dat
1 16 7.8249 5 -10.1061 0.291 0.1944 0 0 0 0.35 0.1944 -0.291 0 4-4ndis.dat
1 16 8.6563 5.3 -9.5506 0.291 0.1944 0 0 0 0.35 0.1944 -0.291 0 4-4ndis.dat
1 16 7.9912 6.3 -9.995 0.291 0.1944 0 0 0 0.35 0.1944 -0.291 0 4-4ndis.dat
1 16 9.4453 5.6 -8.8138 0.1944 0.291 0 0 0 0.35 0.291 -0.1944 0 4-4ndis.dat
1 16 9.5009 6.8 -8.7307 0.1944 0.291 0 0 0 0.35 0.291 -0.1944 0 4-4ndis.dat
1 16 8.6563 6.9 -9.5506 0.291 0.1944 0 0 0 0.35 0.1944 -0.291 0 4-4ndis.dat
1 16 9.4453 9.2 -8.8138 0.1944 0.291 0 0 0 0.35 0.291 -0.1944 0 4-4ndis.dat
1 16 8.7395 9.1 -9.495 0.291 0.1944 0 0 0 0.35 0.1944 -0.291 0 4-4ndis.dat
1 16 9.4453 10.4 -8.8138 0.1944 0.291 0 0 0 0.35 0.291 -0.1944 0 4-4ndis.dat
4 16 8.3653 5.65 -9.745 8.9474 5.65 -9.3561 8.9474 6.55 -9.3561 8.3653 6.55 -9.745
4 16 8.2822 5.95 -9.8006 8.3653 5.65 -9.745 8.3653 6.55 -9.745 8.2822 6.65 -9.8006
3 16 8.3653 6.55 -9.745 8.3653 7.25 -9.745 8.2822 6.65 -9.8006
4 16 8.9474 7.25 -9.3561 9.1924 7.4 -9.1924 5.8889 8.2519 -11.3997 8.3653 7.25 -9.745
4 16 5.3482 7.2787 -11.761 8.2822 6.65 -9.8006 8.3653 7.25 -9.745 5.8889 8.2519 -11.3997
3 16 7.7002 6.65 -10.1895 8.2822 6.65 -9.8006 5.3482 7.2787 -11.761
4 16 4.9748 5.7 -12.0105 7.7002 5.95 -10.1895 7.7002 6.65 -10.1895 5.3482 7.2787 -11.761
4 16 5.6631 4.9 -11.5506 7.5339 5.35 -10.3006 7.7002 5.95 -10.1895 4.9748 5.7 -12.0105
4 16 5.9956 4.2 -11.3284 7.5339 4.65 -10.3006 7.5339 5.35 -10.3006 5.6631 4.9 -11.5506
4 16 5.9956 4.2 -11.3284 5.9956 4 -11.3284 7.5754 4 -10.2728 7.5339 4.65 -10.3006
4 16 7.5754 4 -10.2728 8.0743 4 -9.9395 8.1159 4.65 -9.9117 7.5339 4.65 -10.3006
4 16 8.0743 4 -9.9395 9.1924 4 -9.1924 8.9474 4.95 -9.3561 8.1159 4.65 -9.9117
4 16 8.1159 4.65 -9.9117 8.3653 4.95 -9.745 8.3653 5.65 -9.745 8.1159 5.35 -9.9117
4 16 8.1159 5.35 -9.9117 8.2822 5.95 -9.8006 7.7002 5.95 -10.1895 7.5339 5.35 -10.3006
3 16 8.1159 5.35 -9.9117 8.3653 5.65 -9.745 8.2822 5.95 -9.8006
3 16 8.1159 4.65 -9.9117 8.9474 4.95 -9.3561 8.3653 4.95 -9.745
3 16 4.9748 5.7 -12.0105 5.3482 7.2787 -11.761 4.9748 6.998 -12.0105
3 16 4.9748 5.7 -12.0104 4.9748 6.998 -12.0104 4.4607 6.6284 -12.1127
3 16 4.9748 5.7 -12.0104 4.4607 6.6284 -12.1127 3.9195 6.5186 -12.2204
3 16 9.1924 8.1 -9.1924 9.0305 8.75 -9.3006 8.4485 8.75 -9.6895
3 16 9.1924 8.1 -9.1924 8.4485 8.75 -9.6895 5.9992 8.919 -11.326
4 16 5.9992 8.919 -11.326 8.4485 8.75 -9.6895 8.4485 9.45 -9.6895 6.0788 9.4 -11.2728
3 16 6.0788 9.4 -11.2728 8.4485 9.45 -9.6895 5.8889 10.5481 -11.3997
3 16 5.8889 10.5481 -11.3997 9.1924 17 -9.1924 5.3482 11.5213 -11.761
4 0 3.0516 12.3426 -12.393 3.9231 13.3 -12.2196 3.3347 13.8 -12.3367 2.8443 13.2 -12.4342
4 0 3.9231 13.3 -12.2196 4.9748 13.5 -12.0104 4.9748 14.9 -12.0104 4.3155 14.8 -12.1416
4 0 4.9748 13.5 -12.0105 5.081 13.3 -11.9395 5.5799 14.8 -11.6062 4.9748 14.9 -12.0105
4 0 5.081 13.3 -11.9395 5.1642 13.1 -11.884 5.8293 13.5 -11.4395 5.5799 14.8 -11.6062
4 0 5.1642 13.1 -11.884 5.081 12.9 -11.9395 5.7462 12.6 -11.4951 5.8293 13.5 -11.4395
4 0 5.081 12.9 -11.9395 4.9979 12.6 -11.9951 5.3305 12.3 -11.7728 5.7462 12.6 -11.4951
4 0 3.3347 13.8 -12.3367 3.9231 13.3 -12.2196 4.3155 14.8 -12.1416 3.4327 14.9 -12.3172
3 16 3.0516 12.3426 -12.393 3.3347 12.4 -12.3367 3.9231 13.3 -12.2196
4 16 3.3347 12.4 -12.3367 4.4607 12.1716 -12.1127 4.9748 13.5 -12.0104 3.9231 13.3 -12.2196
3 16 4.4607 12.1716 -12.1127 4.9748 11.8175 -12.0104 4.9748 13.5 -12.0104
3 16 4.9748 11.8175 -12.0105 4.9979 12.6 -11.9951 4.9748 13.5 -12.0105
3 16 4.9748 11.8175 -12.0105 5.3305 12.3 -11.7728 4.9979 12.6 -11.9951
3 16 4.9748 11.8175 -12.0105 5.3482 11.5213 -11.761 5.3305 12.3 -11.7728
3 16 5.3482 11.5213 -11.761 5.7462 12.6 -11.4951 5.3305 12.3 -11.7728
3 16 5.3482 11.5213 -11.761 9.1924 17 -9.1924 5.7462 12.6 -11.4951
3 16 4.9979 12.6 -11.9951 5.081 12.9 -11.9395 4.9748 13.5 -12.0105
3 16 5.081 12.9 -11.9395 5.1642 13.1 -11.884 5.081 13.3 -11.9395
3 16 5.081 12.9 -11.9395 5.081 13.3 -11.9395 4.9748 13.5 -12.0105
4 0 3.3347 6.4 -12.3367 4.4607 6.6284 -12.1127 4.273 7.0903 -12.15 3.3347 6.9 -12.3367
4 0 4.4607 6.6284 -12.1127 4.9748 6.998 -12.0104 4.9748 7.5682 -12.0104 4.273 7.0903 -12.15
3 0 4.9748 6.998 -12.0105 5.0542 7.6322 -11.9574 4.9748 7.5682 -12.0105
3 0 4.9748 6.998 -12.0105 5.3482 7.2787 -11.761 5.0542 7.6322 -11.9574
4 0 5.0542 7.6322 -11.9574 5.3482 7.2787 -11.761 5.8889 8.2519 -11.3997 5.5048 8.4433 -11.6563
4 0 5.8889 8.2519 -11.3997 6.0788 9.4 -11.2728 5.6631 9.4 -11.5506 5.5048 8.4433 -11.6563
4 0 5.6631 9.4 -11.5506 6.0788 9.4 -11.2728 5.8889 10.5481 -11.3997 5.5048 10.3567 -11.6563
4 0 5.5048 10.3567 -11.6563 5.8889 10.5481 -11.3997 5.3482 11.5213 -11.761 5.0542 11.1678 -11.9574
4 0 3.3347 11.9 -12.3367 4.273 11.7097 -12.15 4.4607 12.1716 -12.1127 3.3347 12.4 -12.3367
4 0 4.9748 11.8175 -12.0104 4.4607 12.1716 -12.1127 4.273 11.7097 -12.15 4.9748 11.2318 -12.0104
4 0 4.9748 11.2318 -12.0105 5.0542 11.1678 -11.9574 5.3482 11.5213 -11.761 4.9748 11.8175 -12.0105
3 15 4.9748 7.5682 -12.0104 4.4673 8.9216 -12.1114 4.5607 9.4 -12.0928
3 15 4.9748 7.5682 -12.0104 4.4673 8.9216 -12.1114 4.2016 8.5161 -12.1643
4 15 4.273 7.0903 -12.15 4.9748 7.5682 -12.0104 4.2016 8.5161 -12.1643 3.8038 8.2452 -12.2434
4 15 3.3347 6.9 -12.3367 4.273 7.0903 -12.15 3.8038 8.2452 -12.2434 3.3347 8.15 -12.3367
4 15 3.8038 10.5548 -12.2434 4.273 11.7097 -12.15 3.3347 11.9 -12.3367 3.3347 10.65 -12.3367
4 15 4.2016 10.2839 -12.1643 4.9748 11.2318 -12.0104 4.273 11.7097 -12.15 3.8038 10.5548 -12.2434
3 15 4.4673 9.8784 -12.1114 4.9748 11.2318 -12.0104 4.2016 10.2839 -12.1643
3 15 4.5607 9.4 -12.0928 4.9748 11.2318 -12.0104 4.4673 9.8784 -12.1114
3 15 4.5607 9.4 -12.0928 4.9748 7.5682 -12.0104 4.9748 9.4 -12.0104
3 15 4.5607 9.4 -12.0928 4.9748 9.4 -12.0104 4.9748 11.2318 -12.0104
3 15 4.9748 7.5682 -12.0105 5.0542 7.6322 -11.9574 4.9748 9.4 -12.0105
3 15 4.9748 9.4 -12.0105 5.0542 11.1678 -11.9574 4.9748 11.2318 -12.0105
3 15 5.0542 7.6322 -11.9574 5.5048 8.4433 -11.6563 4.9748 9.4 -12.0105
3 15 4.9748 9.4 -12.0105 5.5048 8.4433 -11.6563 5.6631 9.4 -11.5506
3 15 4.9748 9.4 -12.0105 5.6631 9.4 -11.5506 5.5048 10.3567 -11.6563
3 15 4.9748 9.4 -12.0105 5.5048 10.3567 -11.6563 5.0542 11.1678 -11.9574
3 16 2.2558 6.1 -12.5513 2.448 6.5798 -12.5131 2.2087 6.6284 -12.5607
4 16 0.7846 6.9 -12.8439 2.2558 6.1 -12.5513 2.2087 6.6284 -12.5607 1.2541 7.2787 -12.7505
4 16 0 4 -13 2.2558 6.1 -12.5513 0.7846 6.9 -12.8439 0 6.6 -13
4 16 0 4 -13 0 6.6 -13 -0.7846 6.9 -12.8439 -1.3731 6.2 -12.7269
4 16 -1.3731 6.2 -12.7269 -0.7846 6.9 -12.8439 -1.2541 7.2787 -12.7505 -1.7114 6.9672 -12.6596
3 16 -4.3155 4 -12.1416 0 4 -13 -1.3731 6.2 -12.7269
4 16 0 4 -13 4.9749 4 -12.0104 4.9748 4.2 -12.0104 2.2558 6.1 -12.5513
4 16 0 8.3 -13 0.6163 8.2519 -12.8774 0.3923 9.4 -12.922 0 9.4 -13
4 16 0 7.6 -13 0.3923 7.4 -12.922 0.6163 8.2519 -12.8774 0 8.3 -13
4 16 -0.3923 7.4 -12.922 0 7.6 -13 0 8.3 -13 -0.6163 8.2519 -12.8774
4 16 -0.6163 8.2519 -12.8774 0 8.3 -13 0 9.4 -13 -0.3923 9.4 -12.922
4 16 -0.3923 9.4 -12.922 0 9.4 -13 0 10.7 -13 -0.6163 10.5481 -12.8774
4 16 0 9.4 -13 0.3923 9.4 -12.922 0.6163 10.5481 -12.8774 0 10.7 -13
3 16 0 7.2 -13 0.3923 7.4 -12.922 0 7.6 -13
3 16 0 7.2 -13 0 7.6 -13 -0.3923 7.4 -12.922
3 16 -0.3923 7.4 -12.922 -0.6163 8.2519 -12.8774 -0.8277 7.9293 -12.8354
3 16 0.3923 7.4 -12.922 0.8578 7.8835 -12.8294 0.6163 8.2519 -12.8774
4 16 -0.6163 10.5481 -12.8774 0 10.7 -13 0 11.6 -13 -1.2541 11.5213 -12.7505
4 16 0 10.7 -13 0.6163 10.5481 -12.8774 1.2541 11.5213 -12.7505 0 11.6 -13
4 0 -2.7498 12.2814 -12.453 -1.9616 12.4 -12.6098 -2.1577 13.4 -12.5708 -3.0404 13.2 -12.3952
3 0 -3.3347 12.4 -12.3367 -2.7498 12.2814 -12.453 -3.0404 13.2 -12.3952
1 0 -1.3731 13.1 -12.7269 0.1396 -0.1073 0.5211 -0.5313 0 0.1424 -0.0278 -0.5394 -0.1036 2-4disc.dat
1 16 -1.3731 13.1 -12.7269 0.1396 -0.1073 0.5211 -0.5313 0 0.1424 -0.0278 -0.5394 -0.1036 2-4ndis.dat
4 0 -1.9616 12.4 -12.6098 -1.2335 12.5687 -12.7546 -1.5127 13.6313 -12.6991 -2.1577 13.4 -12.5708
3 16 -2.7498 12.2814 -12.453 -2.2087 12.1716 -12.5607 -1.9616 12.4 -12.6098
4 16 -2.2087 12.1716 -12.5607 -1.2541 11.5213 -12.7505 -1.2335 12.5687 -12.7546 -1.9616 12.4 -12.6098
4 16 -1.2541 11.5213 -12.7505 0 11.6 -13 -0.7124 12.7111 -12.8583 -1.2335 12.5687 -12.7546
4 16 -0.7124 12.7111 -12.8583 0 11.6 -13 0 13.8 -13 -0.9917 13.7736 -12.8027
1 0 1.0789 13 -12.7854 0.1396 0.1073 -0.5211 0.5313 0 0.1424 0.0278 -0.5394 -0.1036 2-4disc.dat
1 16 1.0789 13 -12.7854 0.1396 0.1073 -0.5211 0.5313 0 0.1424 0.0278 -0.5394 -0.1036 2-4ndis.dat
4 0 2.1577 13.2 -12.5708 2.2087 12.1716 -12.5607 3.0516 12.3426 -12.393 2.8443 13.2 -12.4342
4 0 0.9392 12.4687 -12.8132 2.2087 12.1716 -12.5607 2.1577 13.2 -12.5708 1.2185 13.5313 -12.7576
4 16 0 11.6 -13 1.2541 11.5213 -12.7505 0.9392 12.4687 -12.8132 0.4182 12.6111 -12.9168
3 16 0 11.6 -13 0.4182 12.6111 -12.9168 0 13.8 -13
3 16 0.4182 12.6111 -12.9168 0.6974 13.6736 -12.8613 0 13.8 -13
3 16 1.2541 11.5213 -12.7505 2.2087 12.1716 -12.5607 0.9392 12.4687 -12.8132
4 0 3.3347 13.8 -12.3367 3.4327 14.9 -12.3172 3.0404 15 -12.3952 2.8443 14 -12.4342
4 0 2.8443 14 -12.4342 3.0404 15 -12.3952 2.3539 15.4 -12.5318 2.2558 14.4 -12.5513
4 0 2.3539 15.4 -12.5318 1.3731 15.7 -12.7269 1.275 14.7 -12.7464 2.2558 14.4 -12.5513
4 0 1.275 14.7 -12.7464 1.3731 15.7 -12.7269 0.5885 15.8 -12.8829 0.4904 14.8 -12.9025
4 0 0.4904 14.8 -12.9025 0.5885 15.8 -12.8829 0 15.8 -13 0 14.8 -13
4 0 0 15.8 -13 -1.1769 15.7 -12.7659 -0.8827 14.7 -12.8244 0 14.8 -13
4 0 -1.8635 14.2 -12.6293 -0.8827 14.7 -12.8244 -1.1769 15.7 -12.7659 -2.6481 15 -12.4733
1 0 -2.8443 14.3 -12.4342 -0.4098 -0.1268 -0.4884 0.4979 0 -0.4178 0.0815 -0.6375 0.0971 2-4disc.dat
4 0 -2.4345 13.8021 -12.5157 -1.8635 14.2 -12.6293 -2.6481 15 -12.4733 -3.2541 14.7979 -12.3527
1 16 -2.8443 14.3 -12.4342 -0.4098 -0.1268 -0.4884 0.4979 0 -0.4178 0.0815 -0.6375 0.0971 2-4ndis.dat
3 16 -3.0404 13.2 -12.3952 -2.1577 13.4 -12.5708 -2.9229 13.3843 -12.4186
3 16 -2.9229 13.3843 -12.4186 -2.1577 13.4 -12.5708 -2.4345 13.8021 -12.5157
3 16 -3.6289 13.5 -12.2782 -3.0404 13.2 -12.3952 -2.9229 13.3843 -12.4186
3 16 -3.6289 13.5 -12.2782 -3.7424 14.3801 -12.2556 -3.9231 14.6 -12.2196
3 16 -3.6289 13.5 -12.2782 -2.9229 13.3843 -12.4186 -3.7424 14.3801 -12.2556
3 16 -2.1577 13.4 -12.5708 -1.5127 13.6313 -12.6991 -1.8635 14.2 -12.6293
3 16 -2.4345 13.8021 -12.5157 -2.1577 13.4 -12.5708 -1.8635 14.2 -12.6293
4 16 -1.5127 13.6313 -12.6991 -0.9917 13.7736 -12.8027 -0.8827 14.7 -12.8244 -1.8635 14.2 -12.6293
4 16 -0.9917 13.7736 -12.8027 0 13.8 -13 0 14.8 -13 -0.8827 14.7 -12.8244
4 16 0 13.8 -13 0.6974 13.6736 -12.8613 0.4904 14.8 -12.9025 0 14.8 -13
4 16 1.2185 13.5313 -12.7576 1.275 14.7 -12.7464 0.4904 14.8 -12.9025 0.6974 13.6736 -12.8613
4 16 1.2185 13.5313 -12.7576 2.1577 13.2 -12.5708 2.2558 14.4 -12.5513 1.275 14.7 -12.7464
4 16 2.1577 13.2 -12.5708 2.8443 13.2 -12.4342 2.8443 14 -12.4342 2.2558 14.4 -12.5513
3 16 2.8443 13.2 -12.4342 3.3347 13.8 -12.3367 2.8443 14 -12.4342
4 0 4.3155 14.8 -12.1416 3.4327 14.9 -12.3172 3.2366 16.1 -12.3562 4.6097 15.5 -12.0831
4 0 4.6097 15.5 -12.0831 4.7078 17 -12.0636 2.6481 17 -12.4733 3.2366 16.1 -12.3562
3 0 2.8443 16.2 -12.4342 3.2366 16.1 -12.3562 2.6481 17 -12.4733
3 0 2.0596 17 -12.5903 2.0596 16.7 -12.5903 2.6481 17 -12.4733
3 0 1.5244 17.444 -12.4624 1.5693 17 -12.6879 2.0596 17 -12.5903
4 0 0.7218 17.6216 -12.5283 1.5244 17.444 -12.4624 1.6309 18.3321 -11.9725 0.561 18.2433 -12.2322
4 0 0 17 -13 0.7218 17.6216 -12.5283 0.561 18.2433 -12.2322 -0.0026 18.3294 -12.2988
4 0 0.561 18.2433 -12.2322 1.6309 18.3321 -11.9725 1.4078 18.5985 -11.8762 0.6232 18.5985 -12.0323
4 0 2.0596 17 -12.5903 3.3341 17.9769 -11.8212 2.986 18.5097 -11.6092 1.6309 18.3321 -11.9725
4 0 1.6309 18.3321 -11.9725 2.986 18.5097 -11.6092 2.4867 18.5985 -11.6616 1.8982 18.5985 -11.7787
4 0 4.7078 17 -12.0636 4.5379 17.7104 -11.7224 3.3341 17.9769 -11.8212 2.6481 17 -12.4733
3 0 2.0596 17 -12.5903 2.6481 17 -12.4733 3.3341 17.9769 -11.8212
3 0 1.5244 17.444 -12.4624 2.0596 17 -12.5903 1.6309 18.3321 -11.9725
4 0 0 17 -13 0.0026 18.3294 -12.2988 -0.2135 17.7993 -12.5357 -0.2942 17 -12.9415
4 0 -0.2942 17 -12.9415 -0.2135 17.7993 -12.5357 -0.5879 17.9769 -12.3675 -0.9628 17.1776 -12.7147
4 0 -0.5879 17.9769 -12.3675 -0.8373 18.4209 -12.0835 -1.1321 17.444 -12.5404 -0.9628 17.1776 -12.7147
4 0 -0.8373 18.4209 -12.0835 -1.5328 18.3321 -11.992 -1.6225 17.444 -12.4429 -1.1321 17.444 -12.5404
4 0 -1.5328 18.3321 -11.992 -1.9873 18.6873 -11.7141 -2.1308 17.2664 -12.4355 -1.6225 17.444 -12.4429
4 0 -2.1308 17.2664 -12.4355 -1.9873 18.6873 -11.7141 -2.2104 18.4209 -11.8103 -2.55 17 -12.4928
4 0 -2.55 17 -12.4928 -2.7462 16.7 -12.4537 -3.3347 16.7 -12.3367 -3.3347 17 -12.3367
4 0 -3.3347 16.7 -12.3367 -3.3347 15.9 -12.3367 -3.727 16.1 -12.2587 -3.8251 17 -12.2391
4 0 -3.727 16.1 -12.2587 -3.9231 14.6 -12.2196 -4.5116 14.7 -12.1026 -4.9749 17 -12.0104
3 0 -3.727 16.1 -12.2587 -3.8251 17 -12.2391 -4.9749 17 -12.0104
3 0 -3.3347 16.7 -12.3367 -3.3347 17 -12.3367 -3.8251 17 -12.2391
3 0 -4.9749 14.8 -12.0104 -4.5116 14.7 -12.1026 -4.9749 17 -12.0104
4 0 -4.9749 17 -12.0104 -3.8251 17 -12.2391 -4.2347 17.7993 -11.7358 -4.8441 17.654 -11.6913
4 0 -5.0685 17.6216 -11.5608 -5.3305 17 -11.7728 -4.9749 17 -12.0104 -4.8341 17.6912 -11.6742
4 0 -5.3305 15.7 -11.7728 -4.9749 14.8 -12.0104 -4.9749 17 -12.0104 -5.3305 17 -11.7728
4 0 -4.2347 17.7993 -11.7358 -3.8251 17 -12.2391 -2.55 17 -12.4928 -3.9758 18.4209 -11.4592
3 0 -2.55 17 -12.4928 -2.7277 18.1545 -11.8481 -3.9758 18.4209 -11.4592
3 0 -2.55 17 -12.4928 -2.2104 18.4209 -11.8103 -2.7277 18.1545 -11.8481
3 0 -2.7277 18.1545 -11.8481 -2.5937 18.5097 -11.6872 -2.2104 18.4209 -11.8103
3 16 -3.7424 14.3801 -12.2556 -3.2541 14.7979 -12.3527 -3.9231 14.6 -12.2196
4 16 -3.2541 14.7979 -12.3527 -3.3347 15.9 -12.3367 -3.727 16.1 -12.2587 -3.9231 14.6 -12.2196
3 16 -3.2541 14.7979 -12.3527 -2.6481 15 -12.4733 -3.3347 15.9 -12.3367
3 16 -3.3347 15.9 -12.3367 -2.7462 16.7 -12.4537 -3.3347 16.7 -12.3367
4 16 -2.6481 15 -12.4733 -1.1769 15.7 -12.7659 -2.7462 16.7 -12.4537 -3.3347 15.9 -12.3367
3 16 -1.1769 15.7 -12.7659 -2.55 17 -12.4928 -2.7462 16.7 -12.4537
3 16 -1.1769 15.7 -12.7659 -0.2942 17 -12.9415 -2.55 17 -12.4928
4 16 -1.1769 15.7 -12.7659 0 15.8 -13 0 17 -13 -0.2942 17 -12.9415
4 16 0 15.8 -13 0.5885 15.8 -12.8829 1.5693 17 -12.6879 0 17 -13
3 16 1.5693 17 -12.6879 2.0596 16.7 -12.5903 2.0596 17 -12.5903
4 16 0.5885 15.8 -12.8829 1.3731 15.7 -12.7269 2.0596 16.7 -12.5903 1.5693 17 -12.6879
4 16 2.3539 15.4 -12.5318 2.8443 16.2 -12.4342 2.0596 16.7 -12.5903 1.3731 15.7 -12.7269
4 16 2.3539 15.4 -12.5318 3.0404 15 -12.3952 3.2366 16.1 -12.3562 2.8443 16.2 -12.4342
3 16 3.0404 15 -12.3952 3.4327 14.9 -12.3172 3.2366 16.1 -12.3562
3 16 2.0596 16.7 -12.5903 2.8443 16.2 -12.4342 2.6481 17 -12.4733
3 16 -0.9808 17 -12.8049 -0.2942 17 -12.9415 -0.9628 17.1776 -12.7147
3 16 -0.9808 17 -12.8049 -0.9628 17.1776 -12.7147 -1.1321 17.444 -12.5404
3 16 -0.9808 17 -12.8049 -1.1321 17.444 -12.5404 -1.6225 17.444 -12.4429
3 16 -0.9808 17 -12.8049 -1.6225 17.444 -12.4429 -2.1308 17.2664 -12.4355
3 16 -0.9808 17 -12.8049 -2.1308 17.2664 -12.4355 -2.55 17 -12.4928
4 16 0 17 -13 1.5693 17 -12.6879 1.5244 17.444 -12.4624 0.7218 17.6216 -12.5283
3 16 4.3155 14.8 -12.1416 4.9748 14.9 -12.0104 4.6097 15.5 -12.0831
4 16 4.9748 14.9 -12.0104 4.9749 17 -12.0104 4.7078 17 -12.0636 4.6097 15.5 -12.0831
4 16 4.7078 17 -12.0636 4.9749 17 -12.0104 4.4091 19.828 -10.6303 4.5379 17.7104 -11.7224
3 16 3.3341 17.9769 -11.8212 4.5379 17.7104 -11.7224 4.4091 19.828 -10.6303
3 16 2.986 18.5097 -11.6092 3.3341 17.9769 -11.8212 4.4091 19.828 -10.6303
3 16 2.4867 18.5985 -11.6616 2.986 18.5097 -11.6092 4.4091 19.828 -10.6303
4 16 1.8982 18.5985 -11.7787 2.4867 18.5985 -11.6616 4.4091 19.828 -10.6303 -0.0055 19.828 -11.5084
3 16 1.4078 18.5985 -11.8762 1.6309 18.3321 -11.9725 1.8982 18.5985 -11.7787
3 16 1.4078 18.5985 -11.8762 1.8982 18.5985 -11.7787 -0.0055 19.828 -11.5084
3 16 0.6232 18.5985 -12.0323 1.4078 18.5985 -11.8762 -0.0055 19.828 -11.5084
4 16 -0.0026 18.3294 -12.2988 0.561 18.2433 -12.2322 0.6232 18.5985 -12.0323 -0.0055 19.828 -11.5084
4 16 -0.5879 17.9769 -12.3675 -0.2135 17.7993 -12.5357 0.0026 18.3294 -12.2988 -0.8373 18.4209 -12.0835
3 16 -1.9873 18.6873 -11.7141 -1.5328 18.3321 -11.992 -0.8373 18.4209 -12.0835
3 16 -2.5937 18.5097 -11.6872 -2.2104 18.4209 -11.8103 -1.9873 18.6873 -11.7141
3 16 -3.9758 18.4209 -11.4592 -2.7277 18.1545 -11.8481 -2.5937 18.5097 -11.6872
3 16 -4.8441 17.654 -11.6913 -4.2347 17.7993 -11.7358 -3.9758 18.4209 -11.4592
3 16 -4.8441 17.654 -11.6913 -3.9758 18.4209 -11.4592 -4.4091 19.828 -10.6303
3 16 -3.9758 18.4209 -11.4592 -2.5937 18.5097 -11.6872 -4.4091 19.828 -10.6303
3 16 -2.5937 18.5097 -11.6872 -1.9873 18.6873 -11.7141 -4.4091 19.828 -10.6303
3 16 -1.9873 18.6873 -11.7141 0.0055 19.828 -11.5084 -4.4091 19.828 -10.6303
3 16 -0.8373 18.4209 -12.0835 0.0055 19.828 -11.5084 -1.9873 18.6873 -11.7141
3 16 -0.8373 18.4209 -12.0835 0.0026 18.3294 -12.2988 0.0055 19.828 -11.5084
3 16 -5.7462 14.9 -11.4951 -4.9749 14.8 -12.0104 -5.3305 15.7 -11.7728
4 16 -9.1924 17 -9.1924 -5.7462 14.9 -11.4951 -5.3305 15.7 -11.7728 -5.3305 17 -11.7728
4 16 -9.1924 17 -9.1924 -5.3305 17 -11.7728 -5.0685 17.6216 -11.5608 -8.1416 19.828 -8.1338
4 16 -8.1416 19.828 -8.1338 -5.0685 17.6216 -11.5608 -4.8341 17.6912 -11.6742 -4.399 19.828 -10.6345
4 16 -12.0104 17 -4.9749 -9.1924 17 -9.1924 -8.1338 19.828 -8.1416 -10.6345 19.828 -4.399
4 16 -13 17 0 -12.0104 17 -4.9749 -10.6303 19.828 -4.4091 -11.5084 19.828 0.0055
4 16 4.9749 17 -12.0104 9.1924 17 -9.1924 8.1416 19.828 -8.1338 4.399 19.828 -10.6345
4 16 4.9748 14.9 -12.0105 5.5799 14.8 -11.6062 9.1924 17 -9.1924 4.9749 17 -12.0104
3 16 5.8293 13.5 -11.4395 9.1924 17 -9.1924 5.5799 14.8 -11.6062
3 16 5.7462 12.6 -11.4951 9.1924 17 -9.1924 5.8293 13.5 -11.4395
3 16 -4.4091 1.172 -10.6303 -4.3155 4 -12.1416 -4.9032 3.6419 -11.8357
4 16 -4.4091 1.172 -10.6303 0.0055 1.172 -11.5084 0 4 -13 -4.3155 4 -12.1416
4 16 -0.0055 1.172 -11.5084 4.4091 1.172 -10.6303 4.9749 4 -12.0104 0 4 -13
3 16 4.399 1.172 -10.6345 5.8359 3.7336 -11.2693 5.5033 3.7336 -11.4915
3 16 4.399 1.172 -10.6345 5.5033 3.7336 -11.4915 5.2473 4 -11.8284
3 16 4.399 1.172 -10.6345 5.2473 4 -11.8284 4.9749 4 -12.0104
3 16 4.9749 4 -12.0104 5.2473 4 -11.8284 4.9748 4.2 -12.0105
4 16 4.399 1.172 -10.6345 8.1416 1.172 -8.1338 9.1924 4 -9.1924 5.8359 3.7336 -11.2693
3 16 5.8359 3.7336 -11.2693 9.1924 4 -9.1924 5.9956 4 -11.3284
4 16 10.6303 1.172 -4.4091 11.5084 1.172 0.0055 13 4 0 12.0104 4 -4.9749
4 16 9.1924 17 -9.1924 12.0104 17 -4.9749 10.6345 19.828 -4.399 8.1338 19.828 -8.1416
4 16 12.0104 17 -4.9749 13 17 0 11.5084 19.828 0.0055 10.6303 19.828 -4.4091
4 16 12.0104 4 -4.9749 13 4 0 13 17 0 12.0104 17 -4.9749
4 16 -11.5084 1.172 0.0055 -10.6303 1.172 -4.4091 -12.0104 4 -4.9749 -13 4 0
4 16 -10.6345 1.172 -4.399 -8.1338 1.172 -8.1416 -9.1924 4 -9.1924 -12.0104 4 -4.9749
4 16 -8.1416 1.172 -8.1338 -5.4201 3.7336 -11.5471 -5.5799 4 -11.6062 -9.1924 4 -9.1924
4 16 -5.4201 3.7336 -11.5471 -8.1416 1.172 -8.1338 -4.399 1.172 -10.6345 -4.9031 3.6476 -11.839
4 16 -13 4 0 -12.0104 4 -4.9749 -12.0104 17 -4.9749 -13 17 0
3 16 12.0104 17 -4.9749 9.1924 17 -9.1924 12.0104 4 -4.9749
3 16 -12.0104 4 -4.9749 -9.1924 17 -9.1924 -12.0104 17 -4.9749
4 16 8.1338 1.172 -8.1416 10.6345 1.172 -4.399 12.0104 4 -4.9749 9.1924 4 -9.1924
4 0 9.1924 7.4 -9.1924 9.3898 7.3 -8.897 9.3898 8 -8.897 9.1924 8.1 -9.1924
3 16 9.3064 7.15 -9.0217 9.3898 7.3 -8.897 9.1924 7.4 -9.1924
3 16 9.1924 4 -9.1924 9.2509 5.25 -9.1048 9.2509 5.95 -9.1048
3 16 9.1924 4 -9.1924 9.2509 5.95 -9.1048 9.1924 7.4 -9.1924
3 16 9.2509 5.95 -9.1048 9.3064 6.45 -9.0217 9.1924 7.4 -9.1924
3 16 9.3064 6.45 -9.0217 9.3064 7.15 -9.0217 9.1924 7.4 -9.1924
4 16 9.1924 4 -9.1924 12.0104 4 -4.9749 9.6398 5.25 -8.5228 9.2509 5.25 -9.1048
4 16 9.6398 5.95 -8.5228 9.6953 6.45 -8.4397 9.3064 6.45 -9.0217 9.2509 5.95 -9.1048
3 16 9.3064 7.15 -9.0217 9.6953 7.15 -8.4397 9.3898 7.3 -8.897
4 16 9.3898 8 -8.897 9.6398 8.85 -8.5228 9.2509 8.85 -9.1048 9.1924 8.1 -9.1924
3 16 9.1924 8.1 -9.1924 9.2509 8.85 -9.1048 9.2509 9.55 -9.1048
3 16 9.3898 7.3 -8.897 9.6953 7.15 -8.4397 9.3898 8 -8.897
3 16 9.6953 7.15 -8.4397 9.6398 8.85 -8.5228 9.3898 8 -8.897
3 16 9.6398 5.25 -8.5228 12.0104 4 -4.9749 9.6398 5.95 -8.5228
3 16 9.6398 5.95 -8.5228 12.0104 4 -4.9749 9.6953 6.45 -8.4397
3 16 9.6953 6.45 -8.4397 12.0104 4 -4.9749 9.6953 7.15 -8.4397
3 16 9.6953 7.15 -8.4397 12.0104 4 -4.9749 9.6398 8.85 -8.5228
3 16 9.2509 10.75 -9.1048 9.6398 10.75 -8.5228 9.1924 17 -9.1924
4 16 9.2509 9.55 -9.1048 9.2509 10.05 -9.1048 9.1924 17 -9.1924 9.1924 8.1 -9.1924
3 16 9.2509 10.05 -9.1048 9.2509 10.75 -9.1048 9.1924 17 -9.1924
4 16 9.2509 9.55 -9.1048 9.6398 9.55 -8.5228 9.6398 10.05 -8.5228 9.2509 10.05 -9.1048
1 0 -9.5009 5.1 -8.7307 0.1944 -0.291 0 0 0 0.35 -0.291 -0.1944 0 4-4disc.dat
1 0 -9.5565 6.5 -8.6475 0.1944 -0.291 0 0 0 0.35 -0.291 -0.1944 0 4-4disc.dat
1 0 -9.4453 8.7 -8.8138 0.1944 -0.291 0 0 0 0.35 -0.291 -0.1944 0 4-4disc.dat
1 0 -10.0009 8.6 -7.9823 0.1944 -0.291 0 0 0 0.35 -0.291 -0.1944 0 4-4disc.dat
1 0 -9.5009 9.9 -8.7307 0.1944 -0.291 0 0 0 0.35 -0.291 -0.1944 0 4-4disc.dat
1 16 -9.5009 9.9 -8.7307 0.1944 -0.291 0 0 0 0.35 -0.291 -0.1944 0 4-4ndis.dat
1 16 -9.4453 8.7 -8.8138 0.1944 -0.291 0 0 0 0.35 -0.291 -0.1944 0 4-4ndis.dat
1 16 -10.0009 8.6 -7.9823 0.1944 -0.291 0 0 0 0.35 -0.291 -0.1944 0 4-4ndis.dat
1 16 -9.5565 6.5 -8.6475 0.1944 -0.291 0 0 0 0.35 -0.291 -0.1944 0 4-4ndis.dat
1 16 -9.5009 5.1 -8.7307 0.1944 -0.291 0 0 0 0.35 -0.291 -0.1944 0 4-4ndis.dat
4 0 -9.5565 7 -8.6475 -9.1924 7.1 -9.1924 -9.1924 7.9 -9.1924 -9.6676 7.7 -8.4812
4 16 -9.7509 6.85 -8.3565 -9.362 6.85 -8.9385 -9.1924 7.1 -9.1924 -9.5565 7 -8.6475
4 16 -9.6953 5.45 -8.4397 -9.3064 5.45 -9.0217 -9.362 6.15 -8.9385 -9.7509 6.15 -8.3565
4 16 -9.1924 4 -9.1924 -9.3064 4.75 -9.0217 -9.6953 4.75 -8.4397 -9.7231 4 -8.3981
3 16 -9.3064 4.75 -9.0217 -9.1924 4 -9.1924 -9.1924 4.75 -9.1924
3 16 -9.1924 4.75 -9.1924 -9.1924 5.45 -9.1924 -9.3064 4.75 -9.0217
4 16 -9.3064 5.45 -9.0217 -9.1924 5.45 -9.1924 -9.1924 6.2 -9.1924 -9.362 6.15 -8.9385
4 16 -9.362 6.15 -8.9385 -9.1924 6.2 -9.1924 -9.1924 7.1 -9.1924 -9.362 6.85 -8.9385
3 16 -9.3064 4.75 -9.0217 -9.1924 5.45 -9.1924 -9.3064 5.45 -9.0217
4 16 -9.1924 7.9 -9.1924 -9.2509 8.35 -9.1048 -9.6398 8.35 -8.5228 -9.6676 7.7 -8.4812
4 16 -9.8065 8.25 -8.2734 -9.6398 8.35 -8.5228 -9.6398 9.05 -8.5228 -9.8065 8.95 -8.2734
4 16 -9.2509 9.05 -9.1048 -9.3064 9.55 -9.0217 -9.6953 9.55 -8.4397 -9.6398 9.05 -8.5228
3 16 -9.8065 8.95 -8.2734 -9.6398 9.05 -8.5228 -9.6953 9.55 -8.4397
3 16 -9.6676 7.7 -8.4812 -9.6398 8.35 -8.5228 -9.8065 8.25 -8.2734
3 16 -9.7509 6.85 -8.3565 -9.5565 7 -8.6475 -9.6676 7.7 -8.4812
3 16 -9.7509 6.85 -8.3565 -9.6676 7.7 -8.4812 -9.8065 8.25 -8.2734
3 16 -9.7509 6.85 -8.3565 -9.8065 8.25 -8.2734 -10.1954 8.25 -7.6913
3 16 -10.1954 8.95 -7.6913 -9.8065 8.95 -8.2734 -9.6953 9.55 -8.4397
3 16 -10.1954 8.95 -7.6913 -9.6953 9.55 -8.4397 -9.6953 10.25 -8.4397
3 16 9.1924 17 -9.1924 5.8889 10.5481 -11.3997 9.1924 10.5 -9.1924
4 16 5.8889 10.5481 -11.3997 8.4485 9.45 -9.6895 9.0305 9.45 -9.3006 9.1924 10.5 -9.1924
4 16 -9.2509 8.35 -9.1048 -9.1924 7.9 -9.1924 -9.1924 17 -9.1924 -9.2509 9.05 -9.1048
4 16 -9.3064 9.55 -9.0217 -9.2509 9.05 -9.1048 -9.1924 17 -9.1924 -9.3064 10.25 -9.0217
3 16 -9.6953 10.25 -8.4397 -9.3064 10.25 -9.0217 -9.1924 17 -9.1924
4 16 -10.1954 8.95 -7.6913 -9.6953 10.25 -8.4397 -9.1924 17 -9.1924 -10.9249 9.0076 -6.5995
4 16 -12.0104 4 -4.9749 -10.1954 8.25 -7.6913 -10.1954 8.95 -7.6913 -10.9249 9.0076 -6.5995
3 16 -12.0104 4 -4.9749 -9.7509 6.85 -8.3565 -10.1954 8.25 -7.6913
3 16 -12.0104 4 -4.9749 -9.7509 6.15 -8.3565 -9.7509 6.85 -8.3565
3 16 -12.0104 4 -4.9749 -9.6953 5.45 -8.4397 -9.7509 6.15 -8.3565
3 16 -12.0104 4 -4.9749 -9.6953 4.75 -8.4397 -9.6953 5.45 -8.4397
3 16 -12.0104 4 -4.9749 -9.7231 4 -8.3981 -9.6953 4.75 -8.4397
1 0 10.0009 9.1 -7.9823 0.1944 0.291 0 0 0 0.35 0.291 -0.1944 0 4-4disc.dat
1 16 10.0009 9.1 -7.9823 0.1944 0.291 0 0 0 0.35 0.291 -0.1944 0 4-4ndis.dat
4 16 9.6398 8.85 -8.5228 9.8065 8.75 -8.2734 9.8065 9.45 -8.2734 9.6398 9.55 -8.5228
3 16 9.6398 8.85 -8.5228 12.0104 4 -4.9749 9.8065 8.75 -8.2734
3 16 9.8065 8.75 -8.2734 12.0104 4 -4.9749 10.1954 8.75 -7.6913
3 16 10.1954 8.75 -7.6913 12.0104 4 -4.9749 10.1954 9.45 -7.6913
3 16 9.6398 9.55 -8.5228 9.8065 9.45 -8.2734 9.6398 10.05 -8.5228
4 16 9.6398 10.05 -8.5228 9.8065 9.45 -8.2734 10.1954 9.45 -7.6913 9.6398 10.75 -8.5228
3 16 10.1954 9.45 -7.6913 12.0104 4 -4.9749 9.1924 17 -9.1924
3 16 9.6398 10.75 -8.5228 10.1954 9.45 -7.6913 9.1924 17 -9.1924
4 16 -9.0305 8.45 -9.3006 -9.0305 9.15 -9.3006 -9.1924 17 -9.1924 -9.1924 7.9 -9.1924
4 16 9.1924 4 -9.1924 9.1924 7.4 -9.1924 8.9474 7.25 -9.3561 8.9474 4.95 -9.3561
4 16 -9.1924 4 -9.1924 -9.1137 4.65 -9.245 -9.1137 6.95 -9.245 -9.1924 7.1 -9.1924
4 16 9.1924 8.1 -9.1924 9.1924 10.5 -9.1924 9.0305 9.45 -9.3006 9.0305 8.75 -9.3006
0
 5 24 0 4 -13 0 1.172 -11.536 -4.975 4 -12.010 4.975 4 -12.010
 5 24 -4.975 4 -12.010 -4.415 1.172 -10.658 0 4 -13 -9.192 4 -9.192
 5 24 4.975 4 -12.010 4.415 1.172 -10.658 0 4 -13 9.192 4 -9.192
 5 24 -9.192 4 -9.192 -8.157 1.172 -8.157 -4.975 4 -12.010 -12.010 4 -4.975
 5 24 9.192 4 -9.192 8.157 1.172 -8.157 4.975 4 -12.010 12.010 4 -4.975
 5 24 -12.010 4 -4.975 -10.658 1.172 -4.415 -9.192 4 -9.192 -13 4 0
 5 24 12.010 4 -4.975 10.658 1.172 -4.415 9.192 4 -9.192 13 4 0
 5 24 -13 4 0 -11.536 1.172 0 -12.010 4 -4.975 -12.010 4 4.975
 5 24 13 4 0 11.536 1.172 0 12.010 4 -4.975 12.010 4 4.975
0
 5 24 0 4 -13 -4.975 4 -12.010 0 1.172 -11.536 0 17 -13
 5 24 0 4 -13 4.975 4 -12.010 0 1.172 -11.536 0 17 -13
 5 24 -9.192 4 -9.192 -4.975 4 -12.010 -8.157 1.172 -8.157 -9.192 17 -9.192
 5 24 9.192 4 -9.192 4.975 4 -12.010 8.157 1.172 -8.157 9.192 17 -9.192
 5 24 -9.192 4 -9.192 -12.010 4 -4.975 -8.157 1.172 -8.157 -9.192 17 -9.192
 5 24 9.192 4 -9.192 12.010 4 -4.975 8.157 1.172 -8.157 9.192 17 -9.192
 5 24 -13 4 0 -12.010 4 -4.975 -11.536 1.172 0 -13 17 0
 5 24 13 4 0 12.010 4 -4.975 11.536 1.172 0 13 17 0
0
 5 24 0 4 -13 0 17 -13 -4.975 4 -12.010 4.975 4 -12.010
 5 24 -4.975 4 -12.010 -4.975 17 -12.010 0 4 -13 -9.192 4 -9.192
 5 24 4.975 4 -12.010 4.975 17 -12.010 0 4 -13 9.192 4 -9.192
 5 24 -9.192 4 -9.192 -9.192 17 -9.192 -4.975 4 -12.010 -12.010 4 -4.975
 5 24 9.192 4 -9.192 9.192 17 -9.192 4.975 4 -12.010 12.010 4 -4.975
 5 24 -12.010 4 -4.975 -12.010 17 -4.975 -9.192 4 -9.192 -13 4 0
 5 24 12.010 4 -4.975 12.010 17 -4.975 9.192 4 -9.192 13 4 0
 5 24 -13 4 0 -13 17 0 -12.010 4 -4.975 -12.010 4 4.975
 5 24 13 4 0 13 17 0 12.010 4 -4.975 12.010 4 4.975
0
 5 24 0 17 -13 -4.975 17 -12.010 0 19.828 -11.536 0 4 -13
 5 24 0 17 -13 4.975 17 -12.010 0 19.828 -11.536 0 4 -13
 5 24 -9.192 17 -9.192 -4.975 17 -12.010 -8.157 19.828 -8.157 -9.192 4 -9.192
 5 24 9.192 17 -9.192 4.975 17 -12.010 8.157 19.828 -8.157 9.192 4 -9.192
 5 24 -9.192 17 -9.192 -12.010 17 -4.975 -8.157 19.828 -8.157 -9.192 4 -9.192
 5 24 9.192 17 -9.192 12.010 17 -4.975 8.157 19.828 -8.157 9.192 4 -9.192
 5 24 -13 17 0 -12.010 17 -4.975 -11.536 19.828 0 -13 4 0
 5 24 13 17 0 12.010 17 -4.975 11.536 19.828 0 13 4 0
0
 5 24 0 17 -13 0 19.828 -11.536 -4.975 17 -12.010 4.975 17 -12.010
 5 24 -4.975 17 -12.010 -4.415 19.828 -10.658 0 17 -13 -9.192 17 -9.192
 5 24 4.975 17 -12.010 4.415 19.828 -10.658 0 17 -13 9.192 17 -9.192
 5 24 -9.192 17 -9.192 -8.157 19.828 -8.157 -4.975 17 -12.010 -12.010 17 -4.975
 5 24 9.192 17 -9.192 8.157 19.828 -8.157 4.975 17 -12.010 12.010 17 -4.975
 5 24 -12.010 17 -4.975 -10.658 19.828 -4.415 -9.192 17 -9.192 -13 17 0
 5 24 12.010 17 -4.975 10.658 19.828 -4.415 9.192 17 -9.192 13 17 0
 5 24 -13 17 0 -11.536 19.828 0 -12.010 17 -4.975 -12.010 17 4.975
 5 24 13 17 0 11.536 19.828 0 12.010 17 -4.975 12.010 17 4.975
0 Pattern created wholly or in part by Quad2Dat
0 Thanks James
0
