0 Minifig Head with Brown Hair, Eyelashes, and Lipstick Pattern
0 Name: 3626bpa6.dat
0 Author: George Barnes [glbarnes]
0 !LDRAW_ORG Part UPDATE 2002-04
0 !LICENSE Redistributable under CCAL version 2.0 : see CAreadme.txt

0 !KEYWORDS face, smile, lipstick, eyelashes, curly hair, female
0 !KEYWORDS Adventurers, Studios, Gail Storm, Pippen Read
0 !CMDLINE -c14

0 !HISTORY 2002-08-18 [PTadmin] Official Update 2002-04
0 !HISTORY 2007-06-29 [PTadmin] Header formatted for Contributor Agreement
0 !HISTORY 2008-07-01 [PTadmin] Official Update 2008-01

1 16 0 0 0 1 0 0 0 1 0 0 0 1 s\3626bs01.dat
0
1 0 -3.3347 9.6 -12.3367 1.275 -0.2536 0 0 0 1.3 -0.2536 -1.275 0 3-4disc.dat
1 0 3.5308 9.6 -12.2977 1.275 0.2536 0 0 0 1.3 0.2536 -1.275 0 3-4disc.dat
4 0 -3.9832 8.5084 -12.2077 -4.2362 8.6808 -12.1574 -4.9748 7.7 -12.0104 -4.4135 7.8 -12.1221
3 0 -4.5647 9.8307 -12.092 -4.9748 9.3 -12.0104 -4.6097 9.6 -12.0831
4 0 -4.5126 9.1025 -12.1024 -4.6097 9.6 -12.0831 -4.9748 9.3 -12.0104 -4.9748 9.1 -12.0104
4 0 -4.9748 7.7 -12.0104 -4.2362 8.6808 -12.1574 -4.5126 9.1025 -12.1024 -4.9748 9.1 -12.0104
4 0 -4.9748 9.3 -12.0105 -5.3305 9 -11.7728 -5.3305 8.6 -11.7728 -5.1642 8.4 -11.884
4 0 -5.1642 8.4 -11.884 -5.1642 7.9 -11.884 -4.9748 7.7 -12.0105 -4.9748 9.3 -12.0105
3 6 0 4 -13 0 7.7 -13 -2.7462 4 -12.4537
3 6 -3.727 7.3 -12.2587 -3.3347 8 -12.3367 -4.1193 7.8 -12.1806
4 6 -4.2174 6.5 -12.1611 -3.727 7.3 -12.2587 -4.1193 7.8 -12.1806 -4.9748 7.3 -12.0104
4 6 -4.2174 6.5 -12.1611 -4.9748 7.3 -12.0104 -4.9748 6.6 -12.0104 -4.6097 6.5 -12.0831
4 0 -4.9748 6.6 -12.0104 -4.9748 6.2 -12.0104 -4.3155 6.1 -12.1416 -4.6097 6.5 -12.0831
4 0 -4.3155 6.1 -12.1416 -3.9231 6.1 -12.2196 -4.2174 6.5 -12.1611 -4.6097 6.5 -12.0831
4 0 -3.9231 6.1 -12.2196 -3.4327 6.2 -12.3172 -3.6289 6.6 -12.2782 -4.2174 6.5 -12.1611
4 0 -3.4327 6.2 -12.3172 -2.8443 6.4 -12.4342 -3.0404 6.8 -12.3952 -3.6289 6.6 -12.2782
4 0 -2.8443 6.4 -12.4342 -2.6481 6.6 -12.4733 -2.7462 6.9 -12.4537 -3.0404 6.8 -12.3952
4 0 -4.9748 6.2 -12.0105 -4.9748 6.6 -12.0105 -5.2473 6.8 -11.8284 -5.4136 6.4 -11.7173
4 0 -5.2473 6.8 -11.8284 -5.4968 7 -11.6617 -5.7462 6.8 -11.4951 -5.4136 6.4 -11.7173
4 0 -5.4968 7 -11.6617 -5.7462 7.3 -11.4951 -5.9125 7.1 -11.3839 -5.7462 6.8 -11.4951
3 6 -4.9748 6.6 -12.0105 -4.9748 7.3 -12.0105 -5.2473 6.8 -11.8284
3 6 -5.2473 6.8 -11.8284 -4.9748 7.3 -12.0105 -5.4968 7 -11.6617
4 6 -4.3155 6.1 -12.1416 -4.9748 6.2 -12.0104 -4.9748 5.1 -12.0104 -4.4135 5.1 -12.1221
4 6 -4.4135 5.1 -12.1221 -4.9748 5.1 -12.0104 -4.9749 4 -12.0104 -3.9231 4 -12.2196
4 6 -4.9748 6.2 -12.0105 -5.4136 6.4 -11.7173 -6.1619 4 -11.2173 -4.9749 4 -12.0104
4 6 -5.4136 6.4 -11.7173 -5.7462 6.8 -11.4951 -6.9934 5.8 -10.6617 -6.1619 4 -11.2173
3 6 -6.1619 4 -11.2173 -6.9934 5.8 -10.6617 -7.8249 4 -10.1061
4 16 -3.9231 4 -12.2196 -3.602 3.7336 -12.1429 -3.0135 3.7336 -12.26 -2.7462 4 -12.4537
4 16 -2.7462 4 -12.4537 0 7.7 -13 -2.6481 6.6 -12.4733 -2.8443 6.4 -12.4342
4 16 -3.9231 4 -12.2196 -2.7462 4 -12.4537 -2.8443 6.4 -12.4342 -3.4327 6.2 -12.3172
4 16 -3.9231 4 -12.2196 -3.4327 6.2 -12.3172 -3.9231 6.1 -12.2196 -4.4135 5.1 -12.1221
3 16 -4.4135 5.1 -12.1221 -3.9231 6.1 -12.2196 -4.3155 6.1 -12.1416
3 16 -4.2174 6.5 -12.1611 -3.6289 6.6 -12.2782 -3.727 7.3 -12.2587
4 16 -3.6289 6.6 -12.2782 -3.0404 6.8 -12.3952 -3.3347 8 -12.3367 -3.727 7.3 -12.2587
3 16 -3.0404 6.8 -12.3952 -2.7462 6.9 -12.4537 -3.3347 8 -12.3367
3 16 -2.7462 6.9 -12.4537 -2.6481 6.6 -12.4733 0 7.7 -13
3 16 -3.3347 8 -12.3367 -2.7462 6.9 -12.4537 0 7.7 -13
3 16 0 7.7 -13 -2.8467 8.399 -12.4337 -3.3347 8 -12.3367
3 16 -3.3347 8 -12.3367 -2.8467 8.399 -12.4337 -3.3347 8.3 -12.3367
4 16 -4.1193 7.8 -12.1806 -3.3347 8 -12.3367 -3.3347 8.3 -12.3367 -3.8226 8.399 -12.2396
4 16 -4.1193 7.8 -12.1806 -3.8226 8.399 -12.2396 -3.9832 8.5084 -12.2077 -4.4135 7.8 -12.1221
3 16 -4.9748 7.3 -12.0104 -4.1193 7.8 -12.1806 -4.4135 7.8 -12.1221
3 16 -4.9748 7.3 -12.0104 -4.4135 7.8 -12.1221 -4.9748 7.7 -12.0104
3 16 -2.8467 8.399 -12.4337 0 7.7 -13 -2.4331 8.6808 -12.516
3 16 -2.4331 8.6808 -12.516 0 7.7 -13 -2.1567 9.1025 -12.571
3 16 -2.1567 9.1025 -12.571 0 7.7 -13 -2.0596 9.6 -12.5903
3 16 -2.0596 9.6 -12.5903 0 7.7 -13 0 9.6 -13
4 16 -4.9748 9.3 -12.0104 -4.5647 9.8307 -12.092 -4.5126 10.0975 -12.1024 -4.9748 10.1 -12.0104
4 16 -4.9748 10.1 -12.0104 -4.5126 10.0975 -12.1024 -4.2362 10.5192 -12.1574 -4.9748 10.8 -12.0104
1 15 -2.8443 9.2 -12.4342 0 -0.0585 0.2942 -0.3 0 0 0 -0.2942 -0.0585 4-4disc.dat
1 0 -2.8443 9.2 -12.4342 0 -0.0585 0.2942 -0.3 0 0 0 -0.2942 -0.0585 4-4ndis.dat
3 0 -3.3347 8.3 -12.3367 -2.8467 8.399 -12.4337 -3.1385 8.9 -12.3757
4 0 -2.8467 8.399 -12.4337 -2.4331 8.6808 -12.516 -2.55 8.9 -12.4928 -3.1385 8.9 -12.3757
4 0 -2.55 8.9 -12.4928 -2.1567 9.1025 -12.571 -2.0596 9.6 -12.5903 -2.55 9.5 -12.4928
3 0 -3.3347 8.3 -12.3367 -3.1385 8.9 -12.3757 -3.3347 9.6 -12.3367
3 0 -3.1385 8.9 -12.3757 -3.1385 9.5 -12.3757 -3.3347 9.6 -12.3367
4 0 -3.1385 9.5 -12.3757 -2.55 9.5 -12.4928 -2.0596 9.6 -12.5903 -3.3347 9.6 -12.3367
3 0 -2.4331 8.6808 -12.516 -2.1567 9.1025 -12.571 -2.55 8.9 -12.4928
3 16 -8.9889 4 -9.3283 -8.6694 3.4672 -9.2101 -7.8249 4 -10.1061
3 16 -7.8249 4 -10.1061 -8.6694 3.4672 -9.2101 -8.3178 3.1119 -9.2239
4 16 -7.8249 4 -10.1061 -8.3178 3.1119 -9.2239 -7.9276 3.2007 -9.5399 -7.7548 3.4672 -9.8212
4 6 -8.6694 3.4672 -9.2101 -8.9889 4 -9.3283 -9.1924 4 -9.1924 -8.5372 2.2369 -8.5324
4 6 -8.5372 2.2369 -8.5324 -4.6163 2.239 -11.1536 -7.9276 3.2007 -9.5399 -8.3178 3.1119 -9.2239
3 6 -8.5372 2.2369 -8.5324 -8.3178 3.1119 -9.2239 -8.6694 3.4672 -9.2101
3 6 -7.9276 3.2007 -9.5399 -4.6163 2.239 -11.1536 -7.7548 3.4672 -9.8212
4 6 -7.7548 3.4672 -9.8212 -4.6163 2.239 -11.1536 -4.9749 4 -12.0104 -7.8249 4 -10.1061
4 6 -8.9889 4 -9.3283 -8.8226 5.1 -9.4394 -9.1924 5 -9.1924 -9.1924 4 -9.1924
3 6 -9.1924 5 -9.1924 -8.8226 5.1 -9.4394 -9.1924 5.8 -9.1924
4 6 -9.1924 8.6 -9.1924 -8.1575 10.2 -9.8839 -8.1575 10.4 -9.8839 -9.1924 10.9 -9.1924
3 16 -5.3305 9 -11.7728 -8.1575 10.4 -9.8839 -8.1575 10.2 -9.8839
4 16 -9.1924 8.6 -9.1924 -5.3305 8.6 -11.7728 -5.3305 9 -11.7728 -8.1575 10.2 -9.8839
4 16 -8.49 6.3 -9.6617 -6.9934 5.8 -10.6617 -5.3305 8.6 -11.7728 -9.1924 8.6 -9.1924
3 16 -6.9934 5.8 -10.6617 -5.7462 6.8 -11.4951 -5.9125 7.1 -11.3839
3 16 -6.9934 5.8 -10.6617 -5.9125 7.1 -11.3839 -5.3305 8.6 -11.7728
3 16 -5.9125 7.1 -11.3839 -5.7462 7.3 -11.4951 -5.3305 8.6 -11.7728
3 16 -5.7462 7.3 -11.4951 -5.1642 8.4 -11.884 -5.3305 8.6 -11.7728
3 16 -5.7462 7.3 -11.4951 -5.1642 7.9 -11.884 -5.1642 8.4 -11.884
3 16 -5.7462 7.3 -11.4951 -4.9748 7.7 -12.0105 -5.1642 7.9 -11.884
4 16 -5.7462 7.3 -11.4951 -5.4968 7 -11.6617 -4.9748 7.3 -12.0105 -4.9748 7.7 -12.0105
4 16 -8.9889 4 -9.3283 -7.8249 4 -10.1061 -6.9934 5.8 -10.6617 -8.8226 5.1 -9.4394
3 16 -8.8226 5.1 -9.4394 -6.9934 5.8 -10.6617 -8.49 6 -9.6617
3 16 -8.49 6 -9.6617 -6.9934 5.8 -10.6617 -8.49 6.3 -9.6617
3 16 -8.1575 10.4 -9.8839 -5.3305 9 -11.7728 -4.9748 9.3 -12.0105
3 16 -8.1575 10.4 -9.8839 -4.9748 9.3 -12.0105 -4.9748 10.8 -12.0105
4 0 4.2472 8.5546 -12.1552 4.9748 7.7 -12.0104 4.9748 8.4 -12.0104 4.4324 8.6808 -12.1183
4 0 4.4324 8.6808 -12.1183 4.9748 8.4 -12.0104 4.9748 9 -12.0104 4.7088 9.1025 -12.0634
4 0 4.7088 9.1025 -12.0634 4.9748 9 -12.0104 4.9748 9.5 -12.0104 4.8058 9.6 -12.0441
4 0 4.9748 7.7 -12.0105 5.1642 7.8 -11.884 5.3305 8.2 -11.7728 5.1642 8.4 -11.884
3 0 4.9748 7.7 -12.0105 5.1642 8.4 -11.884 4.9748 8.4 -12.0105
4 0 4.9748 8.4 -12.0105 5.1642 8.4 -11.884 5.4968 8.6 -11.6617 5.4968 9 -11.6617
3 0 4.9748 8.4 -12.0105 5.4968 9 -11.6617 4.9748 9.5 -12.0105
4 0 3.0404 6.4 -12.3952 3.3347 6.8 -12.3367 3.1385 6.8 -12.3757 2.9424 6.6 -12.4147
4 0 3.0404 6.4 -12.3952 3.5308 6.1 -12.2977 3.727 6.6 -12.2587 3.3347 6.8 -12.3367
4 0 3.5308 6.1 -12.2977 4.0212 6 -12.2001 4.1193 6.5 -12.1806 3.727 6.6 -12.2587
4 0 4.0212 6 -12.2001 4.6097 5.9 -12.0831 4.7078 6.4 -12.0636 4.1193 6.5 -12.1806
4 0 4.6097 5.9 -12.0831 4.9748 6 -12.0104 4.9748 6.5 -12.0104 4.7078 6.4 -12.0636
4 16 4.7078 6.4 -12.0636 4.9748 6.5 -12.0104 4.9748 7.7 -12.0104 4.2472 8.5546 -12.1552
3 16 4.7078 6.4 -12.0636 4.2472 8.5546 -12.1552 4.0188 8.399 -12.2006
3 16 4.1193 6.5 -12.1806 4.7078 6.4 -12.0636 4.0188 8.399 -12.2006
4 16 3.727 6.6 -12.2587 4.1193 6.5 -12.1806 4.0188 8.399 -12.2006 3.5308 8.3 -12.2977
4 16 3.3347 6.8 -12.3367 3.727 6.6 -12.2587 3.5308 8.3 -12.2977 3.0429 8.399 -12.3947
4 16 3.1385 6.8 -12.3757 3.3347 6.8 -12.3367 3.0429 8.399 -12.3947 2.6293 8.6808 -12.477
3 16 2.9424 6.6 -12.4147 3.1385 6.8 -12.3757 2.6293 8.6808 -12.477
4 16 4.8058 9.6 -12.0441 4.9748 9.5 -12.0105 4.9748 10.3 -12.0105 4.7088 10.0975 -12.0634
1 15 4.0212 9.1 -12.2001 0 0.0585 0.2942 -0.3 0 0 0 -0.2942 0.0585 4-4disc.dat
1 0 4.0212 9.1 -12.2001 0 0.0585 0.2942 -0.3 0 0 0 -0.2942 0.0585 4-4ndis.dat
4 0 3.5308 8.3 -12.2977 4.0188 8.399 -12.2006 4.3155 8.8 -12.1416 3.727 8.8 -12.2587
3 0 4.0188 8.399 -12.2006 4.2472 8.5546 -12.1552 4.3155 8.8 -12.1416
3 0 4.2472 8.5546 -12.1552 4.4324 8.6808 -12.1183 4.3155 8.8 -12.1416
4 0 4.4324 8.6808 -12.1183 4.7088 9.1025 -12.0634 4.3155 9.4 -12.1416 4.3155 8.8 -12.1416
3 0 4.3155 9.4 -12.1416 4.7088 9.1025 -12.0634 4.8058 9.6 -12.0441
4 0 3.727 9.4 -12.2587 4.3155 9.4 -12.1416 4.8058 9.6 -12.0441 3.5308 9.6 -12.2977
4 0 3.5308 8.3 -12.2977 3.727 8.8 -12.2587 3.727 9.4 -12.2587 3.5308 9.6 -12.2977
4 6 0 4 -13 0.5885 4 -12.8829 0.2942 7.2 -12.9415 0 7.7 -13
4 6 3.0404 4 -12.3952 4.9749 4 -12.0104 4.9748 5 -12.0104 4.3155 5 -12.1416
4 6 4.9748 5 -12.0104 4.9748 6 -12.0104 4.6097 5.9 -12.0831 4.3155 5 -12.1416
4 6 2.452 6.3 -12.5123 2.3539 6 -12.5318 2.8443 5.3 -12.4342 3.0404 6.4 -12.3952
4 6 2.8443 5.3 -12.4342 3.0404 4 -12.3952 4.3155 5 -12.1416 3.5308 6.1 -12.2977
3 6 2.8443 5.3 -12.4342 3.5308 6.1 -12.2977 3.0404 6.4 -12.3952
3 6 4.3155 5 -12.1416 4.0212 6 -12.2001 3.5308 6.1 -12.2977
3 6 4.3155 5 -12.1416 4.6097 5.9 -12.0831 4.0212 6 -12.2001
3 16 2.452 6.3 -12.5123 3.0404 6.4 -12.3952 2.9424 6.6 -12.4147
3 16 2.452 6.3 -12.5123 2.9424 6.6 -12.4147 2.6293 8.6808 -12.477
4 16 0.2942 7.2 -12.9415 2.6293 8.6808 -12.477 2.3529 9.1025 -12.532 0 7.7 -13
3 16 0.2942 7.2 -12.9415 2.452 6.3 -12.5123 2.6293 8.6808 -12.477
4 16 0.5885 4 -12.8829 2.3539 6 -12.5318 2.452 6.3 -12.5123 0.2942 7.2 -12.9415
3 16 0.5885 4 -12.8829 2.8443 5.3 -12.4342 2.3539 6 -12.5318
3 16 0.5885 4 -12.8829 3.0404 4 -12.3952 2.8443 5.3 -12.4342
4 16 0 7.7 -13 2.3529 9.1025 -12.532 2.2558 9.6 -12.5513 0 9.6 -13
4 0 4.9748 6 -12.0105 5.4136 6.3 -11.7173 5.3305 6.7 -11.7728 4.9748 6.5 -12.0105
4 0 5.4136 6.3 -11.7173 5.8293 6.7 -11.4395 5.6631 7 -11.5506 5.3305 6.7 -11.7728
4 0 5.8293 6.7 -11.4395 5.9956 7 -11.3284 5.9125 7.1 -11.3839 5.6631 7 -11.5506
4 16 0.5885 4 -12.8829 0.8468 3.6448 -12.6441 2.8084 3.6448 -12.2539 3.0404 4 -12.3952
4 16 0.8468 3.6448 -12.6441 1.3103 3.3784 -12.4112 2.193 3.3784 -12.2357 2.8084 3.6448 -12.2539
4 6 -4.6222 2.2371 -11.1501 -3.602 3.7336 -12.1429 -3.9231 4 -12.2196 -4.9749 4 -12.0104
4 6 0.0034 2.2357 -12.0694 -3.0135 3.7336 -12.26 -3.602 3.7336 -12.1429 -4.6222 2.2371 -11.1501
4 6 0.0034 2.2357 -12.0694 0 4 -13 -2.7462 4 -12.4537 -3.0135 3.7336 -12.26
4 6 -0.0034 2.2357 -12.0694 0.8468 3.6448 -12.6441 0.5885 4 -12.8829 0 4 -13
3 6 -0.0034 2.2357 -12.0694 1.3103 3.3784 -12.4112 0.8468 3.6448 -12.6441
3 6 4.6226 2.2391 -11.151 2.193 3.3784 -12.2357 1.3103 3.3784 -12.4112
3 6 -0.0034 2.2357 -12.0694 4.6226 2.2391 -11.151 1.3103 3.3784 -12.4112
3 6 4.6226 2.2391 -11.151 2.8084 3.6448 -12.2539 2.193 3.3784 -12.2357
4 6 4.6226 2.2391 -11.151 4.9749 4 -12.0104 3.0404 4 -12.3952 2.8084 3.6448 -12.2539
4 16 -0.0055 1.172 -11.5084 4.4091 1.172 -10.6303 4.6226 2.2391 -11.151 -0.0034 2.2357 -12.0694
4 16 -4.4091 1.172 -10.6303 0.0055 1.172 -11.5084 0.0034 2.2357 -12.0694 -4.6222 2.2371 -11.1501
4 16 -8.1416 1.172 -8.1338 -4.399 1.172 -10.6345 -4.6163 2.239 -11.1536 -8.5372 2.2369 -8.5324
4 6 -8.8226 5.1 -9.4394 -8.49 6 -9.6617 -8.49 6.3 -9.6617 -9.1924 5.8 -9.1924
3 16 -9.1924 5.8 -9.1924 -8.49 6.3 -9.6617 -9.1924 8.6 -9.1924
4 16 4.9748 6.5 -12.0105 5.3305 6.7 -11.7728 5.1642 7.8 -11.884 4.9748 7.7 -12.0105
4 16 5.3305 6.7 -11.7728 5.6631 7 -11.5506 5.3305 8.2 -11.7728 5.1642 7.8 -11.884
3 16 5.3305 8.2 -11.7728 5.4968 8.6 -11.6617 5.1642 8.4 -11.884
4 16 5.3305 8.2 -11.7728 5.6631 7 -11.5506 5.9125 7.1 -11.3839 5.4968 8.6 -11.6617
4 6 9.1924 8 -9.1924 9.1924 10.9 -9.1924 8.7395 11.2 -9.495 8.8226 9.1 -9.4394
4 6 8.2406 9.8 -9.8283 8.8226 9.1 -9.4394 8.7395 11.2 -9.495 8.2406 11.4 -9.8283
4 6 7.6586 10.2 -10.2172 8.2406 9.8 -9.8283 8.2406 11.4 -9.8283 7.6586 11.1 -10.2172
4 6 7.2428 10.4 -10.495 7.6586 10.2 -10.2172 7.6586 11.1 -10.2172 7.1597 10.8 -10.5506
4 6 8.7395 5.9 -9.495 9.1924 5.4 -9.1924 9.1924 8 -9.1924 8.7395 6.7 -9.495
4 6 9.1924 12 -9.1924 9.1924 14.5 -9.1924 8.7395 14.7 -9.495 8.9889 12.9 -9.3283
4 6 8.3238 13.4 -9.7728 8.9889 12.9 -9.3283 8.7395 14.7 -9.495 8.0743 14.5 -9.9395
4 6 7.4923 13.6 -10.3284 8.3238 13.4 -9.7728 8.0743 14.5 -9.9395 7.326 14.2 -10.4395
3 6 6.744 13.7 -10.8284 7.4923 13.6 -10.3284 7.326 14.2 -10.4395
3 16 8.7395 11.2 -9.495 9.1924 10.9 -9.1924 9.1924 12 -9.1924
3 16 8.7395 11.2 -9.495 9.1924 12 -9.1924 8.9889 12.9 -9.3283
4 16 8.2406 11.4 -9.8283 8.7395 11.2 -9.495 8.9889 12.9 -9.3283 8.3238 13.4 -9.7728
4 16 7.6586 11.1 -10.2172 8.2406 11.4 -9.8283 8.3238 13.4 -9.7728 7.4923 13.6 -10.3284
4 16 7.1597 10.8 -10.5506 7.6586 11.1 -10.2172 7.4923 13.6 -10.3284 6.744 13.7 -10.8284
3 6 4.9749 4 -12.0104 6.2451 4 -11.1617 4.9748 6 -12.0105
4 6 7.4923 4 -10.3284 9.1924 4 -9.1924 9.1924 4.8 -9.1924 8.2406 5.7 -9.8283
4 6 7.4923 4 -10.3284 8.2406 5.7 -9.8283 7.7417 5.4 -10.1617 7.4923 4.9 -10.3284
4 16 9.1924 4.8 -9.1924 9.1924 5.4 -9.1924 8.7395 5.9 -9.495 8.2406 5.7 -9.8283
3 16 8.2406 5.7 -9.8283 8.7395 5.9 -9.495 8.7395 6.7 -9.495
3 16 8.7395 6.7 -9.495 9.1924 8 -9.1924 8.8226 9.1 -9.4394
4 16 6.2451 4 -11.1617 7.4923 4 -10.3284 7.4923 4.9 -10.3284 4.9748 6 -12.0105
3 16 4.9748 6 -12.0105 7.4923 4.9 -10.3284 5.4136 6.3 -11.7173
4 16 5.4136 6.3 -11.7173 7.4923 4.9 -10.3284 7.7417 5.4 -10.1617 5.8293 6.7 -11.4395
4 16 5.8293 6.7 -11.4395 7.7417 5.4 -10.1617 8.2406 5.7 -9.8283 5.9956 7 -11.3284
4 16 5.9956 7 -11.3284 8.8226 9.1 -9.4394 8.2406 9.8 -9.8283 5.9125 7.1 -11.3839
4 16 5.9956 7 -11.3284 8.2406 5.7 -9.8283 8.7395 6.7 -9.495 8.8226 9.1 -9.4394
4 16 5.9125 7.1 -11.3839 8.2406 9.8 -9.8283 7.6586 10.2 -10.2172 5.4968 8.6 -11.6617
4 16 5.4968 8.6 -11.6617 7.6586 10.2 -10.2172 7.2428 10.4 -10.495 5.4968 9 -11.6617
4 16 4.9748 9.5 -12.0105 5.4968 9 -11.6617 7.2428 10.4 -10.495 7.1597 10.8 -10.5506
4 16 4.9748 9.5 -12.0105 7.1597 10.8 -10.5506 6.744 13.7 -10.8284 4.9748 10.3 -12.0105
4 16 6.2451 4 -11.1617 6.0918 3.4672 -10.9324 7.4542 3.2896 -9.9114 7.4923 4 -10.3284
4 16 5.8234 3.1119 -10.8906 7.3841 2.7567 -9.6265 7.4542 3.2896 -9.9114 6.0918 3.4672 -10.9324
4 16 5.8234 3.1119 -10.8906 6.0538 2.7567 -10.5154 6.751 2.5791 -9.939 7.3841 2.7567 -9.6265
3 6 4.6157 2.2362 -11.1523 6.0538 2.7567 -10.5154 5.8234 3.1119 -10.8906
3 6 4.6157 2.2362 -11.1523 5.8234 3.1119 -10.8906 4.9749 4 -12.0104
3 6 5.8234 3.1119 -10.8906 6.0918 3.4672 -10.9324 4.9749 4 -12.0104
3 6 4.9749 4 -12.0104 6.0918 3.4672 -10.9324 6.2451 4 -11.1617
3 6 7.4542 3.2896 -9.9114 9.1924 4 -9.1924 7.4923 4 -10.3284
3 6 7.3841 2.7567 -9.6265 9.1924 4 -9.1924 7.4542 3.2896 -9.9114
3 6 8.5359 2.2333 -8.5311 9.1924 4 -9.1924 7.3841 2.7567 -9.6265
3 6 4.6157 2.2362 -11.1523 8.5359 2.2333 -8.5311 6.751 2.5791 -9.939
3 6 6.751 2.5791 -9.939 8.5359 2.2333 -8.5311 7.3841 2.7567 -9.6265
3 6 4.6157 2.2362 -11.1523 6.751 2.5791 -9.939 6.0538 2.7567 -10.5154
4 16 4.399 1.172 -10.6345 8.1416 1.172 -8.1338 8.5359 2.2333 -8.5311 4.6157 2.2362 -11.1523
4 16 -9.5565 5 -8.6475 -9.1924 5.8 -9.1924 -9.1924 8.6 -9.1924 -9.5565 7.2 -8.6475
4 16 -9.1924 10.9 -9.1924 -9.1924 13.3 -9.1924 -9.6676 12.3 -8.4812 -9.6676 11.4 -8.4812
4 6 -9.612 4 -8.5644 -9.1924 4 -9.1924 -9.1924 5.8 -9.1924 -9.5565 5 -8.6475
4 6 -10.6676 4 -6.9846 -9.612 4 -8.5644 -9.5565 5 -8.6475 -10.6676 6 -6.9846
4 6 -10.6676 6 -6.9846 -9.5565 5 -8.6475 -9.5565 7.2 -8.6475 -10.6676 7.2 -6.9846
4 6 -10.6676 7.2 -6.9846 -9.5565 7.2 -8.6475 -9.1924 8.6 -9.1924 -10.6676 8.5 -6.9846
4 6 -10.6676 8.5 -6.9846 -9.1924 8.6 -9.1924 -9.1924 10.9 -9.1924 -9.6676 11.4 -8.4812
4 6 -10.6676 8.5 -6.9846 -9.6676 11.4 -8.4812 -9.6676 12.3 -8.4812 -10.6676 12.5 -6.9846
4 6 -10.6676 12.5 -6.9846 -9.6676 12.3 -8.4812 -9.1924 13.3 -9.1924 -10.2231 14 -7.6498
4 6 -10.2231 14 -7.6498 -9.1924 13.3 -9.1924 -9.1924 14.6 -9.1924 -9.5009 14.9 -8.7307
3 6 -9.1924 13.3 -9.1924 -8.4069 13.5 -9.7172 -9.1924 14.6 -9.1924
4 16 -9.1924 10.9 -9.1924 -8.1575 10.4 -9.8839 -8.4069 13.5 -9.7172 -9.1924 13.3 -9.1924
4 16 -8.1575 10.4 -9.8839 -4.9748 10.8 -12.0105 -4.9749 17 -12.0104 -8.4069 13.5 -9.7172
3 16 -8.4069 13.5 -9.7172 -4.9749 17 -12.0104 -9.1924 14.6 -9.1924
3 16 -9.1924 14.6 -9.1924 -4.9749 17 -12.0104 -9.1924 17 -9.1924
3 16 -9.5009 14.9 -8.7307 -9.1924 14.6 -9.1924 -9.1924 17 -9.1924
3 16 -10.2231 14 -7.6498 -9.5009 14.9 -8.7307 -12.0104 17 -4.9749
3 16 -9.5009 14.9 -8.7307 -9.1924 17 -9.1924 -12.0104 17 -4.9749
3 16 -10.6676 12.5 -6.9846 -10.2231 14 -7.6498 -12.0104 17 -4.9749
4 16 -12.0104 4 -4.9749 -10.6676 4 -6.9846 -10.6676 12.5 -6.9846 -12.0104 17 -4.9749
4 6 -8.532 2.2357 -8.5368 -9.1924 4 -9.1924 -10.6676 4 -6.9846 -9.6324 2.7567 -7.3753
4 16 -10.6345 1.172 -4.399 -8.1338 1.172 -8.1416 -8.532 2.2357 -8.5368 -9.6324 2.7567 -7.3753
4 16 -10.6345 1.172 -4.399 -9.6324 2.7567 -7.3753 -10.6676 4 -6.9846 -12.0104 4 -4.9749
3 16 4.9748 10.3 -12.0105 6.744 13.7 -10.8284 4.9749 17 -12.0104
3 16 6.744 13.7 -10.8284 7.326 14.2 -10.4395 4.9749 17 -12.0104
3 16 7.326 14.2 -10.4395 8.0743 14.5 -9.9395 4.9749 17 -12.0104
3 16 8.0743 14.5 -9.9395 8.7395 14.7 -9.495 4.9749 17 -12.0104
3 16 8.7395 14.7 -9.495 9.1924 14.5 -9.1924 9.1924 17 -9.1924
3 16 8.7395 14.7 -9.495 9.1924 17 -9.1924 4.9749 17 -12.0104
4 16 9.1924 4.8 -9.1924 9.612 4.6 -8.5644 9.5565 5.2 -8.6475 9.1924 5.4 -9.1924
4 6 9.1924 4 -9.1924 9.6676 4 -8.4812 9.612 4.6 -8.5644 9.1924 4.8 -9.1924
3 6 9.6676 4 -8.4812 10.6676 4 -6.9846 9.612 4.6 -8.5644
3 6 9.612 4.6 -8.5644 10.6676 4 -6.9846 9.5565 5.2 -8.6475
4 6 10.6676 4 -6.9846 10.6676 11.5 -6.9846 9.1924 10.9 -9.1924 9.5565 5.2 -8.6475
3 6 9.1924 5.4 -9.1924 9.5565 5.2 -8.6475 9.1924 10.9 -9.1924
4 6 9.1924 10.9 -9.1924 10.6676 11.5 -6.9846 10.0009 13.5 -7.9823 9.1924 14.5 -9.1924
4 16 10.6676 4 -6.9846 12.0104 4 -4.9749 12.0104 17 -4.9749 10.6676 11.5 -6.9846
4 16 9.1924 14.5 -9.1924 10.0009 13.5 -7.9823 12.0104 17 -4.9749 9.1924 17 -9.1924
3 16 10.0009 13.5 -7.9823 10.6676 11.5 -6.9846 12.0104 17 -4.9749
4 6 8.5318 2.2352 -8.5366 9.5769 2.7567 -7.4585 10.6676 4 -6.9846 9.1924 4 -9.1924
4 16 8.1338 1.172 -8.1416 10.6345 1.172 -4.399 9.5769 2.7567 -7.4585 8.5318 2.2352 -8.5366
4 16 9.5769 2.7567 -7.4585 10.6345 1.172 -4.399 12.0104 4 -4.9749 10.6676 4 -6.9846
4 16 10.6303 1.172 -4.4091 11.5084 1.172 0.0055 13 4 0 12.0104 4 -4.9749
4 16 12.0104 4 -4.9749 13 4 0 13 17 0 12.0104 17 -4.9749
4 16 12.0104 17 -4.9749 13 17 0 11.5084 19.828 0.0055 10.6303 19.828 -4.4091
4 16 9.1924 17 -9.1924 12.0104 17 -4.9749 10.6345 19.828 -4.399 8.1338 19.828 -8.1416
4 16 4.9749 17 -12.0104 9.1924 17 -9.1924 8.1416 19.828 -8.1338 4.399 19.828 -10.6345
4 16 0 17 -13 4.9749 17 -12.0104 4.4091 19.828 -10.6303 -0.0055 19.828 -11.5084
4 16 -4.9749 17 -12.0104 0 17 -13 0.0055 19.828 -11.5084 -4.4091 19.828 -10.6303
4 16 -9.1924 17 -9.1924 -4.9749 17 -12.0104 -4.399 19.828 -10.6345 -8.1416 19.828 -8.1338
4 16 -12.0104 17 -4.9749 -9.1924 17 -9.1924 -8.1338 19.828 -8.1416 -10.6345 19.828 -4.399
4 16 -11.5084 1.172 0.0055 -10.6303 1.172 -4.4091 -12.0104 4 -4.9749 -13 4 0
4 16 -13 4 0 -12.0104 4 -4.9749 -12.0104 17 -4.9749 -13 17 0
4 16 -13 17 0 -12.0104 17 -4.9749 -10.6303 19.828 -4.4091 -11.5084 19.828 0.0055
4 4 0 14.3 -13 0.6865 13.7 -12.8634 0.7846 16.3 -12.8439 0 16.5 -13
4 4 0.6865 13.7 -12.8634 1.1769 13.8 -12.7659 1.1769 16.1 -12.7659 0.7846 16.3 -12.8439
4 4 1.1769 13.8 -12.7659 1.6673 14 -12.6683 1.6673 15.8 -12.6683 1.1769 16.1 -12.7659
4 4 1.6673 14 -12.6683 2.2558 14.5 -12.5513 2.3539 15 -12.5318 1.6673 15.8 -12.6683
4 4 2.2558 14.5 -12.5513 2.7462 13.9 -12.4537 3.1385 15.2 -12.3757 2.3539 15 -12.5318
4 4 0 14.3 -13 0 16.5 -13 -0.8827 16.4 -12.8244 -0.4904 13.9 -12.9025
4 4 -0.4904 13.9 -12.9025 -1.0789 13.8 -12.7854 -1.4712 16.2 -12.7074 -0.8827 16.4 -12.8244
4 4 -1.8635 14.3 -12.6293 -1.0789 13.8 -12.7854 -1.4712 16.2 -12.7074 -2.1577 15.8 -12.5708
4 4 -2.6481 14.7 -12.4733 -1.8635 14.3 -12.6293 -2.1577 15.8 -12.5708 -2.7462 15.1 -12.4537
4 4 -2.9424 13.9 -12.4147 -2.6481 14.7 -12.4733 -2.7462 15.1 -12.4537 -3.5308 15.2 -12.2977
4 16 -4.9748 10.8 -12.0104 -4.2362 10.5192 -12.1574 -3.8226 10.801 -12.2396 -4.9749 17 -12.0104
4 16 -3.8226 10.801 -12.2396 -3.3347 10.9 -12.3367 -2.9424 13.9 -12.4147 -4.9749 17 -12.0104
3 16 -2.9424 13.9 -12.4147 -3.5308 15.2 -12.2977 -4.9749 17 -12.0104
3 16 -2.9424 13.9 -12.4147 -1.8635 14.3 -12.6293 -2.6481 14.7 -12.4733
4 16 -3.3347 10.9 -12.3367 -2.8467 10.801 -12.4337 -1.8635 14.3 -12.6293 -2.9424 13.9 -12.4147
4 16 -2.4331 10.5192 -12.516 -1.0789 13.8 -12.7854 -1.8635 14.3 -12.6293 -2.8467 10.801 -12.4337
4 16 -2.4331 10.5192 -12.516 0 9.6 -13 -0.4904 13.9 -12.9025 -1.0789 13.8 -12.7854
3 16 0 9.6 -13 0 14.3 -13 -0.4904 13.9 -12.9025
3 16 0 9.6 -13 0.6865 13.7 -12.8634 0 14.3 -13
3 16 -2.1567 10.0975 -12.571 0 9.6 -13 -2.4331 10.5192 -12.516
3 16 -2.0596 9.6 -12.5903 0 9.6 -13 -2.1567 10.0975 -12.571
3 16 -3.5308 15.2 -12.2977 -2.7462 15.1 -12.4537 -2.1577 15.8 -12.5708
3 16 1.6673 15.8 -12.6683 2.3539 15 -12.5318 3.1385 15.2 -12.3757
3 16 1.6673 14 -12.6683 2.7462 13.9 -12.4537 2.2558 14.5 -12.5513
3 16 -4.9749 17 -12.0104 -3.5308 15.2 -12.2977 -2.1577 15.8 -12.5708
3 16 -4.9749 17 -12.0104 -1.4712 16.2 -12.7074 -0.8827 16.4 -12.8244
3 16 -4.9749 17 -12.0104 -2.1577 15.8 -12.5708 -1.4712 16.2 -12.7074
4 16 0 9.6 -13 2.6293 10.5192 -12.477 1.1769 13.8 -12.7659 0.6865 13.7 -12.8634
3 16 0 9.6 -13 2.2558 9.6 -12.5513 2.3529 10.0975 -12.532
3 16 0 9.6 -13 2.3529 10.0975 -12.532 2.6293 10.5192 -12.477
4 16 4.4324 10.5192 -12.1183 4.7088 10.0975 -12.0634 4.9748 10.3 -12.0104 4.9749 17 -12.0104
4 16 2.6293 10.5192 -12.477 3.0429 10.801 -12.3947 1.6673 14 -12.6683 1.1769 13.8 -12.7659
4 16 3.0429 10.801 -12.3947 3.5308 10.9 -12.2977 2.7462 13.9 -12.4537 1.6673 14 -12.6683
4 16 4.0188 10.801 -12.2006 4.4324 10.5192 -12.1183 4.9749 17 -12.0104 2.7462 13.9 -12.4537
3 16 3.5308 10.9 -12.2977 4.0188 10.801 -12.2006 2.7462 13.9 -12.4537
3 16 2.7462 13.9 -12.4537 4.9749 17 -12.0104 3.1385 15.2 -12.3757
3 16 -0.8827 16.4 -12.8244 0 16.5 -13 0 17 -13
3 16 -0.8827 16.4 -12.8244 0 17 -13 -4.9749 17 -12.0104
3 16 1.6673 15.8 -12.6683 3.1385 15.2 -12.3757 4.9749 17 -12.0104
3 16 1.1769 16.1 -12.7659 1.6673 15.8 -12.6683 4.9749 17 -12.0104
3 16 0.7846 16.3 -12.8439 1.1769 16.1 -12.7659 4.9749 17 -12.0104
3 16 0 16.5 -13 0.7846 16.3 -12.8439 0 17 -13
3 16 0 17 -13 0.7846 16.3 -12.8439 4.9749 17 -12.0104
5 24 0 4 -13 0 1.172 -11.536 -4.975 4 -12.01 4.975 4 -12.01
5 24 -4.975 4 -12.01 -4.415 1.172 -10.658 0 4 -13 -9.192 4 -9.192
5 24 4.975 4 -12.01 4.415 1.172 -10.658 0 4 -13 9.192 4 -9.192
5 24 -9.192 4 -9.192 -8.157 1.172 -8.157 -4.975 4 -12.01 -12.01 4 -4.975
5 24 9.192 4 -9.192 8.157 1.172 -8.157 4.975 4 -12.01 12.01 4 -4.975
5 24 -12.01 4 -4.975 -10.658 1.172 -4.415 -9.192 4 -9.192 -13 4 0
5 24 12.01 4 -4.975 10.658 1.172 -4.415 9.192 4 -9.192 13 4 0
5 24 -13 4 0 -11.536 1.172 0 -12.01 4 -4.975 -12.01 4 4.975
5 24 13 4 0 11.536 1.172 0 12.01 4 -4.975 12.01 4 4.975
5 24 0 4 -13 -4.975 4 -12.01 0 1.172 -11.536 0 17 -13
5 24 0 4 -13 4.975 4 -12.01 0 1.172 -11.536 0 17 -13
5 24 -9.192 4 -9.192 -4.975 4 -12.01 -8.157 1.172 -8.157 -9.192 17 -9.192
5 24 9.192 4 -9.192 4.975 4 -12.01 8.157 1.172 -8.157 9.192 17 -9.192
5 24 -9.192 4 -9.192 -12.01 4 -4.975 -8.157 1.172 -8.157 -9.192 17 -9.192
5 24 9.192 4 -9.192 12.01 4 -4.975 8.157 1.172 -8.157 9.192 17 -9.192
5 24 -13 4 0 -12.01 4 -4.975 -11.536 1.172 0 -13 17 0
5 24 13 4 0 12.01 4 -4.975 11.536 1.172 0 13 17 0
5 24 0 4 -13 0 17 -13 -4.975 4 -12.01 4.975 4 -12.01
5 24 -4.975 4 -12.01 -4.975 17 -12.01 0 4 -13 -9.192 4 -9.192
5 24 4.975 4 -12.01 4.975 17 -12.01 0 4 -13 9.192 4 -9.192
5 24 -9.192 4 -9.192 -9.192 17 -9.192 -4.975 4 -12.01 -12.01 4 -4.975
5 24 9.192 4 -9.192 9.192 17 -9.192 4.975 4 -12.01 12.01 4 -4.975
5 24 -12.01 4 -4.975 -12.01 17 -4.975 -9.192 4 -9.192 -13 4 0
5 24 12.01 4 -4.975 12.01 17 -4.975 9.192 4 -9.192 13 4 0
5 24 -13 4 0 -13 17 0 -12.01 4 -4.975 -12.01 4 4.975
5 24 13 4 0 13 17 0 12.01 4 -4.975 12.01 4 4.975
5 24 0 17 -13 -4.975 17 -12.01 0 19.828 -11.536 0 4 -13
5 24 0 17 -13 4.975 17 -12.01 0 19.828 -11.536 0 4 -13
5 24 -9.192 17 -9.192 -4.975 17 -12.01 -8.157 19.828 -8.157 -9.192 4 -9.192
5 24 9.192 17 -9.192 4.975 17 -12.01 8.157 19.828 -8.157 9.192 4 -9.192
5 24 -9.192 17 -9.192 -12.01 17 -4.975 -8.157 19.828 -8.157 -9.192 4 -9.192
5 24 9.192 17 -9.192 12.01 17 -4.975 8.157 19.828 -8.157 9.192 4 -9.192
5 24 -13 17 0 -12.01 17 -4.975 -11.536 19.828 0 -13 4 0
5 24 13 17 0 12.01 17 -4.975 11.536 19.828 0 13 4 0
5 24 0 17 -13 0 19.828 -11.536 -4.975 17 -12.01 4.975 17 -12.01
5 24 -4.975 17 -12.01 -4.415 19.828 -10.658 0 17 -13 -9.192 17 -9.192
5 24 4.975 17 -12.01 4.415 19.828 -10.658 0 17 -13 9.192 17 -9.192
5 24 -9.192 17 -9.192 -8.157 19.828 -8.157 -4.975 17 -12.01 -12.01 17 -4.975
5 24 9.192 17 -9.192 8.157 19.828 -8.157 4.975 17 -12.01 12.01 17 -4.975
5 24 -12.01 17 -4.975 -10.658 19.828 -4.415 -9.192 17 -9.192 -13 17 0
5 24 12.01 17 -4.975 10.658 19.828 -4.415 9.192 17 -9.192 13 17 0
5 24 -13 17 0 -11.536 19.828 0 -12.01 17 -4.975 -12.01 17 4.975
5 24 13 17 0 11.536 19.828 0 12.01 17 -4.975 12.01 17 4.975
0 Pattern created wholly or in part by Quad2Dat
0 Thanks James
0
