0 Minifig Head with Dark Grey Facial Hair Pattern
0 Name: 3626bp39.dat
0 Author: Franklin W. Cain [fwcain]
0 !LDRAW_ORG Part UPDATE 2002-03
0 !LICENSE Redistributable under CCAL version 2.0 : see CAreadme.txt

0 !KEYWORDS face, smile, smiley, eyebrows, moustache, beard, dimple, chin 
0 !KEYWORDS Pirates, Wild West, cavalry
0 !CMDLINE -c14

0 !HISTORY 2002-06-11 [PTadmin] Official Update 2002-03
0 !HISTORY 2007-06-29 [PTadmin] Header formatted for Contributor Agreement
0 !HISTORY 2008-07-01 [PTadmin] Official Update 2008-01

 1 16 0 0 0 1 0 0 0 1 0 0 0 1 s\3626bs01.dat
0
0 eyebrows
0
 4 8 -2.250 8.625 -12.548 -2.250 8.750 -12.548 -4.975 8.125 -12.010 -4.975 7.500 -12.010
 4 8 2.250 8.625 -12.548 2.250 8.750 -12.548 4.975 8.125 -12.010 4.975 7.500 -12.010
 3 16 -2.250 8.750 -12.548 -4.975 8.125 -12.010 -4.975 8.750 -12.010
 3 16 2.250 8.750 -12.548 4.975 8.125 -12.010 4.975 8.750 -12.010
0
 4 8 -4.975 7.500 -12.010 -4.975 8.125 -12.010 -6.250 8.750 -11.158 -6.250 8.625 -11.158
 4 8 4.975 7.500 -12.010 4.975 8.125 -12.010 6.250 8.750 -11.158 6.250 8.625 -11.158
 3 16 -4.975 8.125 -12.010 -4.975 8.750 -12.010 -6.250 8.750 -11.158
 3 16 4.975 8.125 -12.010 4.975 8.750 -12.010 6.250 8.750 -11.158
0
0 eyes
0
 1 0 -3.500 10 -12.304 1.25 -0.244 0 0 0 -1.25 -0.244 1 0 4-4disc.dat
 1 0 3.500 10 -12.304 1.25 0.244 0 0 0 -1.25 0.244 1 0 4-4disc.dat
 1 16 -3.500 10 -12.304 1.25 -0.244 0 0 0 -1.25 -0.244 1 0 4-4ndis.dat
 1 16 3.500 10 -12.304 1.25 0.244 0 0 0 -1.25 0.244 1 0 4-4ndis.dat
0
 4 16 0 8.750 -13 0 11.250 -13 -2.250 11.250 -12.548 -2.250 8.750 -12.548
 4 16 0 8.750 -13 0 11.250 -13 2.250 11.250 -12.548 2.250 8.750 -12.548
 4 16 -4.750 8.750 -12.060 -4.750 11.250 -12.060 -4.975 11.250 -12.010 -4.975 8.750 -12.010
 4 16 4.750 8.750 -12.060 4.750 11.250 -12.060 4.975 11.250 -12.010 4.975 8.750 -12.010
0
0 moustache and beard
0
 3 8 -0.500 13 -12.901 -0.500 13.750 -12.901 -3 12.500 -12.403
 3 8 0.500 13 -12.901 0.500 13.750 -12.901 3 12.500 -12.403
 3 8 -0.500 13.750 -12.901 -0.750 14 -12.851 -3 12.500 -12.403
 3 8 0.500 13.750 -12.901 0.750 14 -12.851 3 12.500 -12.403
 3 8 -0.750 14 -12.851 -3 12.500 -12.403 -3 13.750 -12.403
 3 8 0.750 14 -12.851 3 12.500 -12.403 3 13.750 -12.403
 3 8 -3 12.500 -12.403 -3 13.750 -12.403 -3.500 12.500 -12.304
 3 8 3 12.500 -12.403 3 13.750 -12.403 3.500 12.500 -12.304
 3 8 -3 13.750 -12.403 -3.500 12.500 -12.304 -4 14.250 -12.204
 3 8 3 13.750 -12.403 3.500 12.500 -12.304 4 14.250 -12.204
 3 8 -3.500 12.500 -12.304 -4 14.250 -12.204 -4.975 13.500 -12.010
 3 8 3.500 12.500 -12.304 4 14.250 -12.204 4.975 13.500 -12.010
 4 8 -4 14.250 -12.204 -4 17 -12.204 -4.975 17 -12.010 -4.975 13.500 -12.010
 4 8 4 14.250 -12.204 4 17 -12.204 4.975 17 -12.010 4.975 13.500 -12.010
 4 8 -1.750 16.250 -12.652 -1.750 17 -12.652 -4 17 -12.204 -4 15.250 -12.204
 4 8 1.750 16.250 -12.652 1.750 17 -12.652 4 17 -12.204 4 15.250 -12.204
 4 8 -0.500 16.500 -12.901 -0.500 17 -12.901 -1.750 17 -12.652 -1.750 16.250 -12.652
 4 8 0.500 16.500 -12.901 0.500 17 -12.901 1.750 17 -12.652 1.750 16.250 -12.652
 3 8 0 17 -13 -0.500 16.500 -12.901 -0.500 17 -12.901
 3 8 0 17 -13 0.500 16.500 -12.901 0.500 17 -12.901
 3 16 0 12.500 -13 -0.500 13 -12.901 -3 12.500 -12.403
 3 16 0 12.500 -13 0.500 13 -12.901 3 12.500 -12.403
 4 16 0 12.500 -13 0 14.200 -13 -0.500 13.750 -12.901 -0.500 13 -12.901
 4 16 0 12.500 -13 0 14.200 -13 0.500 13.750 -12.901 0.500 13 -12.901
 3 16 -3.500 12.500 -12.304 -4.975 12.500 -12.010 -4.975 13.500 -12.010
 3 16 3.500 12.500 -12.304 4.975 12.500 -12.010 4.975 13.500 -12.010
 3 16 0 14.200 -13 -0.500 13.750 -12.901 -0.750 14 -12.851
 3 16 0 14.200 -13 0.500 13.750 -12.901 0.750 14 -12.851
 3 16 0 14.200 -13 -0.750 14 -12.851 -0.750 14.200 -12.851
 3 16 0 14.200 -13 0.750 14 -12.851 0.750 14.200 -12.851
 4 16 -0.750 14 -12.851 -0.750 14.200 -12.851 -3 14.200 -12.403 -3 13.750 -12.403
 4 16 0.750 14 -12.851 0.750 14.200 -12.851 3 14.200 -12.403 3 13.750 -12.403
 4 16 -3 13.750 -12.403 -3 14.200 -12.403 -3.500 14.500 -12.304 -4 14.250 -12.204
 4 16 3 13.750 -12.403 3 14.200 -12.403 3.500 14.500 -12.304 4 14.250 -12.204
 4 16 -3.500 14.500 -12.304 -3.500 15 -12.304 -4 15.250 -12.204 -4 14.250 -12.204
 4 16 3.500 14.500 -12.304 3.500 15 -12.304 4 15.250 -12.204 4 14.250 -12.204
 4 16 -1.750 16.250 -12.652 -1.750 15.750 -12.652 -3.500 15 -12.304 -4 15.250 -12.204
 4 16 1.750 16.250 -12.652 1.750 15.750 -12.652 3.500 15 -12.304 4 15.250 -12.204
 4 16 0 16 -13 -1.750 15.750 -12.652 -1.750 16.250 -12.652 -0.500 16.500 -12.901
 4 16 0 16 -13 1.750 15.750 -12.652 1.750 16.250 -12.652 0.500 16.500 -12.901
 3 16 0 16 -13 0 17 -13 -0.500 16.500 -12.901
 3 16 0 16 -13 0 17 -13 0.500 16.500 -12.901
0
 4 8 -4.975 13.500 -12.010 -4.975 17 -12.010 -6.030 17 -11.306 -6.030 14.500 -11.306
 4 8 4.975 13.500 -12.010 4.975 17 -12.010 6.030 17 -11.306 6.030 14.500 -11.306
 4 8 -6.030 14.500 -11.306 -6.030 17 -11.306 -8.138 17 -9.896 -8.138 15 -9.896
 4 8 6.030 14.500 -11.306 6.030 17 -11.306 8.138 17 -9.896 8.138 15 -9.896
 4 8 -8.138 15 -9.896 -8.138 17 -9.896 -9.192 17 -9.192 -9.192 15 -9.192
 4 8 8.138 15 -9.896 8.138 17 -9.896 9.192 17 -9.192 9.192 15 -9.192
 3 16 -4.975 13.500 -12.010 -6.030 13.500 -11.306 -6.030 14.500 -11.306
 3 16 4.975 13.500 -12.010 6.030 13.500 -11.306 6.030 14.500 -11.306
 4 16 -6.030 13.500 -11.306 -6.030 14.500 -11.306 -8.138 15 -9.896 -8.138 13.500 -9.896
 4 16 6.030 13.500 -11.306 6.030 14.500 -11.306 8.138 15 -9.896 8.138 13.500 -9.896
 4 16 -8.138 13.500 -9.896 -8.138 15 -9.896 -9.192 15 -9.192 -9.192 13.500 -9.192
 4 16 8.138 13.500 -9.896 8.138 15 -9.896 9.192 15 -9.192 9.192 13.500 -9.192
0
 4 8 -9.192 15 -9.192 -9.192 17 -9.192 -9.896 17 -8.138 -9.896 14.750 -8.138
 4 8 9.192 15 -9.192 9.192 17 -9.192 9.896 17 -8.138 9.896 14.750 -8.138
 4 8 -9.896 14.750 -8.138 -9.896 17 -8.138 -11.306 17 -6.030 -11.306 12.250 -6.030
 4 8 9.896 14.750 -8.138 9.896 17 -8.138 11.306 17 -6.030 11.306 12.250 -6.030
 4 8 -11.306 12.250 -6.030 -11.306 17 -6.030 -12.010 17 -4.975 -12.010 12 -4.975
 4 8 11.306 12.250 -6.030 11.306 17 -6.030 12.010 17 -4.975 12.010 12 -4.975
 4 16 -9.192 12 -9.192 -9.192 15 -9.192 -9.896 14.750 -8.138 -9.896 12 -8.138
 4 16 9.192 12 -9.192 9.192 15 -9.192 9.896 14.750 -8.138 9.896 12 -8.138
 4 16 -9.896 12 -8.138 -9.896 14.750 -8.138 -11.306 12.250 -6.030 -11.306 12 -6.030
 4 16 9.896 12 -8.138 9.896 14.750 -8.138 11.306 12.250 -6.030 11.306 12 -6.030
 3 16 -11.306 12 -6.030 -11.306 12.250 -6.030 -12.010 12 -4.975
 3 16 11.306 12 -6.030 11.306 12.250 -6.030 12.010 12 -4.975
0
 3 8 0 17 -13 -4.975 17 -12.010 -4.415 19.828 -10.658
 3 8 0 17 -13 4.975 17 -12.010 4.415 19.828 -10.658
 4 8 0 17 -13 0 19.121 -11.902 -1.104 19.828 -11.316 -4.415 19.828 -10.658
 4 8 0 17 -13 0 19.121 -11.902 1.104 19.828 -11.316 4.415 19.828 -10.658
 3 16 0 19.121 -11.902 0 19.828 -11.536 -1.104 19.828 -11.316
 3 16 0 19.121 -11.902 0 19.828 -11.536 1.104 19.828 -11.316
0
 4 8 -4.975 17 -12.010 -9.192 17 -9.192 -8.157 19.828 -8.157 -4.415 19.828 -10.658
 4 8 4.975 17 -12.010 9.192 17 -9.192 8.157 19.828 -8.157 4.415 19.828 -10.658
 4 8 -9.192 17 -9.192 -12.010 17 -4.975 -11.334 18.414 -4.695 -8.157 19.828 -8.157
 4 8 9.192 17 -9.192 12.010 17 -4.975 11.334 18.414 -4.695 8.157 19.828 -8.157
 3 16 -11.334 18.414 -4.695 -8.157 19.828 -8.157 -10.658 19.828 -4.415
 3 16 11.334 18.414 -4.695 8.157 19.828 -8.157 10.658 19.828 -4.415
0
0 mouth
0
 4 0 0 15 -13 0 16 -13 -1.750 15.750 -12.652 -1.750 14.750 -12.652
 4 0 0 15 -13 0 16 -13 1.750 15.750 -12.652 1.750 14.750 -12.652
 4 0 -1.750 14.750 -12.652 -1.750 15.750 -12.652 -3.500 15 -12.304 -3 14.200 -12.403
 4 0 1.750 14.750 -12.652 1.750 15.750 -12.652 3.500 15 -12.304 3 14.200 -12.403
 3 0 -3 14.200 -12.403 -3.500 14.500 -12.304 -3.500 15 -12.304
 3 0 3 14.200 -12.403 3.500 14.500 -12.304 3.500 15 -12.304
0
 3 16 0 14.200 -13 0 15 -13 -1.750 14.750 -12.652
 3 16 0 14.200 -13 0 15 -13 1.750 14.750 -12.652
 3 16 0 14.200 -13 -1.750 14.750 -12.652 -3 14.200 -12.403
 3 16 0 14.200 -13 1.750 14.750 -12.652 3 14.200 -12.403
0
0 remainder of face/head
0
 4 16 0 4 -13 0 7.500 -13 -4.975 7.500 -12.010 -4.975 4 -12.010
 4 16 0 4 -13 0 7.500 -13 4.975 7.500 -12.010 4.975 4 -12.010
 4 16 0 7.500 -13 0 8.625 -13 -2.250 8.625 -12.548 -4.975 7.500 -12.010
 4 16 0 7.500 -13 0 8.625 -13 2.250 8.625 -12.548 4.975 7.500 -12.010
 4 16 0 8.625 -13 0 8.750 -13 -2.250 8.750 -12.548 -2.250 8.625 -12.548
 4 16 0 8.625 -13 0 8.750 -13 2.250 8.750 -12.548 2.250 8.625 -12.548
 4 16 0 11.250 -13 0 12.500 -13 -4.975 12.500 -12.010 -4.975 11.250 -12.010
 4 16 0 11.250 -13 0 12.500 -13 4.975 12.500 -12.010 4.975 11.250 -12.010
0
 4 16 -4.975 4 -12.010 -4.975 7.500 -12.010 -9.192 7.500 -9.192 -9.192 4 -9.192
 4 16 4.975 4 -12.010 4.975 7.500 -12.010 9.192 7.500 -9.192 9.192 4 -9.192
 4 16 -4.975 7.500 -12.010 -6.250 8.625 -11.158 -9.192 8.625 -9.192 -9.192 7.500 -9.192
 4 16 4.975 7.500 -12.010 6.250 8.625 -11.158 9.192 8.625 -9.192 9.192 7.500 -9.192
 4 16 -6.250 8.625 -11.158 -6.250 8.750 -11.158 -9.192 8.750 -9.192 -9.192 8.625 -9.192
 4 16 6.250 8.625 -11.158 6.250 8.750 -11.158 9.192 8.750 -9.192 9.192 8.625 -9.192
 4 16 -4.975 8.750 -12.010 -4.975 13.500 -12.010 -9.192 13.500 -9.192 -9.192 8.750 -9.192
 4 16 4.975 8.750 -12.010 4.975 13.500 -12.010 9.192 13.500 -9.192 9.192 8.750 -9.192
0
 4 16 -9.192 4 -9.192 -9.192 12 -9.192 -12.010 12 -4.975 -12.010 4 -4.975
 4 16 9.192 4 -9.192 9.192 12 -9.192 12.010 12 -4.975 12.010 4 -4.975
0
 4 16 -12.010 4 -4.975 -12.010 17 -4.975 -13 17 0 -13 4 0
 4 16 12.010 4 -4.975 12.010 17 -4.975 13 17 0 13 4 0
0
 4 16 0 4 -13 0 1.172 -11.536 -4.415 1.172 -10.658 -4.975 4 -12.010
 4 16 0 4 -13 0 1.172 -11.536 4.415 1.172 -10.658 4.975 4 -12.010
 4 16 -4.975 4 -12.010 -4.415 1.172 -10.658 -8.157 1.172 -8.157 -9.192 4 -9.192
 4 16 4.975 4 -12.010 4.415 1.172 -10.658 8.157 1.172 -8.157 9.192 4 -9.192
 4 16 -9.192 4 -9.192 -8.157 1.172 -8.157 -10.658 1.172 -4.415 -12.010 4 -4.975
 4 16 9.192 4 -9.192 8.157 1.172 -8.157 10.658 1.172 -4.415 12.010 4 -4.975
 4 16 -12.010 4 -4.975 -10.658 1.172 -4.415 -11.536 1.172 0 -13 4 0
 4 16 12.010 4 -4.975 10.658 1.172 -4.415 11.536 1.172 0 13 4 0
0
 4 16 -12.010 17 -4.975 -10.658 19.828 -4.415 -11.536 19.828 0 -13 17 0
 4 16 12.010 17 -4.975 10.658 19.828 -4.415 11.536 19.828 0 13 17 0
0
 5 24 0 4 -13 0 1.172 -11.536 -4.975 4 -12.010 4.975 4 -12.010
 5 24 -4.975 4 -12.010 -4.415 1.172 -10.658 0 4 -13 -9.192 4 -9.192
 5 24 4.975 4 -12.010 4.415 1.172 -10.658 0 4 -13 9.192 4 -9.192
 5 24 -9.192 4 -9.192 -8.157 1.172 -8.157 -4.975 4 -12.010 -12.010 4 -4.975
 5 24 9.192 4 -9.192 8.157 1.172 -8.157 4.975 4 -12.010 12.010 4 -4.975
 5 24 -12.010 4 -4.975 -10.658 1.172 -4.415 -9.192 4 -9.192 -13 4 0
 5 24 12.010 4 -4.975 10.658 1.172 -4.415 9.192 4 -9.192 13 4 0
 5 24 -13 4 0 -11.536 1.172 0 -12.010 4 -4.975 -12.010 4 4.975
 5 24 13 4 0 11.536 1.172 0 12.010 4 -4.975 12.010 4 4.975
0
 5 24 0 4 -13 -4.975 4 -12.010 0 1.172 -11.536 0 17 -13
 5 24 0 4 -13 4.975 4 -12.010 0 1.172 -11.536 0 17 -13
 5 24 -9.192 4 -9.192 -4.975 4 -12.010 -8.157 1.172 -8.157 -9.192 17 -9.192
 5 24 9.192 4 -9.192 4.975 4 -12.010 8.157 1.172 -8.157 9.192 17 -9.192
 5 24 -9.192 4 -9.192 -12.010 4 -4.975 -8.157 1.172 -8.157 -9.192 17 -9.192
 5 24 9.192 4 -9.192 12.010 4 -4.975 8.157 1.172 -8.157 9.192 17 -9.192
 5 24 -13 4 0 -12.010 4 -4.975 -11.536 1.172 0 -13 17 0
 5 24 13 4 0 12.010 4 -4.975 11.536 1.172 0 13 17 0
0
 5 24 0 4 -13 0 17 -13 -4.975 4 -12.010 4.975 4 -12.010
 5 24 -4.975 4 -12.010 -4.975 17 -12.010 0 4 -13 -9.192 4 -9.192
 5 24 4.975 4 -12.010 4.975 17 -12.010 0 4 -13 9.192 4 -9.192
 5 24 -9.192 4 -9.192 -9.192 17 -9.192 -4.975 4 -12.010 -12.010 4 -4.975
 5 24 9.192 4 -9.192 9.192 17 -9.192 4.975 4 -12.010 12.010 4 -4.975
 5 24 -12.010 4 -4.975 -12.010 17 -4.975 -9.192 4 -9.192 -13 4 0
 5 24 12.010 4 -4.975 12.010 17 -4.975 9.192 4 -9.192 13 4 0
 5 24 -13 4 0 -13 17 0 -12.010 4 -4.975 -12.010 4 4.975
 5 24 13 4 0 13 17 0 12.010 4 -4.975 12.010 4 4.975
0
 5 24 0 17 -13 -4.975 17 -12.010 0 19.828 -11.536 0 4 -13
 5 24 0 17 -13 4.975 17 -12.010 0 19.828 -11.536 0 4 -13
 5 24 -9.192 17 -9.192 -4.975 17 -12.010 -8.157 19.828 -8.157 -9.192 4 -9.192
 5 24 9.192 17 -9.192 4.975 17 -12.010 8.157 19.828 -8.157 9.192 4 -9.192
 5 24 -9.192 17 -9.192 -12.010 17 -4.975 -8.157 19.828 -8.157 -9.192 4 -9.192
 5 24 9.192 17 -9.192 12.010 17 -4.975 8.157 19.828 -8.157 9.192 4 -9.192
 5 24 -13 17 0 -12.010 17 -4.975 -11.536 19.828 0 -13 4 0
 5 24 13 17 0 12.010 17 -4.975 11.536 19.828 0 13 4 0
0
 5 24 0 17 -13 0 19.828 -11.536 -4.975 17 -12.010 4.975 17 -12.010
 5 24 -4.975 17 -12.010 -4.415 19.828 -10.658 0 17 -13 -9.192 17 -9.192
 5 24 4.975 17 -12.010 4.415 19.828 -10.658 0 17 -13 9.192 17 -9.192
 5 24 -9.192 17 -9.192 -8.157 19.828 -8.157 -4.975 17 -12.010 -12.010 17 -4.975
 5 24 9.192 17 -9.192 8.157 19.828 -8.157 4.975 17 -12.010 12.010 17 -4.975
 5 24 -12.010 17 -4.975 -10.658 19.828 -4.415 -9.192 17 -9.192 -13 17 0
 5 24 12.010 17 -4.975 10.658 19.828 -4.415 9.192 17 -9.192 13 17 0
 5 24 -13 17 0 -11.536 19.828 0 -12.010 17 -4.975 -12.010 17 4.975
 5 24 13 17 0 11.536 19.828 0 12.010 17 -4.975 12.010 17 4.975
0
0 end of file
