0 Minifig Head with Wiry Moustache, Goatee and Eyebrows Pattern
0 Name: 3626bp3e.dat
0 Author: Andy Westrate [westrate]
0 !LDRAW_ORG Part UPDATE 2009-02
0 !LICENSE Redistributable under CCAL version 2.0 : see CAreadme.txt

0 BFC CERTIFY CW
0 !KEYWORDS Pirates, Imperial Armada, Spaniard, handlebar moustache
0 !KEYWORDS pointed eyebrows, arched eyebrows
0 !CMDLINE -C14

0 !HISTORY 2004-04-22 [PTadmin] Official Update 2004-02
0 !HISTORY 2007-06-29 [PTadmin] Header formatted for Contributor Agreement
0 !HISTORY 2008-07-01 [PTadmin] Official Update 2008-01
0 !HISTORY 2008-07-07 [sbliss] Moved 'goatee' from the keywords to the part title, to differentiate (2004-11-24)
0 !HISTORY 2009-09-03 [PTadmin] Official Update 2009-02

1 16 0 0 0 1 0 0 0 1 0 0 0 1 s\3626bs01.dat
0 eyes
1 0 -3.5 9 -12.304 1.25 -.244 0 0 0 -1.25 -.244 1 0 4-4disc.dat
1 16 -3.5 9 -12.304 1.25 -.244 0 0 0 -1.25 -.244 1 0 4-4ndis.dat
4 16 -4.975 10.25 -12.01 -4.975 7.75 -12.01 -4.75 7.75 -12.055 -4.75 10.25 -12.055
1 0 3.5 9 -12.304 -1.25 .244 0 0 0 -1.25 -.244 1 0 4-4disc.dat
1 16 3.5 9 -12.304 -1.25 .244 0 0 0 -1.25 -.244 1 0 4-4ndis.dat
4 16 4.75 7.75 -12.055 4.975 7.75 -12.01 4.975 10.25 -12.01 4.75 10.25 -12.055
0 mouth
3 16 -3 13.2 -12.403 -3 12.75 -12.403 -1.75 13.75 -12.6518
3 16 -3 13.2 -12.403 -3.5 13.5 -12.3035 -3 12.75 -12.403
4 16 -4 14.75 -12.204 -4 13.25 -12.204 -3.5 13.5 -12.3035 -3.5 14 -12.3035
4 0 -1.75 13.75 -12.6518 0 14 -13 0 15 -13 -1.75 14.75 -12.6518
3 16 0 15 -13 0 16.5 -13 -1.75 14.75 -12.6518
3 16 -1.75 13.75 -12.6518 -.75 12.75 -12.8508 0 14 -13
4 0 -3 13.2 -12.403 -1.75 13.75 -12.6518 -1.75 14.75 -12.6518 -3.5 14 -12.3035
3 0 -3.5 13.5 -12.3035 -3 13.2 -12.403 -3.5 14 -12.3035
3 16 1.75 13.75 -12.6518 3 12.75 -12.403 3 13.2 -12.403
3 16 3 12.75 -12.403 3.5 13.5 -12.3035 3 13.2 -12.403
4 16 3.5 13.5 -12.3035 4 13.25 -12.204 4 14.75 -12.204 3.5 14 -12.3035
4 0 0 15 -13 0 14 -13 1.75 13.75 -12.6518 1.75 14.75 -12.6518
3 16 1.75 14.75 -12.6518 0 16.5 -13 0 15 -13
3 16 0 14 -13 .75 12.75 -12.8508 1.75 13.75 -12.6518
4 0 1.75 14.75 -12.6518 1.75 13.75 -12.6518 3 13.2 -12.403 3.5 14 -12.3035
3 0 3.5 14 -12.3035 3 13.2 -12.403 3.5 13.5 -12.3035
0 Eyebrows, moustache, goatee
4 0 -4.975 6 -12.01 -4.975 5.25 -12.01 -4 4.5 -12.204 -4 5.75 -12.204
3 0 -4 4.5 -12.204 -1 7.25 -12.801 -4 5.75 -12.204
3 0 3.75 4.5 -12.2538 3.75 5.5 -12.2538 1 7.25 -12.801
4 0 3.75 4.5 -12.2538 4.975 5 -12.01 4.975 5.75 -12.01 3.75 5.5 -12.2538
4 0 4.975 5 -12.01 6 5 -11.325 6 5.75 -11.325 4.975 5.75 -12.01
3 0 6 5 -11.325 7 4.75 -10.6568 6 5.75 -11.325
4 0 -6 6 -11.325 -6 5.25 -11.325 -4.975 5.25 -12.01 -4.975 6 -12.01
3 0 -6 6 -11.325 -7.25 5 -10.4897 -6 5.25 -11.325
3 16 -4 4.5 -12.204 -4.975 5.25 -12.01 -4.975 4 -12.01
3 16 -4 4.5 -12.204 -4.975 4 -12.01 0 4 -13
3 16 0 4 -13 -1 7.25 -12.801 -4 4.5 -12.204
3 16 3.75 4.5 -12.2538 1 7.25 -12.801 0 4 -13
3 16 0 4 -13 4.975 4 -12.01 3.75 4.5 -12.2538
3 16 4.975 4 -12.01 4.975 5 -12.01 3.75 4.5 -12.2538
4 16 6 5 -11.325 4.975 5 -12.01 4.975 4 -12.01 7 4.75 -10.6568
4 16 -4.975 4 -12.01 -4.975 5.25 -12.01 -6 5.25 -11.325 -7.25 5 -10.4897
3 16 9.192 4 -9.192 7 4.75 -10.6568 4.975 4 -12.01
3 16 -4.975 4 -12.01 -7.25 5 -10.4897 -9.192 4 -9.192
3 0 -2 16 -12.602 -3 17 -12.403 -4 14.75 -12.204
4 0 -2 16 -12.602 0 16.5 -13 0 17 -13 -3 17 -12.403
4 0 -1.5 19.828 -11.2377 -3 17 -12.403 0 17 -13 0 19.828 -11.536
4 0 0 17 -13 3 17 -12.403 1.5 19.828 -11.2377 0 19.828 -11.536
4 16 -1.75 14.75 -12.6518 0 16.5 -13 -2 16 -12.602 -4 14.75 -12.204
4 0 -4.975 12.5 -12.01 -4 12 -12.204 -4 13.25 -12.204 -4.975 14 -12.01
4 0 -4 12 -12.204 -3 11.75 -12.403 -3 12.75 -12.403 -4 13.25 -12.204
4 0 -3 11.75 -12.403 -2 11.75 -12.602 -2 12.5 -12.602 -3 12.75 -12.403
3 0 -2 11.75 -12.602 -.75 12.75 -12.8508 -2 12.5 -12.602
3 16 -.75 12.75 -12.8508 -2 11.75 -12.602 -1 7.25 -12.801
4 16 0 4 -13 0 14 -13 -.75 12.75 -12.8508 -1 7.25 -12.801
3 16 -1 7.25 -12.801 -2.25 10.25 -12.5523 -2.25 7.75 -12.5523
3 16 -2 11.75 -12.602 -2.25 10.25 -12.5523 -1 7.25 -12.801
3 16 -1 7.25 -12.801 -2.25 7.75 -12.5523 -4 5.75 -12.204
4 0 -6 14.5 -11.325 -6 13.25 -11.325 -4.975 12.5 -12.01 -4.975 14 -12.01
4 0 -7 14.5 -10.6568 -7 14 -10.6568 -6 13.25 -11.325 -6 14.5 -11.325
4 0 -8 13.75 -9.9886 -7.75 13.5 -10.1556 -7 14 -10.6568 -7 14.5 -10.6568
3 0 -8 13.75 -9.9886 -8.25 12.5 -9.8215 -7.75 13.5 -10.1556
3 16 -9.192 4 -9.192 -8.25 12.5 -9.8215 -9.192 17 -9.192
3 16 -9.192 17 -9.192 -8.25 12.5 -9.8215 -8 13.75 -9.9886
3 16 -8 13.75 -9.9886 -7 14.5 -10.6568 -9.192 17 -9.192
4 16 -9.192 17 -9.192 -7 14.5 -10.6568 -6 14.5 -11.325 -4.975 17 -12.01
3 16 -6 14.5 -11.325 -4.975 14 -12.01 -4.975 17 -12.01
4 16 -7 14 -10.6568 -7.75 13.5 -10.1556 -8.25 12.5 -9.8215 -6 13.25 -11.325
4 16 -4.975 12.5 -12.01 -6 13.25 -11.325 -8.25 12.5 -9.8215 -9.192 4 -9.192
4 16 -9.192 4 -9.192 -7.25 5 -10.4897 -6 6 -11.325 -4.975 12.5 -12.01
3 16 -6 6 -11.325 -4.975 6 -12.01 -4.975 12.5 -12.01
3 16 -3 17 -12.403 -4.975 17 -12.01 -4 14.75 -12.204
4 16 -4.975 14 -12.01 -4 13.25 -12.204 -4 14.75 -12.204 -4.975 17 -12.01
3 16 -4 12 -12.204 -4.975 12.5 -12.01 -4.975 10.25 -12.01
3 16 -3 11.75 -12.403 -4 12 -12.204 -4.975 10.25 -12.01
4 16 -4.975 10.25 -12.01 -2.25 10.25 -12.5523 -2 11.75 -12.602 -3 11.75 -12.403
4 16 -2.25 7.75 -12.5523 -4.975 7.75 -12.01 -4.975 6 -12.01 -4 5.75 -12.204
3 16 -4 14.75 -12.204 -3.5 14 -12.3035 -1.75 14.75 -12.6518
3 16 -4 13.25 -12.204 -3 12.75 -12.403 -3.5 13.5 -12.3035
4 16 -3 12.75 -12.403 -2 12.5 -12.602 -.75 12.75 -12.8508 -1.75 13.75 -12.6518
3 0 4 14.75 -12.204 3 17 -12.403 2 16 -12.602
4 0 0 17 -13 0 16.5 -13 2 16 -12.602 3 17 -12.403
4 16 2 16 -12.602 0 16.5 -13 1.75 14.75 -12.6518 4 14.75 -12.204
4 0 4 13.25 -12.204 4 12 -12.204 4.975 12.5 -12.01 4.975 14 -12.01
4 0 3 12.75 -12.403 3 11.75 -12.403 4 12 -12.204 4 13.25 -12.204
4 0 2 12.5 -12.602 2 11.75 -12.602 3 11.75 -12.403 3 12.75 -12.403
3 0 2 12.5 -12.602 .75 12.75 -12.8508 2 11.75 -12.602
3 16 1 7.25 -12.801 2 11.75 -12.602 .75 12.75 -12.8508
4 16 .75 12.75 -12.8508 0 14 -13 0 4 -13 1 7.25 -12.801
3 16 2.25 7.75 -12.5523 2.25 10.25 -12.5523 1 7.25 -12.801
3 16 1 7.25 -12.801 2.25 10.25 -12.5523 2 11.75 -12.602
3 16 3.75 5.5 -12.2538 2.25 7.75 -12.5523 1 7.25 -12.801
4 0 4.975 12.5 -12.01 6 13.25 -11.325 6 14.5 -11.325 4.975 14 -12.01
4 0 6 13.25 -11.325 7 14 -10.6568 7 14.5 -10.6568 6 14.5 -11.325
4 0 7 14 -10.6568 7.75 13.5 -10.1556 8 13.75 -9.9886 7 14.5 -10.6568
3 0 7.75 13.5 -10.1556 8.25 12.5 -9.8215 8 13.75 -9.9886
3 16 9.192 17 -9.192 8.25 12.5 -9.8215 9.192 4 -9.192
3 16 8 13.75 -9.9886 8.25 12.5 -9.8215 9.192 17 -9.192
3 16 9.192 17 -9.192 7 14.5 -10.6568 8 13.75 -9.9886
4 16 6 14.5 -11.325 7 14.5 -10.6568 9.192 17 -9.192 4.975 17 -12.01
3 16 4.975 17 -12.01 4.975 14 -12.01 6 14.5 -11.325
4 16 8.25 12.5 -9.8215 7.75 13.5 -10.1556 7 14 -10.6568 6 13.25 -11.325
4 16 8.25 12.5 -9.8215 6 13.25 -11.325 4.975 12.5 -12.01 9.192 4 -9.192
4 16 6 5.75 -11.325 7 4.75 -10.6568 9.192 4 -9.192 4.975 12.5 -12.01
3 16 4.975 12.5 -12.01 4.975 5.75 -12.01 6 5.75 -11.325
3 16 4 14.75 -12.204 4.975 17 -12.01 3 17 -12.403
4 16 4 14.75 -12.204 4 13.25 -12.204 4.975 14 -12.01 4.975 17 -12.01
3 16 4.975 10.25 -12.01 4.975 12.5 -12.01 4 12 -12.204
3 16 4.975 10.25 -12.01 4 12 -12.204 3 11.75 -12.403
4 16 2 11.75 -12.602 2.25 10.25 -12.5523 4.975 10.25 -12.01 3 11.75 -12.403
4 16 4.975 5.75 -12.01 4.975 7.75 -12.01 2.25 7.75 -12.5523 3.75 5.5 -12.2538
3 16 1.75 14.75 -12.6518 3.5 14 -12.3035 4 14.75 -12.204
3 16 3.5 13.5 -12.3035 3 12.75 -12.403 4 13.25 -12.204
4 16 .75 12.75 -12.8508 2 12.5 -12.602 3 12.75 -12.403 1.75 13.75 -12.6518
0 remainder
4 16 -12.01 4 -4.975 -13 4 0 -11.536 1.172 0 -10.658 1.172 -4.415
4 16 -9.192 4 -9.192 -12.01 4 -4.975 -10.658 1.172 -4.415 -8.157 1.172 -8.157
4 16 -4.975 4 -12.01 -9.192 4 -9.192 -8.157 1.172 -8.157 -4.415 1.172 -10.658
4 16 0 4 -13 -4.975 4 -12.01 -4.415 1.172 -10.658 0 1.172 -11.536
4 16 4.975 4 -12.01 0 4 -13 0 1.172 -11.536 4.415 1.172 -10.658
4 16 9.192 4 -9.192 4.975 4 -12.01 4.415 1.172 -10.658 8.157 1.172 -8.157
4 16 12.01 4 -4.975 9.192 4 -9.192 8.157 1.172 -8.157 10.658 1.172 -4.415
4 16 13 4 0 12.01 4 -4.975 10.658 1.172 -4.415 11.536 1.172 0
5 24 -10.658 1.172 -4.415 -12.01 4 -4.975 -8.157 1.172 -8.157 -11.536 1.172 0
5 24 -8.157 1.172 -8.157 -9.192 4 -9.192 -4.415 1.172 -10.658 -10.658 1.172 -4.415
5 24 -4.415 1.172 -10.658 -4.975 4 -12.01 0 1.172 -11.536 -8.157 1.172 -8.157
5 24 0 1.172 -11.536 0 4 -13 4.415 1.172 -10.658 -4.415 1.172 -10.658
5 24 4.415 1.172 -10.658 4.975 4 -12.01 8.157 1.172 -8.157 0 1.172 -11.536
5 24 8.157 1.172 -8.157 9.192 4 -9.192 10.658 1.172 -4.415 4.415 1.172 -10.658
5 24 10.658 1.172 -4.415 12.01 4 -4.975 11.536 1.172 0 8.157 1.172 -8.157
4 16 12.01 17 -4.975 12.01 4 -4.975 13 4 0 13 17 0
4 16 9.192 17 -9.192 9.192 4 -9.192 12.01 4 -4.975 12.01 17 -4.975
4 16 -12.01 17 -4.975 -12.01 4 -4.975 -9.192 4 -9.192 -9.192 17 -9.192
4 16 -13 17 0 -13 4 0 -12.01 4 -4.975 -12.01 17 -4.975
5 24 13 4 0 13 17 0 12.01 4 -4.975 12.01 4 4.975
5 24 12.01 4 -4.975 12.01 17 -4.975 9.192 4 -9.192 13 4 0
5 24 9.192 4 -9.192 9.192 17 -9.192 4.975 4 -12.01 12.01 4 -4.975
5 24 4.975 4 -12.01 4.975 17 -12.01 0 4 -13 9.192 4 -9.192
5 24 0 4 -13 0 17 -13 -4.975 4 -12.01 4.975 4 -12.01
5 24 -4.975 4 -12.01 -4.975 17 -12.01 -9.192 4 -9.192 0 4 -13
5 24 -9.192 4 -9.192 -9.192 17 -9.192 -12.01 4 -4.975 -4.975 4 -12.01
5 24 -12.01 4 -4.975 -12.01 17 -4.975 -13 4 0 -9.192 4 -9.192
4 16 -11.536 19.828 0 -13 17 0 -12.01 17 -4.975 -10.658 19.828 -4.415
4 16 -10.658 19.828 -4.415 -12.01 17 -4.975 -9.192 17 -9.192 -8.157 19.828 -8.157
4 16 -8.157 19.828 -8.157 -9.192 17 -9.192 -4.975 17 -12.01 -4.415 19.828 -10.658
4 16 -4.415 19.828 -10.658 -4.975 17 -12.01 -3 17 -12.403 -1.5 19.828 -11.2377
4 16 1.5 19.828 -11.2377 3 17 -12.403 4.975 17 -12.01 4.415 19.828 -10.658
4 16 4.415 19.828 -10.658 4.975 17 -12.01 9.192 17 -9.192 8.157 19.828 -8.157
4 16 8.157 19.828 -8.157 9.192 17 -9.192 12.01 17 -4.975 10.658 19.828 -4.415
4 16 10.658 19.828 -4.415 12.01 17 -4.975 13 17 0 11.536 19.828 0
5 24 -10.658 19.828 -4.415 -12.01 17 -4.975 -8.157 19.828 -8.157 -11.536 19.828 0
5 24 -8.157 19.828 -8.157 -9.192 17 -9.192 -4.415 19.828 -10.658 -10.658 19.828 -4.415
5 24 -4.415 19.828 -10.658 -4.975 17 -12.01 0 19.828 -11.536 -8.157 19.828 -8.157
5 24 0 19.828 -11.536 0 17 -13 4.415 19.828 -10.658 -4.415 19.828 -10.658
5 24 4.415 19.828 -10.658 4.975 17 -12.01 8.157 19.828 -8.157 0 19.828 -11.536
5 24 8.157 19.828 -8.157 9.192 17 -9.192 10.658 19.828 -4.415 4.415 19.828 -10.658
5 24 10.658 19.828 -4.415 12.01 17 -4.975 11.536 19.828 0 8.157 19.828 -8.157
0
