0 Minifig Head with Glasses and White Muttonchops Pattern
0 Name: 3626bpa1.dat
0 Author: Franklin W. Cain [fwcain]
0 !LDRAW_ORG Part UPDATE 2002-04
0 !LICENSE Redistributable under CCAL version 2.0 : see CAreadme.txt

0 !KEYWORDS face, smile, glasses, eyeglasses, spectacles, muttonchops, sideburns
0 !KEYWORDS bushy sideburns, beard, white beard, grey beard, moustache
0 !KEYWORDS beardless chin, hairless chin, bald chin
0 !KEYWORDS Adventurers, Dr. Kilroy, Prof. Kilroy, doctor, professor, old man
0 !KEYWORDS Dr. Lightning
0 !CMDLINE -c14

0 !HISTORY 2002-08-18 [PTadmin] Official Update 2002-04
0 !HISTORY 2007-06-29 [PTadmin] Header formatted for Contributor Agreement
0 !HISTORY 2008-07-01 [PTadmin] Official Update 2008-01

 1 16 0 0 0 1 0 0 0 1 0 0 0 1 s\3626bs01.dat
0
0 smile
0
 4 0 0 15 -13 0 16 -13 -1.500 15.750 -12.702 -1.500 14.750 -12.702
 4 0 0 15 -13 0 16 -13 1.500 15.750 -12.702 1.500 14.750 -12.702
 4 0 -1.500 14.750 -12.702 -1.500 15.750 -12.702 -2.500 15.250 -12.503 -2.500 14.750 -12.503
 4 0 1.500 14.750 -12.702 1.500 15.750 -12.702 2.500 15.250 -12.503 2.500 14.750 -12.503
 3 0 -2 14.500 -12.602 -1.500 14.750 -12.702 -2.500 14.750 -12.503
 3 0 2 14.500 -12.602 1.500 14.750 -12.702 2.500 14.750 -12.503
 3 16 0 14.500 -13 -1.500 14.750 -12.702 0 15 -13
 3 16 0 14.500 -13 1.500 14.750 -12.702 0 15 -13
 3 16 0 14.500 -13 -2 14.500 -12.602 -1.500 14.750 -12.702
 3 16 0 14.500 -13 2 14.500 -12.602 1.500 14.750 -12.702
 3 16 -2.500 15.250 -12.503 -1.500 15.750 -12.702 -2.500 17 -12.503
 3 16 2.500 15.250 -12.503 1.500 15.750 -12.702 2.500 17 -12.503
 3 16 -1.500 15.750 -12.702 0 17 -13 -2.500 17 -12.503
 3 16 1.500 15.750 -12.702 0 17 -13 2.500 17 -12.503
 3 16 -1.500 15.750 -12.702 0 16 -13 0 17 -13
 3 16 1.500 15.750 -12.702 0 16 -13 0 17 -13
0
0 eyeglasses
0
 4 16 0 4 -13 0 7 -13 -4.975 7 -12.010 -4.975 4 -12.010
 4 16 0 4 -13 0 7 -13 4.975 7 -12.010 4.975 4 -12.010
 4 16 0 7 -13 0 7.750 -13 -1.750 7.750 -12.652 -1.750 7 -12.652
 4 16 0 7 -13 0 7.750 -13 1.750 7.750 -12.652 1.750 7 -12.652
 3 16 -1 7.750 -12.801 -1.750 7.750 -12.652 -1.750 8.750 -12.652
 3 16 1 7.750 -12.801 1.750 7.750 -12.652 1.750 8.750 -12.652
 3 16 0 8.125 -13 -0.750 8.125 -12.851 0 9.250 -13
 3 16 0 8.125 -13 0.750 8.125 -12.851 0 9.250 -13
 3 16 -0.750 8.125 -12.851 0 9.250 -13 -1.750 9.250 -12.652
 3 16 0.750 8.125 -12.851 0 9.250 -13 1.750 9.250 -12.652
 4 16 0 9.250 -13 -1.750 9.250 -12.652 -1.750 13 -12.652 0 13 -13
 4 16 0 9.250 -13 1.750 9.250 -12.652 1.750 13 -12.652 0 13 -13
0
 1 16 -3.500 8.750 -12.304 1.75 0 0 0 0 -1.75 -0.348 1 0 1-4ndis.dat
 1 16 3.500 8.750 -12.304 -1.75 0 0 0 0 -1.75 -0.348 1 0 1-4ndis.dat
 1 16 -3.500 11.250 -12.304 1.75 0 0 0 0 1.75 -0.348 1 0 1-4ndis.dat
 1 16 3.500 11.250 -12.304 -1.75 0 0 0 0 1.75 -0.348 1 0 1-4ndis.dat
0
 3 0 0 7.750 -13 0 8.125 -13 -0.750 8.125 -12.851
 3 0 0 7.750 -13 0 8.125 -13 0.750 8.125 -12.851
 3 0 0 7.750 -13 -1 7.750 -12.801 -0.750 8.125 -12.851
 3 0 0 7.750 -13 1 7.750 -12.801 0.750 8.125 -12.851
 2 0 0 7.938 -13 -0.875 7.938 -12.826
 2 0 0 7.938 -13 0.875 7.938 -12.826
 3 0 -1 7.750 -12.801 -0.750 8.125 -12.851 -1.750 8.750 -12.652
 3 0 1 7.750 -12.801 0.750 8.125 -12.851 1.750 8.750 -12.652
 3 0 -0.750 8.125 -12.851 -1.750 8.750 -12.652 -1.750 9.250 -12.652
 3 0 0.750 8.125 -12.851 1.750 8.750 -12.652 1.750 9.250 -12.652
 2 0 -0.875 7.938 -12.826 -1.750 9 -12.652
 2 0 0.875 7.938 -12.826 1.750 9 -12.652
 4 0 -1.750 8.750 -12.652 -1.750 11.250 -12.652 -2 11.250 -12.602 -2 8.750 -12.602
 4 0 1.750 8.750 -12.652 1.750 11.250 -12.652 2 11.250 -12.602 2 8.750 -12.602
 2 0 -1.875 8.750 -12.627 -1.875 11.250 -12.627
 2 0 1.875 8.750 -12.627 1.875 11.250 -12.627
 4 0 -3.500 7 -12.304 -3.500 7.250 -12.304 -4.975 7.250 -12.010 -4.975 7 -12.010
 4 0 3.500 7 -12.304 3.500 7.250 -12.304 4.975 7.250 -12.010 4.975 7 -12.010
 2 0 -3.500 7.125 -12.304 -4.975 7.125 -12.010
 2 0 3.500 7.125 -12.304 4.975 7.125 -12.010
 4 0 -3.500 12.750 -12.304 -3.500 13 -12.304 -4.975 13 -12.010 -4.975 12.750 -12.010
 4 0 3.500 12.750 -12.304 3.500 13 -12.304 4.975 13 -12.010 4.975 12.750 -12.010
 2 0 -3.500 12.875 -12.304 -4.975 12.875 -12.010
 2 0 3.500 12.875 -12.304 4.975 12.875 -12.010
0
 1 0 -3.500 8.750 -12.304 0.25 0 0 0 0 -0.25 -0.05 1 0 1-4ring6.dat
 1 0 3.500 8.750 -12.304 -0.25 0 0 0 0 -0.25 -0.05 1 0 1-4ring6.dat
 1 0 -3.500 11.250 -12.304 0.25 0 0 0 0 0.25 -0.05 1 0 1-4ring6.dat
 1 0 3.500 11.250 -12.304 -0.25 0 0 0 0 0.25 -0.05 1 0 1-4ring6.dat
 1 8 -3.500 8.750 -12.304 1.625 0 0 0 0 -1.625 -0.323 1 0 1-4edge.dat
 1 8 3.500 8.750 -12.304 -1.625 0 0 0 0 -1.625 -0.323 1 0 1-4edge.dat
 1 8 -3.500 11.250 -12.304 1.625 0 0 0 0 1.625 -0.323 1 0 1-4edge.dat
 1 8 3.500 11.250 -12.304 -1.625 0 0 0 0 1.625 -0.323 1 0 1-4edge.dat
0
 4 15 -2 8.750 -12.602 -2 11.250 -12.602 -2.250 11.250 -12.548 -2.250 8.750 -12.548
 4 15 2 8.750 -12.602 2 11.250 -12.602 2.250 11.250 -12.548 2.250 8.750 -12.548
 4 15 -3.500 7.250 -12.304 -3.500 8.750 -12.304 -4.975 8.750 -12.010 -4.975 7.250 -12.010
 4 15 3.500 7.250 -12.304 3.500 8.750 -12.304 4.975 8.750 -12.010 4.975 7.250 -12.010
 4 15 -3.500 11.250 -12.304 -3.500 12.750 -12.304 -4.975 12.750 -12.010 -4.975 11.250 -12.010
 4 15 3.500 11.250 -12.304 3.500 12.750 -12.304 4.975 12.750 -12.010 4.975 11.250 -12.010
 4 15 -4.750 8.750 -12.060 -4.750 11.250 -12.060 -4.975 11.250 -12.010 -4.975 8.750 -12.010
 4 15 4.750 8.750 -12.060 4.750 11.250 -12.060 4.975 11.250 -12.010 4.975 8.750 -12.010
0
 1 15 -3.500 8.750 -12.304 1.5 0 0 0 0 -1.5 -0.299 1 0 1-4disc.dat
 1 15 3.500 8.750 -12.304 -1.5 0 0 0 0 -1.5 -0.299 1 0 1-4disc.dat
 1 15 -3.500 11.250 -12.304 1.5 0 0 0 0 1.5 -0.299 1 0 1-4disc.dat
 1 15 3.500 11.250 -12.304 -1.5 0 0 0 0 1.5 -0.299 1 0 1-4disc.dat
0
 1 15 -3.500 10 -12.304 1.25 -0.244 0 0 0 -1.25 -0.244 1 0 4-4ndis.dat
 1 15 3.500 10 -12.304 1.25 0.244 0 0 0 -1.25 0.244 1 0 4-4ndis.dat
 1 0 -3.500 10 -12.304 1.25 -0.244 0 0 0 -1.25 -0.244 1 0 4-4disc.dat
 1 0 3.500 10 -12.304 1.25 0.244 0 0 0 -1.25 0.244 1 0 4-4disc.dat
0
 4 16 -4.975 4 -12.010 -4.975 7 -12.010 -9.192 7 -9.192 -9.192 4 -9.192
 4 16 4.975 4 -12.010 4.975 7 -12.010 9.192 7 -9.192 9.192 4 -9.192
 4 16 -6.725 7 -10.841 -6.725 9.250 -10.841 -9.192 9.500 -9.192 -9.192 7 -9.192
 4 16 6.725 7 -10.841 6.725 9.250 -10.841 9.192 9.500 -9.192 9.192 7 -9.192
 4 16 -6.725 9.625 -10.841 -6.725 13 -10.841 -9.192 13 -9.192 -9.192 9.875 -9.192
 4 16 6.725 9.625 -10.841 6.725 13 -10.841 9.192 13 -9.192 9.192 9.875 -9.192
0
 1 16 -4.975 8.750 -12.010 -1.75 0 0 0 0 -1.75 1.169 1 0 1-4ndis.dat
 1 16 4.975 8.750 -12.010 1.75 0 0 0 0 -1.75 1.169 1 0 1-4ndis.dat
 1 16 -4.975 11.250 -12.010 -1.75 0 0 0 0 1.75 1.169 1 0 1-4ndis.dat
 1 16 4.975 11.250 -12.010 1.75 0 0 0 0 1.75 1.169 1 0 1-4ndis.dat
0
 1 0 -4.975 8.750 -12.010 -0.25 0 0 0 0 -0.25 0.167 1 0 1-4ring6.dat
 1 0 4.975 8.750 -12.010 0.25 0 0 0 0 -0.25 0.167 1 0 1-4ring6.dat
 1 0 -4.975 11.250 -12.010 -0.25 0 0 0 0 0.25 0.167 1 0 1-4ring6.dat
 1 0 4.975 11.250 -12.010 0.25 0 0 0 0 0.25 0.167 1 0 1-4ring6.dat
 1 8 -4.975 8.750 -12.010 -1.625 0 0 0 0 -1.625 1.086 1 0 1-4edge.dat
 1 8 4.975 8.750 -12.010 1.625 0 0 0 0 -1.625 1.086 1 0 1-4edge.dat
 1 8 -4.975 11.250 -12.010 -1.625 0 0 0 0 1.625 1.086 1 0 1-4edge.dat
 1 8 4.975 11.250 -12.010 1.625 0 0 0 0 1.625 1.086 1 0 1-4edge.dat
0
 4 0 -6.475 8.750 -11.008 -6.475 11.250 -11.008 -6.725 11.250 -10.841 -6.725 8.750 -10.841
 4 0 6.475 8.750 -11.008 6.475 11.250 -11.008 6.725 11.250 -10.841 6.725 8.750 -10.841
 2 0 -6.600 8.750 -10.924 -6.600 11.250 -10.924
 2 0 6.600 8.750 -10.924 6.600 11.250 -10.924
 4 0 -6.725 9.250 -10.841 -6.725 9.625 -10.841 -9.192 9.875 -9.192 -9.192 9.500 -9.192
 4 0 6.725 9.250 -10.841 6.725 9.625 -10.841 9.192 9.875 -9.192 9.192 9.500 -9.192
 2 0 -6.725 9.438 -10.841 -9.192 9.688 -9.192
 2 0 6.725 9.438 -10.841 9.192 9.688 -9.192
0
 1 15 -4.975 8.750 -12.010 -1.5 0 0 0 0 -1.5 1.002 1 0 1-4disc.dat
 1 15 4.975 8.750 -12.010 1.5 0 0 0 0 -1.5 1.002 1 0 1-4disc.dat
 1 15 -4.975 11.250 -12.010 -1.5 0 0 0 0 1.5 1.002 1 0 1-4disc.dat
 1 15 4.975 11.250 -12.010 1.5 0 0 0 0 1.5 1.002 1 0 1-4disc.dat
0
 4 15 -4.975 8.750 -12.010 -4.975 11.250 -12.010 -6.475 11.250 -11.008 -6.475 8.750 -11.008
 4 15 4.975 8.750 -12.010 4.975 11.250 -12.010 6.475 11.250 -11.008 6.475 8.750 -11.008
0
 4 0 -9.192 9.500 -9.192 -9.192 9.875 -9.192 -12.010 10.125 -4.975 -12.010 9.750 -4.975
 4 0 9.192 9.500 -9.192 9.192 9.875 -9.192 12.010 10.125 -4.975 12.010 9.750 -4.975
 2 0 -9.192 9.688 -9.192 -12.010 9.938 -4.975
 2 0 9.192 9.688 -9.192 12.010 9.938 -4.975
0
0 moustache/beard/sideburns
0
 4 16 0 13 -13 0 14.500 -13 -0.500 14.500 -12.901 -0.500 13 -12.901
 4 16 0 13 -13 0 14.500 -13 0.500 14.500 -12.901 0.500 13 -12.901
 3 16 -0.500 13 -12.901 -1 13 -12.801 -0.500 13.500 -12.901
 3 16 0.500 13 -12.901 1 13 -12.801 0.500 13.500 -12.901
 4 15 -1 13 -12.801 -0.500 13.500 -12.901 -0.500 14 -12.901 -1 14.500 -12.801
 4 15 1 13 -12.801 0.500 13.500 -12.901 0.500 14 -12.901 1 14.500 -12.801
 3 16 -0.500 14 -12.901 -0.500 14.500 -12.901 -1 14.500 -12.801
 3 16 0.500 14 -12.901 0.500 14.500 -12.901 1 14.500 -12.801
 4 15 -1 13 -12.801 -2 13 -12.602 -2 14.500 -12.602 -1 14.500 -12.801
 4 15 1 13 -12.801 2 13 -12.602 2 14.500 -12.602 1 14.500 -12.801
 4 15 -2 13 -12.602 -2.500 13 -12.503 -2.500 14.750 -12.503 -2 14.500 -12.602
 4 15 2 13 -12.602 2.500 13 -12.503 2.500 14.750 -12.503 2 14.500 -12.602
 3 16 -2.500 13 -12.503 -3.500 13 -12.304 -3.500 13.500 -12.304
 3 16 2.500 13 -12.503 3.500 13 -12.304 3.500 13.500 -12.304
 4 15 -2.500 13 -12.503 -3.500 13.500 -12.304 -3.500 17 -12.304 -2.500 17 -12.503
 4 15 2.500 13 -12.503 3.500 13.500 -12.304 3.500 17 -12.304 2.500 17 -12.503
 4 16 -3.500 13 -12.304 -4.975 13 -12.010 -4.975 14.500 -12.010 -3.500 13.500 -12.304
 4 16 3.500 13 -12.304 4.975 13 -12.010 4.975 14.500 -12.010 3.500 13.500 -12.304
 4 15 -3.500 13.500 -12.304 -4.975 14.500 -12.010 -4.975 17 -12.010 -3.500 17 -12.304
 4 15 3.500 13.500 -12.304 4.975 14.500 -12.010 4.975 17 -12.010 3.500 17 -12.304
0
 4 16 -4.975 13 -12.010 -6.381 13 -11.071 -6.381 15 -11.071 -4.975 14.500 -12.010
 4 16 4.975 13 -12.010 6.381 13 -11.071 6.381 15 -11.071 4.975 14.500 -12.010
 4 15 -4.975 14.500 -12.010 -6.381 15 -11.071 -6.381 17 -11.071 -4.975 17 -12.010
 4 15 4.975 14.500 -12.010 6.381 15 -11.071 6.381 17 -11.071 4.975 17 -12.010
 4 16 -6.381 13 -11.071 -7.786 13 -10.131 -7.786 15 -10.131 -6.381 15 -11.071
 4 16 6.381 13 -11.071 7.786 13 -10.131 7.786 15 -10.131 6.381 15 -11.071
 4 15 -6.381 15 -11.071 -7.786 15 -10.131 -7.786 17 -10.131 -6.381 17 -11.071
 4 15 6.381 15 -11.071 7.786 15 -10.131 7.786 17 -10.131 6.381 17 -11.071
 4 16 -7.786 13 -10.131 -9.192 13 -9.192 -9.192 14 -9.192 -7.786 15 -10.131
 4 16 7.786 13 -10.131 9.192 13 -9.192 9.192 14 -9.192 7.786 15 -10.131
 4 15 -9.192 14 -9.192 -7.786 15 -10.131 -7.786 17 -10.131 -9.192 17 -9.192
 4 15 9.192 14 -9.192 7.786 15 -10.131 7.786 17 -10.131 9.192 17 -9.192
0
 4 16 -9.192 4 -9.192 -10.131 4 -7.786 -10.131 9.583 -7.786 -9.192 9.500 -9.192
 4 16 9.192 4 -9.192 10.131 4 -7.786 10.131 9.583 -7.786 9.192 9.500 -9.192
 3 16 -9.192 9.875 -9.192 -10.131 9.958 -7.786 -9.192 14 -9.192
 3 16 9.192 9.875 -9.192 10.131 9.958 -7.786 9.192 14 -9.192
 3 16 -10.131 4 -7.786 -11.071 4 -6.381 -10.131 9.583 -7.786
 3 16 10.131 4 -7.786 11.071 4 -6.381 10.131 9.583 -7.786
 4 15 -10.131 9.958 -7.786 -9.192 14 -9.192 -9.192 17 -9.192 -10.131 17 -7.786
 4 15 10.131 9.958 -7.786 9.192 14 -9.192 9.192 17 -9.192 10.131 17 -7.786
 4 15 -10.131 9.958 -7.786 -12.010 10.125 -4.975 -12.010 17 -4.975 -10.131 17 -7.786
 4 15 10.131 9.958 -7.786 12.010 10.125 -4.975 12.010 17 -4.975 10.131 17 -7.786
 3 15 -11.071 4 -6.381 -10.131 9.583 -7.786 -11.071 9.667 -6.381
 3 15 11.071 4 -6.381 10.131 9.583 -7.786 11.071 9.667 -6.381
 4 15 -11.071 4 -6.381 -12.010 4 -4.975 -12.010 9.750 -4.975 -11.071 9.667 -6.381
 4 15 11.071 4 -6.381 12.010 4 -4.975 12.010 9.750 -4.975 11.071 9.667 -6.381
0
 3 15 -2.500 17 -12.503 -4.975 17 -12.010 -4.695 18.414 -11.334
 3 15 2.500 17 -12.503 4.975 17 -12.010 4.695 18.414 -11.334
 3 16 -2.500 17 -12.503 0 17 -13 0 19.828 -11.536
 3 16 2.500 17 -12.503 0 17 -13 0 19.828 -11.536
 3 16 -2.500 17 -12.503 0 19.828 -11.536 -4.415 19.828 -10.658
 3 16 2.500 17 -12.503 0 19.828 -11.536 4.415 19.828 -10.658
 3 16 -2.500 17 -12.503 -4.695 18.414 -11.334 -4.415 19.828 -10.658
 3 16 2.500 17 -12.503 4.695 18.414 -11.334 4.415 19.828 -10.658
0
 4 15 -4.975 17 -12.010 -9.192 17 -9.192 -8.674 18.414 -8.674 -4.695 18.414 -11.334
 4 15 4.975 17 -12.010 9.192 17 -9.192 8.674 18.414 -8.674 4.695 18.414 -11.334
 4 16 -4.695 18.414 -11.334 -8.674 18.414 -8.674 -8.157 19.828 -8.157 -4.415 19.828 -10.658
 4 16 4.695 18.414 -11.334 8.674 18.414 -8.674 8.157 19.828 -8.157 4.415 19.828 -10.658
0
 3 15 -9.192 17 -9.192 -12.010 17 -4.975 -8.674 18.414 -8.674
 3 15 9.192 17 -9.192 12.010 17 -4.975 8.674 18.414 -8.674
 3 16 -12.010 17 -4.975 -8.674 18.414 -8.674 -10.658 19.828 -4.415
 3 16 12.010 17 -4.975 8.674 18.414 -8.674 10.658 19.828 -4.415
 3 16 -8.674 18.414 -8.674 -8.157 19.828 -8.157 -10.658 19.828 -4.415
 3 16 8.674 18.414 -8.674 8.157 19.828 -8.157 10.658 19.828 -4.415
0
0 remainder of file
0
 4 16 -12.010 4 -4.975 -12.010 17 -4.975 -13 17 0 -13 4 0
 4 16 12.010 4 -4.975 12.010 17 -4.975 13 17 0 13 4 0
0
 4 16 0 4 -13 -4.975 4 -12.010 -4.415 1.172 -10.658 0 1.172 -11.536
 4 16 0 4 -13 4.975 4 -12.010 4.415 1.172 -10.658 0 1.172 -11.536
 4 16 -4.975 4 -12.010 -9.192 4 -9.192 -8.157 1.172 -8.157 -4.415 1.172 -10.658
 4 16 4.975 4 -12.010 9.192 4 -9.192 8.157 1.172 -8.157 4.415 1.172 -10.658
 4 16 -9.192 4 -9.192 -12.010 4 -4.975 -10.658 1.172 -4.415 -8.157 1.172 -8.157
 4 16 9.192 4 -9.192 12.010 4 -4.975 10.658 1.172 -4.415 8.157 1.172 -8.157
 4 16 -13 4 0 -12.010 4 -4.975 -10.658 1.172 -4.415 -11.536 1.172 0
 4 16 13 4 0 12.010 4 -4.975 10.658 1.172 -4.415 11.536 1.172 0
 4 16 -13 17 0 -12.010 17 -4.975 -10.658 19.828 -4.415 -11.536 19.828 0
 4 16 13 17 0 12.010 17 -4.975 10.658 19.828 -4.415 11.536 19.828 0
0
 5 24 0 4 -13 -4.975 4 -12.010 0 1.172 -11.536 0 17 -13
 5 24 0 4 -13 4.975 4 -12.010 0 1.172 -11.536 0 17 -13
 5 24 0 17 -13 -4.975 17 -12.010 0 19.828 -11.536 0 4 -13
 5 24 0 17 -13 4.975 17 -12.010 0 19.828 -11.536 0 4 -13
 5 24 -9.192 4 -9.192 -4.975 4 -12.010 -8.157 1.172 -8.157 -9.192 17 -9.192
 5 24 9.192 4 -9.192 4.975 4 -12.010 8.157 1.172 -8.157 9.192 17 -9.192
 5 24 -9.192 17 -9.192 -4.975 17 -12.010 -8.157 19.828 -8.157 -9.192 4 -9.192
 5 24 9.192 17 -9.192 4.975 17 -12.010 8.157 19.828 -8.157 9.192 4 -9.192
 5 24 -9.192 4 -9.192 -12.010 4 -4.975 -8.157 1.172 -8.157 -9.192 17 -9.192
 5 24 9.192 4 -9.192 12.010 4 -4.975 8.157 1.172 -8.157 9.192 17 -9.192
 5 24 -9.192 17 -9.192 -12.010 17 -4.975 -8.157 19.828 -8.157 -9.192 4 -9.192
 5 24 9.192 17 -9.192 12.010 17 -4.975 8.157 19.828 -8.157 9.192 4 -9.192
 5 24 -13 17 0 -12.010 17 -4.975 -11.536 19.828 0 -13 4 0
 5 24 13 17 0 12.010 17 -4.975 11.536 19.828 0 13 4 0
 5 24 -13 4 0 -12.010 4 -4.975 -11.536 1.172 0 -13 17 0
 5 24 13 4 0 12.010 4 -4.975 11.536 1.172 0 13 17 0
0
 5 24 0 4 -13 0 17 -13 -4.975 4 -12.010 4.975 4 -12.010
 5 24 -4.975 4 -12.010 -4.975 17 -12.010 0 4 -13 -9.192 4 -9.192
 5 24 4.975 4 -12.010 4.975 17 -12.010 0 4 -13 9.192 4 -9.192
 5 24 -9.192 4 -9.192 -9.192 17 -9.192 -4.975 4 -12.010 -12.010 4 -4.975
 5 24 9.192 4 -9.192 9.192 17 -9.192 4.975 4 -12.010 12.010 4 -4.975
 5 24 -12.010 4 -4.975 -12.010 17 -4.975 -9.192 4 -9.192 -13 4 0
 5 24 12.010 4 -4.975 12.010 17 -4.975 9.192 4 -9.192 13 4 0
 5 24 -13 4 0 -13 17 0 -12.010 4 -4.975 -12.010 4 4.975
 5 24 13 4 0 13 17 0 12.010 4 -4.975 12.010 4 4.975
0
 5 24 0 4 -13 0 1.172 -11.536 -4.975 4 -12.010 4.975 4 -12.010
 5 24 0 17 -13 0 19.828 -11.536 -4.975 17 -12.010 4.975 17 -12.010
 5 24 -4.975 4 -12.010 -4.415 1.172 -10.658 0 4 -13 -9.192 4 -9.192
 5 24 4.975 4 -12.010 4.415 1.172 -10.658 0 4 -13 9.192 4 -9.192
 5 24 -4.975 17 -12.010 -4.415 19.828 -10.658 0 17 -13 -9.192 17 -9.192
 5 24 4.975 17 -12.010 4.415 19.828 -10.658 0 17 -13 9.192 17 -9.192
 5 24 -9.192 4 -9.192 -8.157 1.172 -8.157 -4.975 4 -12.010 -12.010 4 -4.975
 5 24 9.192 4 -9.192 8.157 1.172 -8.157 4.975 4 -12.010 12.010 4 -4.975
 5 24 -9.192 17 -9.192 -8.157 19.828 -8.157 -4.975 17 -12.010 -12.010 17 -4.975
 5 24 9.192 17 -9.192 8.157 19.828 -8.157 4.975 17 -12.010 12.010 17 -4.975
 5 24 -12.010 4 -4.975 -10.658 1.172 -4.415 -9.192 4 -9.192 -13 4 0
 5 24 12.010 4 -4.975 10.658 1.172 -4.415 9.192 4 -9.192 13 4 0
 5 24 -12.010 17 -4.975 -10.658 19.828 -4.415 -9.192 17 -9.192 -13 17 0
 5 24 12.010 17 -4.975 10.658 19.828 -4.415 9.192 17 -9.192 13 17 0
 5 24 -13 4 0 -11.536 1.172 0 -12.010 4 -4.975 -12.010 4 4.975
 5 24 13 4 0 11.536 1.172 0 12.010 4 -4.975 12.010 4 4.975
 5 24 -13 17 0 -11.536 19.828 0 -12.010 17 -4.975 -12.010 17 4.975
 5 24 13 17 0 11.536 19.828 0 12.010 17 -4.975 12.010 17 4.975
0
0 COMMENT end of file
