0 Minifig Head with Adventurers Mummy Pattern
0 Name: 3626bpa2.dat
0 Author: Franklin W. Cain [fwcain]
0 !LDRAW_ORG Part UPDATE 2005-01
0 !LICENSE Redistributable under CCAL version 2.0 : see CAreadme.txt

0 !KEYWORDS face, eyebrows, scars, sutures, Adventurers, Egypt, Egyptian
0 !KEYWORDS archeology, ancient, pyramid, ruins, crypt, Nile, Cairo, Giza
0 !KEYWORDS King Tut, pharaoh, mummy, corpse, undead, walking dead
0 !CMDLINE -c7

0 !HISTORY 2002-08-18 [PTadmin] Official Update 2002-04
0 !HISTORY 2004-04-15 [westrate] added torus primitives
0 !HISTORY 2005-12-28 [PTadmin] Official Update 2005-01
0 !HISTORY 2007-06-29 [PTadmin] Header formatted for Contributor Agreement
0 !HISTORY 2008-07-01 [PTadmin] Official Update 2008-01

 1 16 0 0 0 1 0 0 0 1 0 0 0 1 s\3626bs02.dat
 1 16 0 4 0 13 0 0 0 13 0 0 0 13 2-4cyli.dat
 1 16 0 4 0 0 0 8 0 -6.4 0 8 0 0 t04o6250.dat
 1 16 0 4 0 -8 0 0 0 -6.4 0 0 0 8 t04o6250.dat
 1 16 0 17 0 0 0 -8 0 6.4 0 8 0 0 t04o6250.dat
 1 16 0 17 0 8 0 0 0 6.4 0 0 0 8 t04o6250.dat

0
0 sutures in scalp
0
 4 0 0 4.875 -13 0 5.125 -13 -.5 5.125 -12.901 -.5 4.875 -12.901
 4 0 0 4.875 -13 0 5.125 -13 0.5 5.125 -12.901 0.5 4.875 -12.901
 2 0 0 5 -13 -.625 5 -12.876
 2 0 0 5 -13 0.625 5 -12.876
0
 4 16 0 4 -13 0 4.875 -13 -.5 4.875 -12.901 -.5 4 -12.901
 4 16 0 4 -13 0 4.875 -13 0.5 4.875 -12.901 0.5 4 -12.901
 4 16 0 5.125 -13 0 6 -13 -.5 6 -12.901 -.5 5.125 -12.901
 4 16 0 5.125 -13 0 6 -13 0.5 6 -12.901 0.5 5.125 -12.901
0
 4 0 -.5 4.625 -12.901 -.5 5.375 -12.901 -.75 5.375 -12.851 -.75 4.625 -12.851
 4 0 0.5 4.625 -12.901 0.5 5.375 -12.901 0.75 5.375 -12.851 0.75 4.625 -12.851
 2 0 -.625 4.625 -12.876 -.625 5.375 -12.876
 2 0 0.625 4.625 -12.876 0.625 5.375 -12.876
0
 4 16 -.5 4 -12.901 -.5 4.625 -12.901 -.75 4.625 -12.851 -.75 4 -12.851
 4 16 0.5 4 -12.901 0.5 4.625 -12.901 0.75 4.625 -12.851 0.75 4 -12.851
 4 16 -.5 5.375 -12.901 -.5 6 -12.901 -.75 6 -12.851 -.75 5.375 -12.851
 4 16 0.5 5.375 -12.901 0.5 6 -12.901 0.75 6 -12.851 0.75 5.375 -12.851
0
 4 0 -.75 4.875 -12.851 -.75 5.125 -12.851 -1.75 5.015 -12.652 -1.75 4.765 -12.652
 4 0 0.75 4.875 -12.851 0.75 5.125 -12.851 1.75 5.015 -12.652 1.75 4.765 -12.652
 2 0 -.625 5 -12.876 -1.875 4.875 -12.627
 2 0 0.625 5 -12.876 1.875 4.875 -12.627
0
 4 16 -.75 4 -12.851 -.75 4.875 -12.851 -1.75 4.765 -12.652 -1.75 4 -12.652
 4 16 0.75 4 -12.851 0.75 4.875 -12.851 1.75 4.765 -12.652 1.75 4 -12.652
 4 16 -.75 5.125 -12.851 -.75 6 -12.851 -1.75 6 -12.652 -1.75 5.015 -12.652
 4 16 0.75 5.125 -12.851 0.75 6 -12.851 1.75 6 -12.652 1.75 5.015 -12.652
0
 4 0 -1.75 4.5 -12.652 -1.75 5.25 -12.652 -2 5.25 -12.602 -2 4.5 -12.602
 4 0 1.75 4.5 -12.652 1.75 5.25 -12.652 2 5.25 -12.602 2 4.5 -12.602
 2 0 -1.875 4.5 -12.627 -1.875 5.25 -12.627
 2 0 1.875 4.5 -12.627 1.875 5.25 -12.627
0
 4 16 -1.75 4 -12.652 -1.75 4.5 -12.652 -2 4.5 -12.602 -2 4 -12.602
 4 16 1.75 4 -12.652 1.75 4.5 -12.652 2 4.5 -12.602 2 4 -12.602
 4 16 -1.75 5.25 -12.652 -1.75 6 -12.652 -2 6 -12.602 -2 5.25 -12.602
 4 16 1.75 5.25 -12.652 1.75 6 -12.652 2 6 -12.602 2 5.25 -12.602
0
 3 0 -2 4.73 -12.602 -2.992 4.603 -12.405 -3.058 4.837 -12.391
 3 0 2 4.73 -12.602 2.992 4.603 -12.405 3.058 4.837 -12.391
 3 0 -2 4.73 -12.602 -2 4.98 -12.602 -3.058 4.837 -12.391
 3 0 2 4.73 -12.602 2 4.98 -12.602 3.058 4.837 -12.391
 2 0 -1.875 4.875 -12.627 -3.125 4.69 -12.378
 2 0 1.875 4.875 -12.627 3.125 4.69 -12.378
0
 3 16 -2 4.5 -12.602 -2.925 4.37 -12.418 -2.992 4.603 -12.405
 3 16 2 4.5 -12.602 2.925 4.37 -12.418 2.992 4.603 -12.405
 3 16 -2 4.5 -12.602 -2 4.73 -12.602 -2.992 4.603 -12.405
 3 16 2 4.5 -12.602 2 4.73 -12.602 2.992 4.603 -12.405
 3 16 -2 4.98 -12.602 -3.058 4.837 -12.391 -3.125 5.07 -12.378
 3 16 2 4.98 -12.602 3.058 4.837 -12.391 3.125 5.07 -12.378
 3 16 -2 4.98 -12.602 -2 5.25 -12.602 -3.125 5.07 -12.378
 3 16 2 4.98 -12.602 2 5.25 -12.602 3.125 5.07 -12.378
 4 16 -2 4 -12.602 -2 4.5 -12.602 -2.925 4.37 -12.418 -2.925 4 -12.418
 4 16 2 4 -12.602 2 4.5 -12.602 2.925 4.37 -12.418 2.925 4 -12.418
 4 16 -2 5.25 -12.602 -2 6 -12.602 -3.125 6 -12.378 -3.125 5.07 -12.378
 4 16 2 5.25 -12.602 2 6 -12.602 3.125 6 -12.378 3.125 5.07 -12.378
0
 3 0 -2.925 4.37 -12.418 -3.125 4.31 -12.378 -3.125 5.07 -12.378
 3 0 2.925 4.37 -12.418 3.125 4.31 -12.378 3.125 5.07 -12.378
 3 0 -3.125 4.31 -12.378 -3.125 5.07 -12.378 -3.325 5.01 -12.338
 3 0 3.125 4.31 -12.378 3.125 5.07 -12.378 3.325 5.01 -12.338
 2 0 -3.025 4.34 -12.398 -3.225 5.04 -12.358
 2 0 3.025 4.34 -12.398 3.225 5.04 -12.358
0
 4 16 -2.925 4 -12.418 -2.925 4.37 -12.418 -3.125 4.31 -12.378 -3.125 4 -12.378
 4 16 2.925 4 -12.418 2.925 4.37 -12.418 3.125 4.31 -12.378 3.125 4 -12.378
 4 16 -3.125 5.07 -12.378 -3.125 6 -12.378 -3.325 6 -12.338 -3.325 5.01 -12.338
 4 16 3.125 5.07 -12.378 3.125 6 -12.378 3.325 6 -12.338 3.325 5.01 -12.338
0
 3 0 -3.192 4.543 -12.365 -4.242 4.283 -12.156 -4.308 4.517 -12.143
 3 0 3.192 4.543 -12.365 4.242 4.283 -12.156 4.308 4.517 -12.143
 3 0 -3.192 4.543 -12.365 -3.258 4.777 -12.352 -4.308 4.517 -12.143
 3 0 3.192 4.543 -12.365 3.258 4.777 -12.352 4.308 4.517 -12.143
 2 0 -3.125 4.69 -12.378 -4.375 4.375 -12.129
 2 0 3.125 4.69 -12.378 4.375 4.375 -12.129
0
 3 16 -3.125 4.31 -12.378 -4.175 4.05 -12.169 -4.242 4.283 -12.156
 3 16 3.125 4.31 -12.378 4.175 4.05 -12.169 4.242 4.283 -12.156
 3 16 -3.125 4.31 -12.378 -3.192 4.543 -12.365 -4.242 4.283 -12.156
 3 16 3.125 4.31 -12.378 3.192 4.543 -12.365 4.242 4.283 -12.156
 3 16 -3.258 4.777 -12.352 -4.308 4.517 -12.143 -4.375 4.75 -12.129
 3 16 3.258 4.777 -12.352 4.308 4.517 -12.143 4.375 4.75 -12.129
 3 16 -3.258 4.777 -12.352 -3.325 5.01 -12.338 -4.375 4.75 -12.129
 3 16 3.258 4.777 -12.352 3.325 5.01 -12.338 4.375 4.75 -12.129
 4 16 -3.125 4 -12.378 -3.125 4.31 -12.378 -4.175 4.05 -12.169 -4.175 4 -12.169
 4 16 3.125 4 -12.378 3.125 4.31 -12.378 4.175 4.05 -12.169 4.175 4 -12.169
 4 16 -3.325 5.01 -12.338 -3.325 6 -12.338 -4.375 6 -12.129 -4.375 4.75 -12.129
 4 16 3.325 5.01 -12.338 3.325 6 -12.338 4.375 6 -12.129 4.375 4.75 -12.129
0
 3 0 -4.175 4.05 -12.169 -4.375 4 -12.129 -4.375 4.75 -12.129
 3 0 4.175 4.05 -12.169 4.375 4 -12.129 4.375 4.75 -12.129
 3 0 -4.375 4 -12.129 -4.375 4.75 -12.129 -4.575 4.7 -12.09
 3 0 4.375 4 -12.129 4.375 4.75 -12.129 4.575 4.7 -12.09
 2 0 -4.275 4.025 -12.149 -4.475 4.725 -12.109
 2 0 4.275 4.025 -12.149 4.475 4.725 -12.109
0
 3 16 -4.175 4 -12.169 -4.175 4.05 -12.169 -4.375 4 -12.129
 3 16 4.175 4 -12.169 4.175 4.05 -12.169 4.375 4 -12.129
 4 16 -4.375 4.75 -12.129 -4.575 4.7 -12.09 -4.575 6 -12.09 -4.375 6 -12.129
 4 16 4.375 4.75 -12.129 4.575 4.7 -12.09 4.575 6 -12.09 4.375 6 -12.129
0
 3 0 -4.9 4 -12.025 -4.442 4.233 -12.116 -4.975 4.1 -12.01
 3 0 4.9 4 -12.025 4.442 4.233 -12.116 4.975 4.1 -12.01
 3 0 -4.442 4.233 -12.116 -4.508 4.467 -12.103 -4.975 4.1 -12.01
 3 0 4.442 4.233 -12.116 4.508 4.467 -12.103 4.975 4.1 -12.01
 3 0 -4.508 4.467 -12.103 -4.975 4.1 -12.01 -4.975 4.2 -12.01
 3 0 4.508 4.467 -12.103 4.975 4.1 -12.01 4.975 4.2 -12.01
 2 0 -4.375 4.375 -12.129 -4.975 4.1 -12.01
 2 0 4.375 4.375 -12.129 4.975 4.1 -12.01
0
 3 16 -4.375 4 -12.129 -4.442 4.233 -12.116 -4.9 4 -12.025
 3 16 4.375 4 -12.129 4.442 4.233 -12.116 4.9 4 -12.025
 3 16 -4.9 4 -12.025 -4.975 4 -12.01 -4.975 4.1 -12.01
 3 16 4.9 4 -12.025 4.975 4 -12.01 4.975 4.1 -12.01
 3 16 -4.508 4.467 -12.103 -4.575 4.7 -12.09 -4.975 4.2 -12.01
 3 16 4.508 4.467 -12.103 4.575 4.7 -12.09 4.975 4.2 -12.01
 4 16 -4.575 4.7 -12.09 -4.575 6 -12.09 -4.975 6 -12.01 -4.975 4.2 -12.01
 4 16 4.575 4.7 -12.09 4.575 6 -12.09 4.975 6 -12.01 4.975 4.2 -12.01
0
0 eyes & eyebrows
0
 3 16 -3.975 8.75 -12.209 -2.975 9 -12.408 -3.975 9 -12.209
 3 16 3.975 8.75 -12.209 2.975 9 -12.408 3.975 9 -12.209
 4 16 -3.975 8.75 -12.209 -4.975 8.75 -12.01 -4.975 9 -12.01 -3.975 9 -12.209
 4 16 3.975 8.75 -12.209 4.975 8.75 -12.01 4.975 9 -12.01 3.975 9 -12.209
 3 16 -2.975 9 -12.408 -2.25 10 -12.553 -2.975 11 -12.408
 3 16 2.975 9 -12.408 2.25 10 -12.553 2.975 11 -12.408
 3 16 -2.975 11 -12.408 -3.975 11 -12.209 -3.975 11.25 -12.209
 3 16 2.975 11 -12.408 3.975 11 -12.209 3.975 11.25 -12.209
 4 16 -3.975 11 -12.209 -4.975 11 -12.01 -4.975 11.25 -12.01 -3.975 11.25 -12.209
 4 16 3.975 11 -12.209 4.975 11 -12.01 4.975 11.25 -12.01 3.975 11.25 -12.209
0
 3 16 -4.975 8.75 -12.01 -4.975 9 -12.01 -5.975 9 -11.342
 3 16 4.975 8.75 -12.01 4.975 9 -12.01 5.975 9 -11.342
 3 16 -5.975 9 -11.342 -6.75 10 -10.824 -5.975 11 -11.342
 3 16 5.975 9 -11.342 6.75 10 -10.824 5.975 11 -11.342
 3 16 -4.975 11 -12.01 -5.975 11 -11.342 -4.975 11.25 -12.01
 3 16 4.975 11 -12.01 5.975 11 -11.342 4.975 11.25 -12.01
0
 3 4 -2.85 8.8 -12.433 -2 10 -12.602 -2.25 10 -12.553
 3 4 2.85 8.8 -12.433 2 10 -12.602 2.25 10 -12.553
 3 4 -2.85 8.8 -12.433 -2.975 9 -12.408 -2.25 10 -12.553
 3 4 2.85 8.8 -12.433 2.975 9 -12.408 2.25 10 -12.553
 2 4 -2.125 10 -12.577 -2.912 8.9 -12.421
 2 4 2.125 10 -12.577 2.912 8.9 -12.421
 3 4 -2 10 -12.602 -2.25 10 -12.553 -2.85 11.2 -12.433
 3 4 2 10 -12.602 2.25 10 -12.553 2.85 11.2 -12.433
 3 4 -2.25 10 -12.553 -2.975 11 -12.408 -2.85 11.2 -12.433
 3 4 2.25 10 -12.553 2.975 11 -12.408 2.85 11.2 -12.433
 2 4 -2.125 10 -12.577 -2.912 11.1 -12.421
 2 4 2.125 10 -12.577 2.912 11.1 -12.421
 3 4 -3.975 8.5 -12.209 -2.85 8.8 -12.433 -2.975 9 -12.408
 3 4 3.975 8.5 -12.209 2.85 8.8 -12.433 2.975 9 -12.408
 3 4 -3.975 8.5 -12.209 -3.975 8.75 -12.209 -2.975 9 -12.408
 3 4 3.975 8.5 -12.209 3.975 8.75 -12.209 2.975 9 -12.408
 2 4 -2.912 8.9 -12.421 -3.975 8.625 -12.209
 2 4 2.912 8.9 -12.421 3.975 8.625 -12.209
 3 4 -2.975 11 -12.408 -2.85 11.2 -12.433 -3.975 11.5 -12.209
 3 4 2.975 11 -12.408 2.85 11.2 -12.433 3.975 11.5 -12.209
 3 4 -2.975 11 -12.408 -3.975 11.25 -12.209 -3.975 11.5 -12.209
 3 4 2.975 11 -12.408 3.975 11.25 -12.209 3.975 11.5 -12.209
 2 4 -2.912 11.1 -12.421 -3.975 11.375 -12.209
 2 4 2.912 11.1 -12.421 3.975 11.375 -12.209
 4 4 -3.975 8.5 -12.209 -4.975 8.5 -12.01 -4.975 8.75 -12.01 -3.975 8.75 -12.209
 4 4 3.975 8.5 -12.209 4.975 8.5 -12.01 4.975 8.75 -12.01 3.975 8.75 -12.209
 2 4 -3.975 8.625 -12.209 -4.975 8.625 -12.01
 2 4 3.975 8.625 -12.209 4.975 8.625 -12.01
 4 4 -3.975 11.25 -12.209 -4.975 11.25 -12.01 -4.975 11.5 -12.01 -3.975 11.5 -12.209
 4 4 3.975 11.25 -12.209 4.975 11.25 -12.01 4.975 11.5 -12.01 3.975 11.5 -12.209
 2 4 -3.975 11.375 -12.209 -4.975 11.375 -12.01
 2 4 3.975 11.375 -12.209 4.975 11.375 -12.01
0
 3 4 -4.975 8.5 -12.01 -4.975 8.75 -12.01 -6.1 8.8 -11.258
 3 4 4.975 8.5 -12.01 4.975 8.75 -12.01 6.1 8.8 -11.258
 3 4 -4.975 8.75 -12.01 -6.1 8.8 -11.258 -5.975 9 -11.342
 3 4 4.975 8.75 -12.01 6.1 8.8 -11.258 5.975 9 -11.342
 2 4 -4.975 8.625 -12.01 -6.038 8.9 -11.3
 2 4 4.975 8.625 -12.01 6.038 8.9 -11.3
 3 4 -6.1 11.2 -11.258 -4.975 11.25 -12.01 -4.975 11.5 -12.01
 3 4 6.1 11.2 -11.258 4.975 11.25 -12.01 4.975 11.5 -12.01
 3 4 -6.1 11.2 -11.258 -5.975 11 -11.342 -4.975 11.25 -12.01
 3 4 6.1 11.2 -11.258 5.975 11 -11.342 4.975 11.25 -12.01
 2 4 -4.975 11.375 -12.01 -6.038 11.1 -11.3
 2 4 4.975 11.375 -12.01 6.038 11.1 -11.3
 3 4 -6.1 8.8 -11.258 -5.975 9 -11.342 -7 10 -10.657
 3 4 6.1 8.8 -11.258 5.975 9 -11.342 7 10 -10.657
 3 4 -5.975 9 -11.342 -6.75 10 -10.824 -7 10 -10.657
 3 4 5.975 9 -11.342 6.75 10 -10.824 7 10 -10.657
 2 4 -6.038 8.9 -11.3 -6.875 10 -10.74
 2 4 6.038 8.9 -11.3 6.875 10 -10.74
 3 4 -7 10 -10.657 -5.975 11 -11.342 -6.1 11.2 -11.258
 3 4 7 10 -10.657 5.975 11 -11.342 6.1 11.2 -11.258
 3 4 -6.75 10 -10.824 -7 10 -10.657 -5.975 11 -11.342
 3 4 6.75 10 -10.824 7 10 -10.657 5.975 11 -11.342
 2 4 -6.038 11.1 -11.3 -6.875 10 -10.74
 2 4 6.038 11.1 -11.3 6.875 10 -10.74
0
 3 16 0 8.5 -13 -2 10 -12.602 0 11.5 -13
 3 16 0 8.5 -13 2 10 -12.602 0 11.5 -13
 3 16 0 8.5 -13 -2.85 8.8 -12.433 -2 10 -12.602
 3 16 0 8.5 -13 2.85 8.8 -12.433 2 10 -12.602
 3 16 -3.975 8.5 -12.209 -2.85 8.8 -12.433 0 8.5 -13
 3 16 3.975 8.5 -12.209 2.85 8.8 -12.433 0 8.5 -13
 3 16 -2 10 -12.602 -2.85 11.2 -12.433 0 11.5 -13
 3 16 2 10 -12.602 2.85 11.2 -12.433 0 11.5 -13
 3 16 0 11.5 -13 -2.85 11.2 -12.433 -3.975 11.5 -12.209
 3 16 0 11.5 -13 2.85 11.2 -12.433 3.975 11.5 -12.209
0
 3 16 -4.975 8.5 -12.01 -6.1 8.8 -11.258 -9.192 8.5 -9.192
 3 16 4.975 8.5 -12.01 6.1 8.8 -11.258 9.192 8.5 -9.192
 3 16 -4.975 11.5 -12.01 -6.1 11.2 -11.258 -9.192 11.5 -9.192
 3 16 4.975 11.5 -12.01 6.1 11.2 -11.258 9.192 11.5 -9.192
 3 16 -6.1 8.8 -11.258 -7 10 -10.657 -9.192 8.5 -9.192
 3 16 6.1 8.8 -11.258 7 10 -10.657 9.192 8.5 -9.192
 3 16 -6.1 11.2 -11.258 -7 10 -10.657 -9.192 11.5 -9.192
 3 16 6.1 11.2 -11.258 7 10 -10.657 9.192 11.5 -9.192
 3 16 -7 10 -10.657 -9.192 8.5 -9.192 -9.192 11.5 -9.192
 3 16 7 10 -10.657 9.192 8.5 -9.192 9.192 11.5 -9.192
0
 3 0 -2 8.25 -12.602 -2 8.5 -12.602 -2.25 8.5 -12.553
 3 0 2 8.25 -12.602 2 8.5 -12.602 2.25 8.5 -12.553
0
 4 16 0 6 -13 0 8.5 -13 -2 8.5 -12.602 -2 6 -12.602
 4 16 0 6 -13 0 8.5 -13 2 8.5 -12.602 2 6 -12.602
0
 4 16 -4.975 4 -12.01 -4.975 6 -12.01 -9.192 6 -9.192 -9.192 4 -9.192
 4 16 4.975 4 -12.01 4.975 6 -12.01 9.192 6 -9.192 9.192 4 -9.192
 4 16 -7 6 -10.657 -7 8.5 -10.657 -9.192 8.5 -9.192 -9.192 6 -9.192
 4 16 7 6 -10.657 7 8.5 -10.657 9.192 8.5 -9.192 9.192 6 -9.192
0
0 (right)
0
 1 0 -3.975 10 -12.209 1 0 0 0 0 1 -.199 1 0 4-4disc.dat
 1 16 -3.975 10 -12.209 1 0 0 0 0 1 -.199 1 0 4-4ndis.dat
0
 4 16 -4.975 9 -12.01 -5.975 9 -11.342 -5.975 11 -11.342 -4.975 11 -12.01
0
 3 0 -2 8.25 -12.602 -2.25 8.5 -12.553 -4.975 7 -12.01
 3 0 -2.25 8.5 -12.553 -4.975 7 -12.01 -4.975 7.375 -12.01
 2 0 -2 8.5 -12.602 -4.975 7.188 -12.01
0
 3 0 -4.975 7 -12.01 -4.975 7.375 -12.01 -7 8.25 -10.657
 3 0 -4.975 7.375 -12.01 -7 8.25 -10.657 -6.75 8.5 -10.824
 3 0 -7 8.25 -10.657 -6.75 8.5 -10.824 -7 8.5 -10.657
 2 0 -4.975 7.188 -12.01 -7 8.5 -10.657
0
 4 16 -2 6 -12.602 -2 8.25 -12.602 -4.975 7 -12.01 -4.975 6 -12.01
 3 16 -2.25 8.5 -12.553 -4.975 7.375 -12.01 -4.975 8.5 -12.01
0
 4 16 -4.975 6 -12.01 -4.975 7 -12.01 -7 8.25 -10.657 -7 6 -10.657
 3 16 -4.975 7.375 -12.01 -4.975 8.5 -12.01 -6.75 8.5 -10.824
0
0 (left)
0
 4 16 2.975 9 -12.408 3.975 9 -12.209 3.975 11 -12.209 2.975 11 -12.408
0
 1 0 4.975 10 -12.01 0 0 -1 1 0 0 0 1 -.199 2-4disc.dat
 1 16 4.975 10 -12.01 0 0 -1 1 0 0 0 1 -.199 2-4ndis.dat
0
 1 0 4.975 10 -12.01 0 0 1 1 0 0 0 1 0.668 2-4disc.dat
 1 16 4.975 10 -12.01 0 0 1 1 0 0 0 1 0.668 2-4ndis.dat
0
 3 0 2 8.25 -12.602 2.25 8.5 -12.553 4.975 6 -12.01
 3 0 2.25 8.5 -12.553 4.975 6 -12.01 4.975 6.375 -12.01
 2 0 2 8.5 -12.602 4.975 6.188 -12.01
0
 3 0 4.975 6 -12.01 4.975 6.375 -12.01 7 7.25 -10.657
 3 0 4.975 6.375 -12.01 7 7.25 -10.657 6.75 7.5 -10.824
 3 0 7 7.25 -10.657 6.75 7.5 -10.824 7 7.5 -10.657
 2 0 4.975 6.188 -12.01 7 7.5 -10.657
0
 3 16 2 6 -12.602 2 8.25 -12.602 4.975 6 -12.01
 3 16 2.25 8.5 -12.553 4.975 6.375 -12.01 4.975 8.5 -12.01
0
 3 16 4.975 6 -12.01 7 6 -10.657 7 7.25 -10.657
 3 16 4.975 6.375 -12.01 4.975 7.5 -12.01 6.75 7.5 -10.824
 4 16 4.975 7.5 -12.01 4.975 8.5 -12.01 7 8.5 -10.657 7 7.5 -10.657
0
0 nostrils
0
 4 16 0 11.5 -13 0 12.5 -13 -4.975 12.5 -12.01 -4.975 11.5 -12.01
 4 16 0 11.5 -13 0 12.5 -13 4.975 12.5 -12.01 4.975 11.5 -12.01
 4 16 0 12.5 -13 0 13.5 -13 -.75 13.5 -12.851 -.75 12.5 -12.851
 4 16 0 12.5 -13 0 13.5 -13 0.75 13.5 -12.851 0.75 12.5 -12.851
 4 0 -.75 12.5 -12.851 -.75 13.5 -12.851 -1 13.5 -12.801 -1 12.5 -12.801
 4 0 0.75 12.5 -12.851 0.75 13.5 -12.851 1 13.5 -12.801 1 12.5 -12.801
 2 0 -.875 12.5 -12.826 -.875 13.5 -12.826
 2 0 0.875 12.5 -12.826 0.875 13.5 -12.826
 4 16 -1 12.5 -12.801 -1 13.5 -12.801 -4.975 13.5 -12.01 -4.975 12.5 -12.01
 4 16 1 12.5 -12.801 1 13.5 -12.801 4.975 13.5 -12.01 4.975 12.5 -12.01
 4 16 0 13.5 -13 0 14.125 -13 -4.975 14.125 -12.01 -4.975 13.5 -12.01
 4 16 0 13.5 -13 0 14.125 -13 4.975 14.125 -12.01 4.975 13.5 -12.01
0
0 mouth
0
 4 0 0 15.25 -13 0 15.75 -13 -.625 15.75 -12.876 -.625 15.25 -12.876
 4 0 0 15.25 -13 0 15.75 -13 0.625 15.75 -12.876 0.625 15.25 -12.876
 2 0 0 15.5 -13 -.75 15.5 -12.851
 2 0 0 15.5 -13 0.75 15.5 -12.851
 4 0 -.625 14.75 -12.876 -.625 16.25 -12.876 -.875 16.25 -12.826 -.875 14.75 -12.826
 4 0 0.625 14.75 -12.876 0.625 16.25 -12.876 0.875 16.25 -12.826 0.875 14.75 -12.826
 2 0 -.75 14.75 -12.851 -.75 16.25 -12.851
 2 0 0.75 14.75 -12.851 0.75 16.25 -12.851
 3 0 -.875 15.25 -12.826 -.875 15.75 -12.826 -2.042 15.146 -12.594
 3 0 0.875 15.25 -12.826 0.875 15.75 -12.826 2.042 15.146 -12.594
 3 0 -.875 15.75 -12.826 -2.042 15.146 -12.594 -2.208 15.667 -12.561
 3 0 0.875 15.75 -12.826 2.042 15.146 -12.594 2.208 15.667 -12.561
 2 0 -.75 15.5 -12.851 -2.25 15.375 -12.552
 2 0 0.75 15.5 -12.851 2.25 15.375 -12.552
 3 0 -1.875 14.625 -12.627 -2.125 14.562 -12.577 -2.375 16.188 -12.527
 3 0 1.875 14.625 -12.627 2.125 14.562 -12.577 2.375 16.188 -12.527
 3 0 -2.125 14.562 -12.577 -2.375 16.188 -12.527 -2.625 16.125 -12.478
 3 0 2.125 14.562 -12.577 2.375 16.188 -12.527 2.625 16.125 -12.478
 2 0 -2 14.594 -12.602 -2.5 16.156 -12.503
 2 0 2 14.594 -12.602 2.5 16.156 -12.503
 3 0 -2.291 15.083 -12.544 -2.459 15.604 -12.511 -3.542 14.717 -12.295
 3 0 2.291 15.083 -12.544 2.459 15.604 -12.511 3.542 14.717 -12.295
 3 0 -2.459 15.604 -12.511 -3.542 14.717 -12.295 -3.708 15.133 -12.262
 3 0 2.459 15.604 -12.511 3.542 14.717 -12.295 3.708 15.133 -12.262
 2 0 -2.25 15.375 -12.552 -3.75 14.875 -12.254
 2 0 2.25 15.375 -12.552 3.75 14.875 -12.254
 3 0 -3.375 14.3 -12.328 -3.625 14.2 -12.279 -3.875 15.55 -12.229
 3 0 3.375 14.3 -12.328 3.625 14.2 -12.279 3.875 15.55 -12.229
 3 0 -3.625 14.2 -12.279 -3.875 15.55 -12.229 -4.125 15.45 -12.179
 3 0 3.625 14.2 -12.279 3.875 15.55 -12.229 4.125 15.45 -12.179
 2 0 -3.5 14.25 -12.304 -4 15.5 -12.204
 2 0 3.5 14.25 -12.304 4 15.5 -12.204
 3 0 -3.792 14.617 -12.245 -3.958 15.033 -12.212 -4.75 14.125 -12.055
 3 0 3.792 14.617 -12.245 3.958 15.033 -12.212 4.75 14.125 -12.055
 3 0 -3.958 15.033 -12.212 -4.75 14.125 -12.055 -4.975 14.5 -12.01
 3 0 3.958 15.033 -12.212 4.75 14.125 -12.055 4.975 14.5 -12.01
 3 0 -4.75 14.125 -12.055 -4.975 14.25 -12.01 -4.975 14.5 -12.01
 3 0 4.75 14.125 -12.055 4.975 14.25 -12.01 4.975 14.5 -12.01
 2 0 -3.75 14.875 -12.254 -4.975 14.25 -12.01
 2 0 3.75 14.875 -12.254 4.975 14.25 -12.01
0
 4 16 0 14.75 -13 0 15.25 -13 -.625 15.25 -12.876 -.625 14.75 -12.876
 4 16 0 14.75 -13 0 15.25 -13 0.625 15.25 -12.876 0.625 14.75 -12.876
 4 16 0 15.75 -13 0 16.25 -13 -.625 16.25 -12.876 -.625 15.75 -12.876
 4 16 0 15.75 -13 0 16.25 -13 0.625 16.25 -12.876 0.625 15.75 -12.876
 4 16 0 14.125 -13 0 14.75 -13 -.875 14.75 -12.826 -.875 14.125 -12.826
 4 16 0 14.125 -13 0 14.75 -13 0.875 14.75 -12.826 0.875 14.125 -12.826
 3 16 -.875 15.25 -12.826 -1.875 14.625 -12.627 -2.042 15.146 -12.594
 3 16 0.875 15.25 -12.826 1.875 14.625 -12.627 2.042 15.146 -12.594
 4 16 -.875 14.125 -12.826 -.875 15.25 -12.826 -1.875 14.625 -12.627 -1.875 14.125 -12.627
 4 16 0.875 14.125 -12.826 0.875 15.25 -12.826 1.875 14.625 -12.627 1.875 14.125 -12.627
 4 16 -1.875 14.125 -12.627 -1.875 14.625 -12.627 -2.125 14.562 -12.577 -2.125 14.125 -12.577
 4 16 1.875 14.125 -12.627 1.875 14.625 -12.627 2.125 14.562 -12.577 2.125 14.125 -12.577
 4 16 -.875 15.75 -12.826 -.875 16.25 -12.826 -2.208 16.25 -12.561 -2.208 15.667 -12.561
 4 16 0.875 15.75 -12.826 0.875 16.25 -12.826 2.208 16.25 -12.561 2.208 15.667 -12.561
 4 16 -2.208 15.667 -12.561 -2.208 16.25 -12.561 -2.375 16.25 -12.527 -2.375 16.188 -12.527
 4 16 2.208 15.667 -12.561 2.208 16.25 -12.561 2.375 16.25 -12.527 2.375 16.188 -12.527
 4 16 -2.375 16.188 -12.527 -2.375 16.25 -12.527 -2.625 16.25 -12.478 -2.625 16.125 -12.478
 4 16 2.375 16.188 -12.527 2.375 16.25 -12.527 2.625 16.25 -12.478 2.625 16.125 -12.478
 3 16 -2.291 15.083 -12.544 -3.375 14.3 -12.328 -3.542 14.717 -12.295
 3 16 2.291 15.083 -12.544 3.375 14.3 -12.328 3.542 14.717 -12.295
 3 16 -2.125 14.562 -12.577 -2.291 15.083 -12.544 -3.375 14.3 -12.328
 3 16 2.125 14.562 -12.577 2.291 15.083 -12.544 3.375 14.3 -12.328
 4 16 -2.125 14.125 -12.577 -2.125 14.562 -12.577 -3.375 14.3 -12.328 -3.375 14.125 -12.328
 4 16 2.125 14.125 -12.577 2.125 14.562 -12.577 3.375 14.3 -12.328 3.375 14.125 -12.328
 3 16 -2.459 15.604 -12.511 -2.625 16.125 -12.478 -3.708 15.133 -12.262
 3 16 2.459 15.604 -12.511 2.625 16.125 -12.478 3.708 15.133 -12.262
 3 16 -2.625 16.125 -12.478 -3.708 15.133 -12.262 -3.875 15.55 -12.229
 3 16 2.625 16.125 -12.478 3.708 15.133 -12.262 3.875 15.55 -12.229
 4 16 -2.625 16.125 -12.478 -2.625 16.25 -12.478 -3.875 16.25 -12.229 -3.875 15.55 -12.229
 4 16 2.625 16.125 -12.478 2.625 16.25 -12.478 3.875 16.25 -12.229 3.875 15.55 -12.229
 4 16 -3.375 14.125 -12.328 -3.375 14.3 -12.328 -3.625 14.2 -12.279 -3.625 14.125 -12.279
 4 16 3.375 14.125 -12.328 3.375 14.3 -12.328 3.625 14.2 -12.279 3.625 14.125 -12.279
 4 16 -3.875 15.55 -12.229 -3.875 16.25 -12.229 -4.125 16.25 -12.179 -4.125 15.45 -12.179
 4 16 3.875 15.55 -12.229 3.875 16.25 -12.229 4.125 16.25 -12.179 4.125 15.45 -12.179
 3 16 -3.625 14.2 -12.279 -3.792 14.617 -12.245 -4.75 14.125 -12.055
 3 16 3.625 14.2 -12.279 3.792 14.617 -12.245 4.75 14.125 -12.055
 3 16 -3.625 14.125 -12.279 -3.625 14.2 -12.279 -4.75 14.125 -12.055
 3 16 3.625 14.125 -12.279 3.625 14.2 -12.279 4.75 14.125 -12.055
 3 16 -3.958 15.033 -12.212 -4.125 15.45 -12.179 -4.975 14.5 -12.01
 3 16 3.958 15.033 -12.212 4.125 15.45 -12.179 4.975 14.5 -12.01
 4 16 -4.125 15.45 -12.179 -4.125 16.25 -12.179 -4.975 16.25 -12.01 -4.975 14.5 -12.01
 4 16 4.125 15.45 -12.179 4.125 16.25 -12.179 4.975 16.25 -12.01 4.975 14.5 -12.01
 3 16 -4.75 14.125 -12.055 -4.975 14.125 -12.01 -4.975 14.25 -12.01
 3 16 4.75 14.125 -12.055 4.975 14.125 -12.01 4.975 14.25 -12.01
0
0 remainder of file
0
 4 16 0 16.25 -13 0 17 -13 -4.975 17 -12.01 -4.975 16.25 -12.01
 4 16 0 16.25 -13 0 17 -13 4.975 17 -12.01 4.975 16.25 -12.01
 4 16 -4.975 11.5 -12.01 -4.975 17 -12.01 -9.192 17 -9.192 -9.192 11.5 -9.192
 4 16 4.975 11.5 -12.01 4.975 17 -12.01 9.192 17 -9.192 9.192 11.5 -9.192
0
 5 24 0 4 -13 0 17 -13 -4.975 4 -12.01 4.975 4 -12.01
 5 24 -4.975 4 -12.01 -4.975 17 -12.01 0 4 -13 -9.192 4 -9.192
 5 24 4.975 4 -12.01 4.975 17 -12.01 0 4 -13 9.192 4 -9.192
0

 1 16 0 4 0 13 0 0 0 13 0 0 0 -13 1-8cyli.dat
 1 16 0 4 0 -13 0 0 0 13 0 0 0 -13 1-8cyli.dat

 1 16 0 4 0 0 0 -8 0 -6.4 0 -8 0 0 t04o6250.dat
 1 16 0 4 0 8 0 0 0 -6.4 0 0 0 -8 t04o6250.dat
 1 16 0 17 0 0 0 8 0 6.4 0 -8 0 0 t04o6250.dat
 1 16 0 17 0 -8 0 0 0 6.4 0 0 0 -8 t04o6250.dat
0
