0 Baseplate 32 x 32 with Beach Pattern
0 Name: 3811p03.dat
0 Author: Alex Taylor [anathema]
0 !LDRAW_ORG Part UPDATE 2009-01
0 !LICENSE Redistributable under CCAL version 2.0 : see CAreadme.txt

0 BFC CERTIFY CW

0 !HISTORY 2009-05-02 [PTadmin] Official Update 2009-01

1 16 0 0 0 1 0 0 0 1 0 0 0 1 s\3811s01.dat
4 16 -320 0 316 -252 0 316 -252 0 -19 -320 0 -50
4 18 -320 0 -50 -252 0 -19 -247 0 -188 -321 0 -210
4 9 -321 0 -210 -247 0 -188 -234 0 -225 -320 0 -252
4 283 -320 0 -252 -234 0 -225 -260 0 -268 -320 0 -290
4 1 -320 0 -290 -260 0 -268 -260 0 -316 -320 0 -316
4 16 -252 0 316 -231 0 316 -231 0 -16 -252 0 -19
4 18 -252 0 -19 -231 0 -16 -218 0 -177 -247 0 -188
4 9 -247 0 -188 -218 0 -177 -198 0 -215 -234 0 -225
4 283 -234 0 -225 -198 0 -215 -197 0 -260 -260 0 -268
4 1 -260 0 -268 -197 0 -260 -197 0 -316 -260 0 -316
4 16 -231 0 316 -208 0 316 -208 0 -4 -231 0 -16
4 18 -231 0 -16 -208 0 -4 -134 0 -142 -218 0 -177
4 9 -218 0 -177 -134 0 -142 -135 0 -190 -198 0 -215
4 283 -198 0 -215 -135 0 -190 -131 0 -237 -197 0 -260
4 1 -197 0 -260 -131 0 -237 -131 0 -316 -197 0 -316
4 16 -208 0 316 -121 0 316 -121 0 -5 -208 0 -4
4 18 -208 0 -4 -121 0 -5 -82 0 -137 -134 0 -142
4 9 -134 0 -142 -82 0 -137 -64 0 -191 -135 0 -190
4 283 -135 0 -190 -64 0 -191 -36 0 -225 -131 0 -237
4 1 -131 0 -237 -36 0 -225 -36 0 -316 -131 0 -316
4 16 -121 0 316 -42 0 316 -42 0 -3 -121 0 -5
4 18 -121 0 -5 -42 0 -3 -33 0 -124 -82 0 -137
4 9 -82 0 -137 -33 0 -124 18 0 -160 -65 0 -191
4 283 -65 0 -191 18 0 -160 4 0 -213 -36 0 -225
4 1 -36 0 -225 4 0 -213 4 0 -316 -36 0 -316
4 16 -42 0 316 24 0 316 24 0 16 -42 0 -3
4 18 -42 0 -3 24 0 16 41 0 -114 -33 0 -124
4 9 -33 0 -124 41 0 -114 68 0 -155 17 0 -160
4 283 17 0 -160 68 0 -155 65 0 -203 4 0 -213
4 1 4 0 -213 65 0 -203 65 0 -316 4 0 -316
4 16 24 0 316 114 0 316 114 0 64 24 0 16
4 18 24 0 16 114 0 64 117 0 -89 40 0 -114
4 9 40 0 -114 117 0 -89 130 0 -137 68 0 -155
4 283 68 0 -155 130 0 -137 125 0 -190 65 0 -203
4 1 65 0 -203 125 0 -190 125 0 -316 65 0 -316
4 16 114 0 316 196 0 316 196 0 93 114 0 64
4 18 114 0 64 196 0 93 168 0 -80 117 0 -89
4 9 117 0 -89 168 0 -80 200 0 -134 130 0 -137
4 283 130 0 -137 200 0 -134 175 0 -198 125 0 -190
4 1 125 0 -190 175 0 -198 175 0 -316 125 0 -316
4 16 196 0 316 265 0 316 265 0 117 196 0 93
4 18 196 0 93 265 0 117 212 0 -64 168 0 -80
4 9 168 0 -80 212 0 -64 230 0 -126 200 0 -134
4 283 200 0 -134 230 0 -126 197 0 -197 174 0 -198
4 1 175 0 -198 197 0 -197 197 0 -316 175 0 -316
4 16 265 0 316 320 0 316 320 0 159 265 0 117
4 18 265 0 117 320 0 159 278 0 -64 212 0 -64
4 9 212 0 -64 278 0 -64 288 0 -129 230 0 -126
4 283 230 0 -126 288 0 -129 277 0 -187 197 0 -197
4 1 197 0 -197 277 0 -187 277 0 -316 197 0 -316
4 9 320 0 -133 288 0 -129 278 0 -64 320 0 -60
4 283 320 0 -190 277 0 -187 288 0 -129 320 0 -133
4 1 320 0 -316 277 0 -316 277 0 -187 320 0 -190
3 18 278 0 -64 320 0 159 320 0 -60
4 16 -316 0 320 316 0 320 316 0 316 -316 0 316
4 1 -316 0 -316 316 0 -316 316 0 -320 -316 0 -320
1 16 -316 0 316 -4 0 0 0 1 0 0 0 4 1-4disc.dat
1 16 316 0 316 0 0 4 0 1 0 4 0 0 1-4disc.dat
1 1 316 0 -316 4 0 0 0 1 0 0 0 -4 1-4disc.dat
1 1 -316 0 -316 0 0 -4 0 1 0 -4 0 0 1-4disc.dat
1 16 240 0 240 -1 0 0 0 1 0 0 0 -1 stug8.dat
1 16 80 0 240 -1 0 0 0 1 0 0 0 -1 stug8.dat
1 16 -80 0 240 -1 0 0 0 1 0 0 0 -1 stug8.dat
1 16 -240 0 240 -1 0 0 0 1 0 0 0 -1 stug8.dat
1 16 -240 0 80 -1 0 0 0 1 0 0 0 -1 stug8.dat
1 18 -220 0 -80 -1 0 0 0 1 0 0 0 -1 stug6.dat
1 18 -100 0 -60 -1 0 0 0 1 0 0 0 -1 stug6.dat
1 18 10 0 -50 -1 0 0 0 1 0 0 0 -1 stug5.dat
1 18 120 0 -20 -1 0 0 0 1 0 0 0 -1 stug6.dat
1 18 250 0 10 -1 0 0 0 1 0 0 0 -1 stug7.dat
1 16 -80 0 80 -1 0 0 0 1 0 0 0 -1 stug8.dat
1 16 50 0 110 -1 0 0 0 1 0 0 0 -1 stug5.dat
1 16 140 0 120 -1 0 0 0 1 0 0 0 -1 stug4.dat
1 16 210 0 130 -1 0 0 0 1 0 0 0 -1 stug3.dat
1 16 260 0 140 -1 0 0 0 1 0 0 0 -1 stug2.dat
1 16 20 0 40 -1 0 0 0 1 0 0 0 -1 stug2.dat
1 18 300 0 100 -1 0 0 0 1 0 0 0 -1 stug2.dat
1 18 260 0 100 -1 0 0 0 1 0 0 0 -1 stug2.dat
1 18 160 0 60 -1 0 0 0 1 0 0 0 -1 stug2.dat
1 18 -300 0 -60 -1 0 0 0 1 0 0 0 -1 stug2.dat
1 18 -300 0 -100 -1 0 0 0 1 0 0 0 -1 stug2.dat
1 18 -240 0 -160 -1 0 0 0 1 0 0 0 -1 stug2.dat
1 9 -300 0 -220 -1 0 0 0 1 0 0 0 -1 stug2.dat
1 283 -300 0 -260 -1 0 0 0 1 0 0 0 -1 stug2.dat
1 1 300 0 -300 -1 0 0 0 1 0 0 0 -1 stug2.dat
1 1 300 0 -260 -1 0 0 0 1 0 0 0 -1 stug2.dat
1 1 300 0 -220 -1 0 0 0 1 0 0 0 -1 stug2.dat
1 283 300 0 -160 -1 0 0 0 1 0 0 0 -1 stug2.dat
1 9 290 0 -90 -1 0 0 0 1 0 0 0 -1 stug3.dat
1 9 230 0 -90 -1 0 0 0 1 0 0 0 -1 stug3.dat
1 9 170 0 -110 -1 0 0 0 1 0 0 0 -1 stug3.dat
1 9 120 0 -120 -1 0 0 0 1 0 0 0 -1 stug2.dat
1 9 80 0 -120 -1 0 0 0 1 0 0 0 -1 stug2.dat
1 9 40 0 -140 -1 0 0 0 1 0 0 0 -1 stug2.dat
1 9 0 0 -140 -1 0 0 0 1 0 0 0 -1 stug2.dat
1 9 -40 0 -160 -1 0 0 0 1 0 0 0 -1 stug2.dat
1 9 -80 0 -160 -1 0 0 0 1 0 0 0 -1 stug2.dat
1 9 -120 0 -160 -1 0 0 0 1 0 0 0 -1 stug2.dat
1 9 -160 0 -180 -1 0 0 0 1 0 0 0 -1 stug2.dat
1 9 -200 0 -200 -1 0 0 0 1 0 0 0 -1 stug2.dat
1 9 -240 0 -200 -1 0 0 0 1 0 0 0 -1 stug2.dat
1 283 -220 0 -240 -1 0 0 0 1 0 0 0 -1 stug2.dat
1 283 -180 0 -240 -1 0 0 0 1 0 0 0 -1 stug2.dat
1 283 -140 0 -220 -1 0 0 0 1 0 0 0 -1 stug2.dat
1 283 -100 0 -220 -1 0 0 0 1 0 0 0 -1 stug2.dat
1 283 -60 0 -200 -1 0 0 0 1 0 0 0 -1 stug2.dat
1 283 -20 0 -200 -1 0 0 0 1 0 0 0 -1 stug2.dat
1 283 20 0 -180 -1 0 0 0 1 0 0 0 -1 stug2.dat
1 283 60 0 -180 -1 0 0 0 1 0 0 0 -1 stug2.dat
1 283 100 0 -160 -1 0 0 0 1 0 0 0 -1 stug2.dat
1 283 140 0 -160 -1 0 0 0 1 0 0 0 -1 stug2.dat
1 283 190 0 -170 -1 0 0 0 1 0 0 0 -1 stug3.dat
1 283 250 0 -150 -1 0 0 0 1 0 0 0 -1 stug3.dat
1 1 -300 0 -300 -1 0 0 0 1 0 0 0 -1 stug2.dat
1 1 -260 0 -300 -1 0 0 0 1 0 0 0 -1 stug2.dat
1 1 -210 0 -290 -1 0 0 0 1 0 0 0 -1 stug3.dat
1 1 -120 0 -280 -1 0 0 0 1 0 0 0 -1 stug4.dat
1 1 -10 0 -270 -1 0 0 0 1 0 0 0 -1 stug5.dat
1 1 100 0 -260 -1 0 0 0 1 0 0 0 -1 stug6.dat
1 1 220 0 -260 -1 0 0 0 1 0 0 0 -1 stug6.dat
1 18 -290 0 -170 -1 0 0 0 1 0 0 0 -1 stug3.dat
1 16 -300 0 -20 -1 0 0 0 1 0 0 0 -1 stug2.dat
1 16 -270 0 -10 -1 0 0 0 1 0 0 0 -1 stud.dat
1 16 -250 0 -10 -1 0 0 0 1 0 0 0 -1 stud.dat
1 16 -230 0 -10 -1 0 0 0 1 0 0 0 -1 stud.dat
1 16 50 0 50 -1 0 0 0 1 0 0 0 -1 stud.dat
1 16 70 0 50 -1 0 0 0 1 0 0 0 -1 stud.dat
1 16 110 0 70 -1 0 0 0 1 0 0 0 -1 stud.dat
1 16 290 0 150 -1 0 0 0 1 0 0 0 -1 stud.dat
1 18 310 0 150 -1 0 0 0 1 0 0 0 -1 stud.dat
1 283 310 0 -130 -1 0 0 0 1 0 0 0 -1 stud.dat
1 283 290 0 -130 -1 0 0 0 1 0 0 0 -1 stud.dat
1 1 310 0 -190 -1 0 0 0 1 0 0 0 -1 stud.dat
1 1 290 0 -190 -1 0 0 0 1 0 0 0 -1 stud.dat
1 1 270 0 -190 -1 0 0 0 1 0 0 0 -1 stud.dat
1 283 250 0 -190 -1 0 0 0 1 0 0 0 -1 stud.dat
1 283 230 0 -190 -1 0 0 0 1 0 0 0 -1 stud.dat
1 9 210 0 -130 -1 0 0 0 1 0 0 0 -1 stud.dat
1 18 190 0 -70 -1 0 0 0 1 0 0 0 -1 stud.dat
1 9 130 0 -90 -1 0 0 0 1 0 0 0 -1 stud.dat
1 18 110 0 -90 -1 0 0 0 1 0 0 0 -1 stud.dat
1 18 90 0 -90 -1 0 0 0 1 0 0 0 -1 stud.dat
1 18 70 0 -90 -1 0 0 0 1 0 0 0 -1 stud.dat
1 9 70 0 -150 -1 0 0 0 1 0 0 0 -1 stud.dat
1 283 90 0 -190 -1 0 0 0 1 0 0 0 -1 stud.dat
1 283 110 0 -190 -1 0 0 0 1 0 0 0 -1 stud.dat
1 283 130 0 -190 -1 0 0 0 1 0 0 0 -1 stud.dat
1 283 150 0 -190 -1 0 0 0 1 0 0 0 -1 stud.dat
1 1 30 0 -210 -1 0 0 0 1 0 0 0 -1 stud.dat
1 283 10 0 -210 -1 0 0 0 1 0 0 0 -1 stud.dat
1 9 -10 0 -170 -1 0 0 0 1 0 0 0 -1 stud.dat
1 18 50 0 -110 -1 0 0 0 1 0 0 0 -1 stud.dat
1 18 30 0 -110 -1 0 0 0 1 0 0 0 -1 stud.dat
1 18 10 0 -110 -1 0 0 0 1 0 0 0 -1 stud.dat
1 18 -10 0 -110 -1 0 0 0 1 0 0 0 -1 stud.dat
1 18 -30 0 -110 -1 0 0 0 1 0 0 0 -1 stud.dat
1 9 -30 0 -130 -1 0 0 0 1 0 0 0 -1 stud.dat
1 9 -50 0 -130 -1 0 0 0 1 0 0 0 -1 stud.dat
1 18 -70 0 -130 -1 0 0 0 1 0 0 0 -1 stud.dat
1 18 -90 0 -130 -1 0 0 0 1 0 0 0 -1 stud.dat
1 18 -110 0 -130 -1 0 0 0 1 0 0 0 -1 stud.dat
1 18 -130 0 -130 -1 0 0 0 1 0 0 0 -1 stud.dat
1 18 -150 0 -130 -1 0 0 0 1 0 0 0 -1 stud.dat
1 9 -150 0 -150 -1 0 0 0 1 0 0 0 -1 stud.dat
1 18 -170 0 -150 -1 0 0 0 1 0 0 0 -1 stud.dat
1 9 -130 0 -190 -1 0 0 0 1 0 0 0 -1 stud.dat
1 9 -110 0 -190 -1 0 0 0 1 0 0 0 -1 stud.dat
1 9 -90 0 -190 -1 0 0 0 1 0 0 0 -1 stud.dat
1 283 -70 0 -230 -1 0 0 0 1 0 0 0 -1 stud.dat
1 1 -70 0 -250 -1 0 0 0 1 0 0 0 -1 stud.dat
1 1 -70 0 -270 -1 0 0 0 1 0 0 0 -1 stud.dat
1 1 -70 0 -290 -1 0 0 0 1 0 0 0 -1 stud.dat
1 1 -70 0 -310 -1 0 0 0 1 0 0 0 -1 stud.dat
1 1 -170 0 -310 -1 0 0 0 1 0 0 0 -1 stud.dat
1 1 -170 0 -290 -1 0 0 0 1 0 0 0 -1 stud.dat
1 1 -170 0 -270 -1 0 0 0 1 0 0 0 -1 stud.dat
1 283 -170 0 -210 -1 0 0 0 1 0 0 0 -1 stud.dat
1 9 -190 0 -170 -1 0 0 0 1 0 0 0 -1 stud.dat
1 18 -210 0 -170 -1 0 0 0 1 0 0 0 -1 stud.dat
1 9 -270 0 -210 -1 0 0 0 1 0 0 0 -1 stud.dat
1 9 -270 0 -230 -1 0 0 0 1 0 0 0 -1 stud.dat
1 9 -250 0 -230 -1 0 0 0 1 0 0 0 -1 stud.dat
1 283 -250 0 -250 -1 0 0 0 1 0 0 0 -1 stud.dat
1 283 -270 0 -250 -1 0 0 0 1 0 0 0 -1 stud.dat
1 1 -250 0 -270 -1 0 0 0 1 0 0 0 -1 stud.dat
1 283 -270 0 -270 -1 0 0 0 1 0 0 0 -1 stud.dat
1 18 310 0 130 -1 0 0 0 1 0 0 0 -1 stud.dat
1 18 290 0 130 -1 0 0 0 1 0 0 0 -1 stud.dat
1 18 230 0 90 -1 0 0 0 1 0 0 0 -1 stud.dat
1 18 210 0 90 -1 0 0 0 1 0 0 0 -1 stud.dat
1 16 190 0 90 -1 0 0 0 1 0 0 0 -1 stud.dat
1 16 130 0 70 -1 0 0 0 1 0 0 0 -1 stud.dat
1 18 130 0 50 -1 0 0 0 1 0 0 0 -1 stud.dat
1 18 110 0 50 -1 0 0 0 1 0 0 0 -1 stud.dat
1 16 90 0 50 -1 0 0 0 1 0 0 0 -1 stud.dat
1 16 50 0 30 -1 0 0 0 1 0 0 0 -1 stud.dat
1 18 50 0 10 -1 0 0 0 1 0 0 0 -1 stud.dat
1 18 30 0 10 -1 0 0 0 1 0 0 0 -1 stud.dat
1 18 10 0 10 -1 0 0 0 1 0 0 0 -1 stud.dat
1 18 -170 0 -10 -1 0 0 0 1 0 0 0 -1 stud.dat
1 18 -190 0 -10 -1 0 0 0 1 0 0 0 -1 stud.dat
1 18 -210 0 -10 -1 0 0 0 1 0 0 0 -1 stud.dat
1 18 -290 0 -130 -1 0 0 0 1 0 0 0 -1 stud.dat
1 18 -310 0 -130 -1 0 0 0 1 0 0 0 -1 stud.dat
1 18 -210 0 -150 -1 0 0 0 1 0 0 0 -1 stud.dat
1 18 -190 0 -150 -1 0 0 0 1 0 0 0 -1 stud.dat
0
