0 Minifig Castle Helmet with Neck Protector
0 Name: 3844.dat
0 Author: Chris Dee [cwdee]
0 !LDRAW_ORG Part UPDATE 2012-03
0 !LICENSE Redistributable under CCAL version 2.0 : see CAreadme.txt

0 !CATEGORY Minifig Headwear

0 !HISTORY 1998-12-15 [PTadmin] Official Update 1998-10
0 !HISTORY 2007-06-30 [PTadmin] Header formatted for Contributor Agreement
0 !HISTORY 2008-07-01 [PTadmin] Official Update 2008-01
0 !HISTORY 2012-12-24 [cwdee] Add category
0 !HISTORY 2012-12-28 [PTadmin] Official Update 2012-03

1 16 0 -14 0 1 0 0 0 1 0 0 0 1 4-4disc.dat
1 16 0 -14 0 1 0 0 0 1 0 0 0 1 4-4edge.dat
4 16 0.383 -14 0.924 0.707 -14 0.707 4.243 0 4.243 2.296 0 5.543
4 16 0.707 -14 0.707 0.924 -14 0.383 5.543 0 2.296 4.243 0 4.243
4 16 0.924 -14 0.383 1 -14 0 6 0 0 5.543 0 2.296
4 16 1 -14 0 0.924 -14 -0.383 5.543 0 -2.296 6 0 0
4 16 0.924 -14 -0.383 0.707 -14 -0.707 4.243 0 -4.243 5.543 0 -2.296
4 16 0.707 -14 -0.707 0.383 -14 -0.924 2.296 0 -5.543 4.243 0 -4.243
4 16 0.383 -14 -0.924 0 -14 -1 0 0 -6 2.296 0 -5.543
4 16 0 -14 -1 -0.383 -14 -0.924 -2.296 0 -5.543 0 0 -6
4 16 -0.383 -14 -0.924 -0.707 -14 -0.707 -4.243 0 -4.243 -2.296 0 -5.543
4 16 -0.707 -14 -0.707 -0.924 -14 -0.383 -5.543 0 -2.296 -4.243 0 -4.243
4 16 -0.924 -14 -0.383 -1 -14 -0 -6 0 -0 -5.543 0 -2.296
4 16 -1 -14 -0 -0.924 -14 0.383 -5.543 0 2.296 -6 0 -0
4 16 -0.924 -14 0.383 -0.707 -14 0.707 -4.243 0 4.243 -5.543 0 2.296
4 16 -0.707 -14 0.707 -0.383 -14 0.924 -2.296 0 5.543 -4.243 0 4.243
4 16 -0.383 -14 0.924 -0 -14 1 -0 0 6 -2.296 0 5.543
4 16 -0 -14 1 0.383 -14 0.924 2.296 0 5.543 -0 0 6
1 16 0 -4 0 6 0 0 0 1 0 0 0 6 4-4edge.dat
1 16 0 -4 0 6 0 0 0 4 0 0 0 6 4-4cyli.dat
1 16 0 0 0 6 0 0 0 1 0 0 0 6 4-4edge.dat
1 16 0 0 0 2 0 0 0 0 0 0 0 2 4-4ring3.dat
1 16 0 0 0 8 0 0 0 1 0 0 0 8 4-4edge.dat
1 16 0 -9 0 8 0 0 0 9 0 0 0 8 4-4cyli.dat
1 16 0 -9 0 8 0 0 0 1 0 0 0 8 4-4edge.dat
4 16 3.061 -9 7.391 5.657 -9 5.657 8.485 -3 8.485 4.592 -3 11.087
4 16 5.657 -9 5.657 7.391 -9 3.061 11.087 -3 4.592 8.485 -3 8.485
4 16 7.391 -9 3.061 8 -9 0 12 -3 0 11.087 -3 4.592
4 16 8 -9 0 7.391 -9 -3.061 11.087 -3 -4.592 12 -3 0
4 16 7.391 -9 -3.061 5.657 -9 -5.657 8.485 -3 -8.485 11.087 -3 -4.592
4 16 5.657 -9 -5.657 3.061 -9 -7.391 4.592 -3 -11.087 8.485 -3 -8.485
4 16 3.061 -9 -7.391 0 -9 -8 0 -3 -12 4.592 -3 -11.087
4 16 0 -9 -8 -3.061 -9 -7.391 -4.592 -3 -11.087 0 -3 -12
4 16 -3.061 -9 -7.391 -5.657 -9 -5.657 -8.485 -3 -8.485 -4.592 -3 -11.087
4 16 -5.657 -9 -5.657 -7.391 -9 -3.061 -11.087 -3 -4.592 -8.485 -3 -8.485
4 16 -7.391 -9 -3.061 -8 -9 -0 -12 -3 -0 -11.087 -3 -4.592
4 16 -8 -9 -0 -7.391 -9 3.061 -11.087 -3 4.592 -12 -3 -0
4 16 -7.391 -9 3.061 -5.657 -9 5.657 -8.485 -3 8.485 -11.087 -3 4.592
4 16 -5.657 -9 5.657 -3.062 -9 7.391 -4.592 -3 11.087 -8.485 -3 8.485
4 16 -3.062 -9 7.391 -0 -9 8 -0 -3 12 -4.592 -3 11.087
4 16 -0 -9 8 3.061 -9 7.391 4.592 -3 11.087 -0 -3 12
4 16 4.592 -3 11.087 8.485 -3 8.485 9.192 5 9.192 4.975 5 12.010
4 16 8.485 -3 8.485 11.087 -3 4.592 12.010 5 4.975 9.192 5 9.192
4 16 11.087 -3 4.592 12 -3 0 13 5 0 12.010 5 4.975
4 16 12 -3 0 11.087 -3 -4.592 12.010 5 -4.975 13 5 0
4 16 11.087 -3 -4.592 8.485 -3 -8.485 9.192 5 -9.192 12.010 5 -4.975
4 16 8.485 -3 -8.485 4.592 -3 -11.087 4.975 5 -12.010 9.192 5 -9.192
4 16 4.592 -3 -11.087 0 -3 -12 0 5 -13 4.975 5 -12.010
4 16 0 -3 -12 -4.592 -3 -11.087 -4.975 5 -12.010 0 5 -13
4 16 -4.592 -3 -11.087 -8.485 -3 -8.485 -9.192 5 -9.192 -4.975 5 -12.010
4 16 -8.485 -3 -8.485 -11.087 -3 -4.592 -12.010 5 -4.975 -9.192 5 -9.192
4 16 -11.087 -3 -4.592 -12 -3 -0 -13 5 -0 -12.010 5 -4.975
4 16 -12 -3 -0 -11.087 -3 4.592 -12.010 5 4.975 -13 5 -0
4 16 -11.087 -3 4.592 -8.485 -3 8.485 -9.192 5 9.192 -12.010 5 4.975
4 16 -8.485 -3 8.485 -4.592 -3 11.087 -4.975 5 12.010 -9.192 5 9.192
4 16 -4.592 -3 11.087 -0 -3 12 -0 5 13 -4.975 5 12.010
4 16 -0 -3 12 4.592 -3 11.087 4.975 5 12.010 -0 5 13
1 16 0 5 0 13 0 0 0 2 0 0 0 13 4-4cyli.dat
2 24 9.989 7 -8 9.192 7 -9.192
2 24 9.192 7 -9.192 4.975 7 -12.010
2 24 4.975 7 -12.010 0 7 -13
2 24 -4.975 7 -12.010 0 7 -13
2 24 -9.192 7 -9.192 -4.975 7 -12.010
2 24 -9.989 7 -8 -9.192 7 -9.192
4 16 0 7 13 4.975 7 12.010 5.740 15 13.858 -0 15 15
4 16 4.975 7 12.010 9.192 7 9.192 10.607 15 10.607 5.740 15 13.858
4 16 9.192 7 9.192 12.010 7 4.975 13.858 15 5.740 10.607 15 10.607
4 16 12.010 7 4.975 13 7 0 15 15 0 13.858 15 5.740
4 16 13 7 0 12.010 7 -4.975 13.858 15 -5.740 15 15 0
4 16 12.010 7 -4.975 9.989 7 -8 12.117 15 -8 13.858 15 -5.740
2 24 9.989 7 -8 12.117 15 -8 
2 24 -9.989 7 -8 -12.117 15 -8 
4 16 -12.010 7 -4.975 -9.989 7 -8 -12.117 15 -8 -13.858 15 -5.740
4 16 -12.010 7 -4.975 -13 7 -0 -15 15 0 -13.858 15 -5.740
4 16 -13 7 0 -12.010 7 4.975 -13.858 15 5.740 -15 15 -0
4 16 -12.010 7 4.975 -9.192 7 9.192 -10.607 15 10.607 -13.858 15 5.740
4 16 -9.192 7 9.192 -4.975 7 12.010 -5.740 15 13.858 -10.607 15 10.607
4 16 -4.975 7 12.010 0 7 13 0 15 15 -5.740 15 13.858
4 16 0 15 15 5.740 15 13.858 6.888 23 16.630 0 23 18
4 16 5.740 15 13.858 10.607 15 10.607 12.728 23 12.728 6.888 23 16.630
4 16 10.607 15 10.607 13.858 15 5.740 16.630 23 6.888 12.728 23 12.728
4 16 13.858 15 5.740 15 15 0 18 23 0 16.630 23 6.888
4 16 15 15 0 13.858 15 -5.740 16.630 23 -6.888 18 23 0
4 16 13.858 15 -5.740 12.117 15 -8 15.416 22 -8 16.630 23 -6.888
2 24 12.117 15 -8 15.416 22 -8
2 24 15.416 22 -8 16.630 23 -6.888
2 24 -15.416 22 -8 -16.630 23 -6.888
2 24 -12.117 15 -8 -15.416 22 -8
4 16 -13.858 15 -5.740 -12.117 15 -8 -15.416 22 -8 -16.630 23 -6.888
4 16 -15 15 0 -13.858 15 -5.740 -16.630 23 -6.888 -18 23 0
4 16 -13.858 15 5.740 -15 15 0 -18 23 0 -16.630 23 6.888
4 16 -10.607 15 10.607 -13.858 15 5.740 -16.630 23 6.888 -12.728 23 12.728
4 16 -5.740 15 13.858 -10.607 15 10.607 -12.728 23 12.728 -6.888 23 16.630
4 16 -0 15 15 -5.740 15 13.858 -6.888 23 16.630 0 23 18
2 24 6.888 23 16.630 0 23 18
2 24 12.728 23 12.728 6.888 23 16.630
2 24 16.630 23 6.888 12.728 23 12.728
2 24 18 23 0 16.630 23 6.888
2 24 16.630 23 -6.888 18 23 0
2 24 -16.630 23 -6.888 -18 23 0
2 24 -18 23 0 -16.630 23 6.888
2 24 -16.630 23 6.888 -12.728 23 12.728
2 24 -12.728 23 12.728 -6.888 23 16.630
2 24 -6.888 23 16.630 0 23 18
4 16 1 -17 1 1 -17 -1 -1 -17 -1 -1 -17 1
2 24 1 -17 1 1.023 -16 1.023
2 24 -1 -17 1 -1.023 -16 1.023
2 24 1 -17 -1 1.023 -16 -1.023
2 24 -1 -17 -1 -1.023 -16 -1.023

0 outer surface of ridge (-z)
4 16 1 -17 -1 1.114 -12 -8 -1.114 -12 -8 -1 -17 -1
4 16 1.114 -12 -8 1.318 -3 -14 -1.318 -3 -14 -1.114 -12 -8
4 16 1.318 -3 -14 1.5 5 -16 -1.5 5 -16 -1.318 -3 -14
4 16 1.5 5 -16 1.5 7 -16 -1.5 7 -16 -1.5 5 -16
2 24 1.5 7 -16 -1.5 7 -16
2 24 1 -17 -1 1.114 -12 -8
2 24 1.114 -12 -8 1.318 -3 -14
2 24 1.318 -3 -14 1.5 5 -16
2 24 -1 -17 -1 -1.114 -12 -8
2 24 -1.114 -12 -8 -1.318 -3 -14
2 24 -1.318 -3 -14 -1.5 5 -16
5 24 1 -17 -1 -1 -17 -1 1 -17 1 1.114 -12 -8 
5 24 1.114 -12 -8 -1.114 -12 -8 1 -17 -1 1.318 -3 -14
5 24 1.318 -3 -14 -1.318 -3 -14 1.114 -12 -8 1.5 5 -16
4 16 1 -17 -1 1.023 -16 -1.023 1.130 -11.293 -7.293 1.114 -12 -8
4 16 1.114 -12 -8 1.130 -11.293 -7.293 1.334 -2.293 -13.293 1.318 -3 -14
4 16 1.318 -3 -14 1.334 -2.293 -13.293 1.5 5 -15 1.5 5 -16
2 24 1.023 -16 -1.023 1.130 -11.293 -7.293 
2 24 1.130 -11.293 -7.293 1.334 -2.293 -13.293 
2 24 1.334 -2.293 -13.293 1.5 5 -15
2 24 1.5 5 -15 1.5 5 -16
4 16 -1 -17 -1 -1.023 -16 -1.023 -1.130 -11.293 -7.293 -1.114 -12 -8
4 16 -1.114 -12 -8 -1.130 -11.293 -7.293 -1.334 -2.293 -13.293 -1.318 -3 -14
4 16 -1.318 -3 -14 -1.334 -2.293 -13.293 -1.5 5 -15 -1.5 5 -16
2 24 -1.023 -16 -1.023 -1.130 -11.293 -7.293 
2 24 -1.130 -11.293 -7.293 -1.334 -2.293 -13.293 
2 24 -1.334 -2.293 -13.293 -1.5 5 -15
2 24 -1.5 5 -15 -1.5 5 -16
4 16 1 -17 1 1.114 -12 8 -1.114 -12 8 -1 -17 1
4 16 1.114 -12 8 1.318 -3 14 -1.318 -3 14 -1.114 -12 8
4 16 1.318 -3 14 1.5 5 16 -1.5 5 16 -1.318 -3 14
4 16 1.5 5 16 1.5 7 16 -1.5 7 16 -1.5 5 16
2 24 1.5 7 16 -1.5 7 16
2 24 1 -17 1 1.114 -12 8
2 24 1.114 -12 8 1.318 -3 14
2 24 1.318 -3 14 1.5 5 16
2 24 -1 -17 1 -1.114 -12 8
2 24 -1.114 -12 8 -1.318 -3 14
2 24 -1.318 -3 14 -1.5 5 16
5 24 1 -17 1 -1 -17 1 1 -17 -1 1.114 -12 8 
5 24 1.114 -12 8 -1.114 -12 8 1 -17 1 1.318 -3 14
5 24 1.318 -3 14 -1.318 -3 14 1.114 -12 8 1.5 5 16
4 16 1 -17 1 1.023 -16 1.023 1.130 -11.293 7.293 1.114 -12 8
4 16 1.114 -12 8 1.130 -11.293 7.293 1.334 -2.293 13.293 1.318 -3 14
4 16 1.318 -3 14 1.334 -2.293 13.293 1.5 5 15 1.5 5 16
2 24 1.023 -16 1.023 1.130 -11.293 7.293 
2 24 1.130 -11.293 7.293 1.334 -2.293 13.293 
2 24 1.334 -2.293 13.293 1.5 5 15
2 24 1.5 5 15 1.5 5 16
4 16 -1 -17 1 -1.023 -16 1.023 -1.130 -11.293 7.293 -1.114 -12 8
4 16 -1.114 -12 8 -1.130 -11.293 7.293 -1.334 -2.293 13.293 -1.318 -3 14
4 16 -1.318 -3 14 -1.334 -2.293 13.293 -1.5 5 15 -1.5 5 16
2 24 -1.023 -16 1.023 -1.130 -11.293 7.293 
2 24 -1.130 -11.293 7.293 -1.334 -2.293 13.293 
2 24 -1.334 -2.293 13.293 -1.5 5 15
2 24 -1.5 5 15 -1.5 5 16
4 16 -1 -17 1 -8 -12 1.114 -8 -12 -1.114 -1 -17 -1
4 16 -8 -12 1.114 -14 -3 1.318 -14 -3 -1.318 -8 -12 -1.114
4 16 -14 -3 1.318 -16 5 1.5 -16 5 -1.5 -14 -3 -1.318
4 16 -16 5 1.5 -16 7 1.5 -16 7 -1.5 -16 5 -1.5
2 24 -16 7 1.5 -16 7 -1.5
2 24 -1 -17 1 -8 -12 1.114
2 24 -8 -12 1.114 -14 -3 1.318
2 24 -14 -3 1.318 -16 5 1.5
2 24 -1 -17 -1 -8 -12 -1.114
2 24 -8 -12 -1.114 -14 -3 -1.318
2 24 -14 -3 -1.318 -16 5 -1.5
5 24 -1 -17 1 -1 -17 -1 1 -17 1 -8 -12 1.114
5 24 -8 -12 1.114 -8 -12 -1.114 -1 -17 1 -14 -3 1.318
5 24 -14 -3 1.318 -14 -3 -1.318 -8 -12 1.114 -16 5 1.5
4 16 -1 -17 1 -1.023 -16 1.023 -7.293 -11.293 1.13 -8 -12 1.114
4 16 -8 -12 1.114 -7.293 -11.293 1.13 -13.293 -2.293 1.334 -14 -3 1.318
4 16 -14 -3 1.318 -13.293 -2.293 1.334 -15 5 1.5 -16 5 1.5 
2 24 -1.023 -16 1.023 -7.293 -11.293 1.13
2 24 -7.293 -11.293 1.13 -13.293 -2.293 1.334
2 24 -13.293 -2.293 1.334 -15 5 1.5
2 24 -15 5 1.5 -16 5 1.5
4 16 -1 -17 -1 -1.023 -16 -1.023 -7.293 -11.293 -1.13 -8 -12 -1.114
4 16 -8 -12 -1.114 -7.293 -11.293 -1.13 -13.293 -2.293 -1.334 -14 -3 -1.318
4 16 -14 -3 -1.318 -13.293 -2.293 -1.334 -15 5 -1.5 -16 5 -1.5
2 24 -1.023 -16 -1.023 -7.293 -11.293 -1.13
2 24 -7.293 -11.293 -1.13 -13.293 -2.293 -1.334
2 24 -13.293 -2.293 -1.334 -15 5 -1.5
2 24 -15 5 -1.5 -16 5 -1.5
4 16 1 -17 1 8 -12 1.114 8 -12 -1.114 1 -17 -1
4 16 8 -12 1.114 14 -3 1.318 14 -3 -1.318 8 -12 -1.114
4 16 14 -3 1.318 16 5 1.5 16 5 -1.5 14 -3 -1.318
4 16 16 5 1.5 16 7 1.5 16 7 -1.5 16 5 -1.5
2 24 16 7 1.5 16 7 -1.5
2 24 1 -17 1 8 -12 1.114
2 24 8 -12 1.114 14 -3 1.318
2 24 14 -3 1.318 16 5 1.5
2 24 1 -17 -1 8 -12 -1.114
2 24 8 -12 -1.114 14 -3 -1.318
2 24 14 -3 -1.318 16 5 -1.5
5 24 1 -17 1 1 -17 -1 -1 -17 1 8 -12 1.114
5 24 8 -12 1.114 8 -12 -1.114 1 -17 1 14 -3 1.318
5 24 14 -3 1.318 14 -3 -1.318 8 -12 1.114 16 5 1.5
4 16 1 -17 1 1.023 -16 1.023 7.293 -11.293 1.13 8 -12 1.114
4 16 8 -12 1.114 7.293 -11.293 1.13 13.293 -2.293 1.334 14 -3 1.318
4 16 14 -3 1.318 13.293 -2.293 1.334 15 5 1.5 16 5 1.5
2 24 1.023 -16 1.023 7.293 -11.293 1.13
2 24 7.293 -11.293 1.13 13.293 -2.293 1.334
2 24 13.293 -2.293 1.334 15 5 1.5
2 24 15 5 1.5 16 5 1.5
4 16 1 -17 -1 1.023 -16 -1.023 7.293 -11.293 -1.13 8 -12 -1.114
4 16 8 -12 -1.114 7.293 -11.293 -1.13 13.293 -2.293 -1.334 14 -3 -1.318
4 16 14 -3 -1.318 13.293 -2.293 -1.334 15 5 -1.5 16 5 -1.5
2 24 1.023 -16 -1.023 7.293 -11.293 -1.13
2 24 7.293 -11.293 -1.13 13.293 -2.293 -1.334
2 24 13.293 -2.293 -1.334 15 5 -1.5
2 24 15 5 -1.5 16 5 -1.5
3 16 1.023 -16 1.023 7.293 -11.293 1.130 6.738 -11.293 2.791
3 16 1.023 -16 1.023 6.738 -11.293 2.791 5.157 -11.293 5.157
3 16 1.023 -16 1.023 5.157 -11.293 5.157 2.791 -11.293 6.738
3 16 1.023 -16 1.023 2.791 -11.293 6.738 1.130 -11.293 7.293
5 24 1.023 -16 1.023 6.738 -11.293 2.791 7.293 -11.293 1.130 5.157 -11.293 5.157
5 24 1.023 -16 1.023 5.157 -11.293 5.157 6.738 -11.293 2.791 2.791 -11.293 6.738
5 24 1.023 -16 1.023 2.791 -11.293 6.738 5.157 -11.293 5.157 1.130 -11.293 7.293
5 24 7.293 -11.293 1.130 6.738 -11.293 2.791 1.023 -16 1.023 12.281 -2.293 5.087
5 24 6.738 -11.293 2.791 5.157 -11.293 5.157 1.023 -16 1.023 9.400 -2.293 9.400
5 24 5.157 -11.293 5.157 2.791 -11.293 6.738 1.023 -16 1.023 5.087 -2.293 12.281
5 24 2.791 -11.293 6.738 1.130 -11.293 7.293 1.023 -16 1.023 1.334 -2.293 13.293
4 16 7.293 -11.293 1.130 6.738 -11.293 2.791 12.281 -2.293 5.087 13.293 -2.293 1.334
4 16 6.738 -11.293 2.791 5.157 -11.293 5.157 9.400 -2.293 9.400 12.281 -2.293 5.087
4 16 5.157 -11.293 5.157 2.791 -11.293 6.738 5.087 -2.293 12.281 9.400 -2.293 9.400
4 16 2.791 -11.293 6.738 1.130 -11.293 7.293 1.334 -2.293 13.293 5.087 -2.293 12.281
5 24 6.738 -11.293 2.791 12.281 -2.293 5.087 13.293 -2.293 1.334 9.400 -2.293 9.400
5 24 5.157 -11.293 5.157 9.400 -2.293 9.400 12.281 -2.293 5.087 5.087 -2.293 12.281
5 24 2.791 -11.293 6.738 5.087 -2.293 12.281 9.400 -2.293 9.400 1.334 -2.293 13.293
5 24 12.281 -2.293 5.087 13.293 -2.293 1.334 7.293 -11.293 1.130 15 5 1.500
5 24 9.400 -2.293 9.400 12.281 -2.293 5.087 6.738 -11.293 2.791 13.858 5 5.740 
5 24 5.087 -2.293 12.281 9.400 -2.293 9.400 5.157 -11.293 5.157 10.607 5 10.607
5 24 1.334 -2.293 13.293 5.087 -2.293 12.281 2.791 -11.293 6.738 5.740 5 13.858
4 16 12.281 -2.293 5.087 13.293 -2.293 1.334 15 5 1.500 13.858 5 5.740 
4 16 9.400 -2.293 9.400 12.281 -2.293 5.087 13.858 5 5.740 10.607 5 10.607
4 16 5.087 -2.293 12.281 9.400 -2.293 9.400 10.607 5 10.607 5.740 5 13.858
4 16 1.334 -2.293 13.293 5.087 -2.293 12.281 5.740 5 13.858 1.500 5 15
5 24 12.281 -2.293 5.087 13.858 5 5.740 15 5 1.500 10.607 5 10.607
5 24 9.400 -2.293 9.400 10.607 5 10.607 13.858 5 5.740 5.740 5 13.858
5 24 5.087 -2.293 12.281 5.740 5 13.858 10.607 5 10.607 1.500 5 15
4 16 15 5 1.500 13.858 5 5.740 14.782 5 6.123 16 5 1.500
4 16 13.858 5 5.740 10.607 5 10.607 11.314 5 11.314 14.782 5 6.123
4 16 10.607 5 10.607 5.740 5 13.858 6.123 5 14.782 11.314 5 11.314
4 16 5.740 5 13.858 1.500 5 15 1.500 5 16 6.123 5 14.782
4 16 14.782 5 6.123 16 5 1.500 16 7 1.500 14.782 7 6.123
4 16 11.314 5 11.314 14.782 5 6.123 14.782 7 6.123 11.314 7 11.314
4 16 6.123 5 14.782 11.314 5 11.314 11.314 7 11.314 6.123 7 14.782
4 16 1.500 5 16 6.123 5 14.782 6.123 7 14.782 1.500 7 16
5 24 16 5 1.500 16 7 1.500 16 7 -1.500 14.782 7 6.123
5 24 14.782 5 6.123 14.782 7 6.123 16 7 1.500 11.314 7 11.314
5 24 11.314 5 11.314 11.314 7 11.314 14.782 7 6.123 6.123 7 14.782
5 24 6.123 5 14.782 6.123 7 14.782 11.314 7 11.314 1.500 7 16
5 24 1.500 5 16 1.500 7 16 6.123 7 14.782 -1.500 7 16
2 24 15 5 1.500 13.858 5 5.740
2 24 13.858 5 5.740 10.607 5 10.607
2 24 10.607 5 10.607 5.740 5 13.858
2 24 5.740 5 13.858 1.500 5 15
2 24 14.782 5 6.123 16 5 1.500
2 24 11.314 5 11.314 14.782 5 6.123
2 24 6.123 5 14.782 11.314 5 11.314
2 24 1.500 5 16 6.123 5 14.782
2 24 16 7 1.500 14.782 7 6.123
2 24 14.782 7 6.123 11.314 7 11.314
2 24 11.314 7 11.314 6.123 7 14.782
2 24 6.123 7 14.782 1.500 7 16
3 16 -1.023 -16 1.023 -7.293 -11.293 1.130 -6.738 -11.293 2.791
3 16 -1.023 -16 1.023 -6.738 -11.293 2.791 -5.157 -11.293 5.157
3 16 -1.023 -16 1.023 -5.157 -11.293 5.157 -2.791 -11.293 6.738
3 16 -1.023 -16 1.023 -2.791 -11.293 6.738 -1.130 -11.293 7.293
5 24 -1.023 -16 1.023 -6.738 -11.293 2.791 -7.293 -11.293 1.130 -5.157 -11.293 5.157
5 24 -1.023 -16 1.023 -5.157 -11.293 5.157 -6.738 -11.293 2.791 -2.791 -11.293 6.738
5 24 -1.023 -16 1.023 -2.791 -11.293 6.738 -5.157 -11.293 5.157 -1.130 -11.293 7.293
5 24 -7.293 -11.293 1.130 -6.738 -11.293 2.791 -1.023 -16 1.023 -12.281 -2.293 5.087
5 24 -6.738 -11.293 2.791 -5.157 -11.293 5.157 -1.023 -16 1.023 -9.400 -2.293 9.400
5 24 -5.157 -11.293 5.157 -2.791 -11.293 6.738 -1.023 -16 1.023 -5.087 -2.293 12.281
5 24 -2.791 -11.293 6.738 -1.130 -11.293 7.293 -1.023 -16 1.023 -1.334 -2.293 13.293
4 16 -7.293 -11.293 1.130 -6.738 -11.293 2.791 -12.281 -2.293 5.087 -13.293 -2.293 1.334
4 16 -6.738 -11.293 2.791 -5.157 -11.293 5.157 -9.400 -2.293 9.400 -12.281 -2.293 5.087
4 16 -5.157 -11.293 5.157 -2.791 -11.293 6.738 -5.087 -2.293 12.281 -9.400 -2.293 9.400
4 16 -2.791 -11.293 6.738 -1.130 -11.293 7.293 -1.334 -2.293 13.293 -5.087 -2.293 12.281
5 24 -6.738 -11.293 2.791 -12.281 -2.293 5.087 -13.293 -2.293 1.334 -9.400 -2.293 9.400
5 24 -5.157 -11.293 5.157 -9.400 -2.293 9.400 -12.281 -2.293 5.087 -5.087 -2.293 12.281
5 24 -2.791 -11.293 6.738 -5.087 -2.293 12.281 -9.400 -2.293 9.400 -1.334 -2.293 13.293
5 24 -12.281 -2.293 5.087 -13.293 -2.293 1.334 -7.293 -11.293 1.130 -15 5 1.500
5 24 -9.400 -2.293 9.400 -12.281 -2.293 5.087 -6.738 -11.293 2.791 -13.858 5 5.740
5 24 -5.087 -2.293 12.281 -9.400 -2.293 9.400 -5.157 -11.293 5.157 -10.607 5 10.607
5 24 -1.334 -2.293 13.293 -5.087 -2.293 12.281 -2.791 -11.293 6.738 -5.740 5 13.858
4 16 -12.281 -2.293 5.087 -13.293 -2.293 1.334 -15 5 1.500 -13.858 5 5.740
4 16 -9.400 -2.293 9.400 -12.281 -2.293 5.087 -13.858 5 5.740 -10.607 5 10.607
4 16 -5.087 -2.293 12.281 -9.400 -2.293 9.400 -10.607 5 10.607 -5.740 5 13.858
4 16 -1.334 -2.293 13.293 -5.087 -2.293 12.281 -5.740 5 13.858 -1.500 5 15
5 24 -12.281 -2.293 5.087 -13.858 5 5.740 -15 5 1.500 -10.607 5 10.607
5 24 -9.400 -2.293 9.400 -10.607 5 10.607 -13.858 5 5.740 -5.740 5 13.858
5 24 -5.087 -2.293 12.281 -5.740 5 13.858 -10.607 5 10.607 -1.500 5 15
4 16 -15 5 1.500 -13.858 5 5.740 -14.782 5 6.123 -16 5 1.500
4 16 -13.858 5 5.740 -10.607 5 10.607 -11.314 5 11.314 -14.782 5 6.123
4 16 -10.607 5 10.607 -5.740 5 13.858 -6.123 5 14.782 -11.314 5 11.314
4 16 -5.740 5 13.858 -1.500 5 15 -1.500 5 16 -6.123 5 14.782
4 16 -14.782 5 6.123 -16 5 1.500 -16 7 1.500 -14.782 7 6.123
4 16 -11.314 5 11.314 -14.782 5 6.123 -14.782 7 6.123 -11.314 7 11.314
4 16 -6.123 5 14.782 -11.314 5 11.314 -11.314 7 11.314 -6.123 7 14.782
4 16 -1.500 5 16 -6.123 5 14.782 -6.123 7 14.782 -1.500 7 16
5 24 -16 5 1.500 -16 7 1.500 -16 7 -1.500 -14.782 7 6.123
5 24 -14.782 5 6.123 -14.782 7 6.123 -16 7 1.500 -11.314 7 11.314
5 24 -11.314 5 11.314 -11.314 7 11.314 -14.782 7 6.123 -6.123 7 14.782
5 24 -6.123 5 14.782 -6.123 7 14.782 -11.314 7 11.314 -1.500 7 16
5 24 -1.500 5 16 -1.500 7 16 -6.123 7 14.782 1.500 7 16
2 24 -15 5 1.500 -13.858 5 5.740
2 24 -13.858 5 5.740 -10.607 5 10.607
2 24 -10.607 5 10.607 -5.740 5 13.858
2 24 -5.740 5 13.858 -1.500 5 15
2 24 -14.782 5 6.123 -16 5 1.500
2 24 -11.314 5 11.314 -14.782 5 6.123
2 24 -6.123 5 14.782 -11.314 5 11.314
2 24 -1.500 5 16 -6.123 5 14.782
2 24 -16 7 1.500 -14.782 7 6.123
2 24 -14.782 7 6.123 -11.314 7 11.314
2 24 -11.314 7 11.314 -6.123 7 14.782
2 24 -6.123 7 14.782 -1.500 7 16
3 16 0 -16 -1.023 -7.293 -11.293 -1.130 -6.738 -11.293 -2.791
3 16 -1.023 -16 -1.023 -6.738 -11.293 -2.791 -5.157 -11.293 -5.157
3 16 -1.023 -16 -1.023 -5.157 -11.293 -5.157 -2.791 -11.293 -6.738
3 16 -1.023 -16 -1.023 -2.791 -11.293 -6.738 -1.130 -11.293 -7.293
5 24 -1.023 -16 -1.023 -6.738 -11.293 -2.791 -7.293 -11.293 -1.130 -5.157 -11.293 -5.157
5 24 -1.023 -16 -1.023 -5.157 -11.293 -5.157 -6.738 -11.293 -2.791 -2.791 -11.293 -6.738
5 24 -1.023 -16 -1.023 -2.791 -11.293 -6.738 -5.157 -11.293 -5.157 -1.130 -11.293 -7.293
5 24 -7.293 -11.293 -1.130 -6.738 -11.293 -2.791 -1.023 -16 -1.023 -12.281 -2.293 -5.087
5 24 -6.738 -11.293 -2.791 -5.157 -11.293 -5.157 -1.023 -16 -1.023 -9.400 -2.293 -9.400
5 24 -5.157 -11.293 -5.157 -2.791 -11.293 -6.738 -1.023 -16 -1.023 -5.087 -2.293 -12.281
5 24 -2.791 -11.293 -6.738 -1.130 -11.293 -7.293 -1.023 -16 -1.023 -1.334 -2.293 -13.293
4 16 -7.293 -11.293 -1.130 -6.738 -11.293 -2.791 -12.281 -2.293 -5.087 -13.293 -2.293 -1.334
4 16 -6.738 -11.293 -2.791 -5.157 -11.293 -5.157 -9.400 -2.293 -9.400 -12.281 -2.293 -5.087
4 16 -5.157 -11.293 -5.157 -2.791 -11.293 -6.738 -5.087 -2.293 -12.281 -9.400 -2.293 -9.400
4 16 -2.791 -11.293 -6.738 -1.130 -11.293 -7.293 -1.334 -2.293 -13.293 -5.087 -2.293 -12.281
5 24 -6.738 -11.293 -2.791 -12.281 -2.293 -5.087 -13.293 -2.293 -1.334 -9.400 -2.293 -9.400
5 24 -5.157 -11.293 -5.157 -9.400 -2.293 -9.400 -12.281 -2.293 -5.087 -5.087 -2.293 -12.281
5 24 -2.791 -11.293 -6.738 -5.087 -2.293 -12.281 -9.400 -2.293 -9.400 -1.334 -2.293 -13.293
5 24 -12.281 -2.293 -5.087 -13.293 -2.293 -1.334 -7.293 -11.293 -1.130 -15 5 -1.500
5 24 -9.400 -2.293 -9.400 -12.281 -2.293 -5.087 -6.738 -11.293 -2.791 -13.858 5 -5.740
5 24 -5.087 -2.293 -12.281 -9.400 -2.293 -9.400 -5.157 -11.293 -5.157 -10.607 5 -10.607
5 24 -1.334 -2.293 -13.293 -5.087 -2.293 -12.281 -2.791 -11.293 -6.738 -5.740 5 -13.858
4 16 -12.281 -2.293 -5.087 -13.293 -2.293 -1.334 -15 5 -1.500 -13.858 5 -5.740
4 16 -9.400 -2.293 -9.400 -12.281 -2.293 -5.087 -13.858 5 -5.740 -10.607 5 -10.607
4 16 -5.087 -2.293 -12.281 -9.400 -2.293 -9.400 -10.607 5 -10.607 -5.740 5 -13.858
4 16 -1.334 -2.293 -13.293 -5.087 -2.293 -12.281 -5.740 5 -13.858 -1.500 5 -15
5 24 -12.281 -2.293 -5.087 -13.858 5 -5.740 -15 5 -1.500 -10.607 5 -10.607
5 24 -9.400 -2.293 -9.400 -10.607 5 -10.607 -13.858 5 -5.740 -5.740 5 -13.858
5 24 -5.087 -2.293 -12.281 -5.740 5 -13.858 -10.607 5 -10.607 -1.500 5 -15
4 16 -15 5 -1.500 -13.858 5 -5.740 -14.782 5 -6.123 -16 5 -1.500
4 16 -13.858 5 -5.740 -10.607 5 -10.607 -11.314 5 -11.314 -14.782 5 -6.123
4 16 -10.607 5 -10.607 -5.740 5 -13.858 -6.123 5 -14.782 -11.314 5 -11.314
4 16 -5.740 5 -13.858 -1.500 5 -15 -1.500 5 -16 -6.123 5 -14.782
4 16 -14.782 5 -6.123 -16 5 -1.500 -16 7 -1.500 -14.782 7 -6.123
4 16 -11.314 5 -11.314 -14.782 5 -6.123 -14.782 7 -6.123 -11.314 7 -11.314
4 16 -6.123 5 -14.782 -11.314 5 -11.314 -11.314 7 -11.314 -6.123 7 -14.782
4 16 -1.500 5 -16 -6.123 5 -14.782 -6.123 7 -14.782 -1.500 7 -16
5 24 -16 5 -1.500 -16 7 -1.500 -16 7 1.500 -14.782 7 -6.123
5 24 -14.782 5 -6.123 -14.782 7 -6.123 -16 7 -1.500 -11.314 7 -11.314
5 24 -11.314 5 -11.314 -11.314 7 -11.314 -14.782 7 -6.123 -6.123 7 -14.782
5 24 -6.123 5 -14.782 -6.123 7 -14.782 -11.314 7 -11.314 -1.500 7 -16
5 24 -1.500 5 -16 -1.500 7 -16 -6.123 7 -14.782 1.500 7 -16
2 24 -15 5 -1.500 -13.858 5 -5.740
2 24 -13.858 5 -5.740 -10.607 5 -10.607
2 24 -10.607 5 -10.607 -5.740 5 -13.858
2 24 -5.740 5 -13.858 -1.500 5 -15
2 24 -14.782 5 -6.123 -16 5 -1.500
2 24 -11.314 5 -11.314 -14.782 5 -6.123
2 24 -6.123 5 -14.782 -11.314 5 -11.314
2 24 -1.500 5 -16 -6.123 5 -14.782
2 24 -16 7 -1.500 -14.782 7 -6.123
2 24 -14.782 7 -6.123 -11.314 7 -11.314
2 24 -11.314 7 -11.314 -6.123 7 -14.782
2 24 -6.123 7 -14.782 -1.500 7 -16
3 16 1.023 -16 -1.023 7.293 -11.293 -1.130 6.738 -11.293 -2.791
3 16 1.023 -16 -1.023 6.738 -11.293 -2.791 5.157 -11.293 -5.157
3 16 1.023 -16 -1.023 5.157 -11.293 -5.157 2.791 -11.293 -6.738
3 16 1.023 -16 -1.023 2.791 -11.293 -6.738 1.130 -11.293 -7.293
5 24 1.023 -16 -1.023 6.738 -11.293 -2.791 7.293 -11.293 -1.130 5.157 -11.293 -5.157
5 24 1.023 -16 -1.023 5.157 -11.293 -5.157 6.738 -11.293 -2.791 2.791 -11.293 -6.738
5 24 1.023 -16 -1.023 2.791 -11.293 -6.738 5.157 -11.293 -5.157 1.130 -11.293 -7.293
5 24 7.293 -11.293 -1.130 6.738 -11.293 -2.791 1.023 -16 -1.023 12.281 -2.293 -5.087
5 24 6.738 -11.293 -2.791 5.157 -11.293 -5.157 1.023 -16 -1.023 9.400 -2.293 -9.400
5 24 5.157 -11.293 -5.157 2.791 -11.293 -6.738 1.023 -16 -1.023 5.087 -2.293 -12.281
5 24 2.791 -11.293 -6.738 1.130 -11.293 -7.293 1.023 -16 -1.023 1.334 -2.293 -13.293
4 16 7.293 -11.293 -1.130 6.738 -11.293 -2.791 12.281 -2.293 -5.087 13.293 -2.293 -1.334
4 16 6.738 -11.293 -2.791 5.157 -11.293 -5.157 9.400 -2.293 -9.400 12.281 -2.293 -5.087
4 16 5.157 -11.293 -5.157 2.791 -11.293 -6.738 5.087 -2.293 -12.281 9.400 -2.293 -9.400
4 16 2.791 -11.293 -6.738 1.130 -11.293 -7.293 1.334 -2.293 -13.293 5.087 -2.293 -12.281
5 24 6.738 -11.293 -2.791 12.281 -2.293 -5.087 13.293 -2.293 -1.334 9.400 -2.293 -9.400
5 24 5.157 -11.293 -5.157 9.400 -2.293 -9.400 12.281 -2.293 -5.087 5.087 -2.293 -12.281
5 24 2.791 -11.293 -6.738 5.087 -2.293 -12.281 9.400 -2.293 -9.400 1.334 -2.293 -13.293
5 24 12.281 -2.293 -5.087 13.293 -2.293 -1.334 7.293 -11.293 -1.130 15 5 -1.500
5 24 9.400 -2.293 -9.400 12.281 -2.293 -5.087 6.738 -11.293 -2.791 13.858 5 -5.740
5 24 5.087 -2.293 -12.281 9.400 -2.293 -9.400 5.157 -11.293 -5.157 10.607 5 -10.607
5 24 1.334 -2.293 -13.293 5.087 -2.293 -12.281 2.791 -11.293 -6.738 5.740 5 -13.858
4 16 12.281 -2.293 -5.087 13.293 -2.293 -1.334 15 5 -1.500 13.858 5 -5.740
4 16 9.400 -2.293 -9.400 12.281 -2.293 -5.087 13.858 5 -5.740 10.607 5 -10.607
4 16 5.087 -2.293 -12.281 9.400 -2.293 -9.400 10.607 5 -10.607 5.740 5 -13.858
4 16 1.334 -2.293 -13.293 5.087 -2.293 -12.281 5.740 5 -13.858 1.500 5 -15
5 24 12.281 -2.293 -5.087 13.858 5 -5.740 15 5 -1.500 10.607 5 -10.607
5 24 9.400 -2.293 -9.400 10.607 5 -10.607 13.858 5 -5.740 5.740 5 -13.858
5 24 5.087 -2.293 -12.281 5.740 5 -13.858 10.607 5 -10.607 1.500 5 -15
4 16 15 5 -1.500 13.858 5 -5.740 14.782 5 -6.123 16 5 -1.500
4 16 13.858 5 -5.740 10.607 5 -10.607 11.314 5 -11.314 14.782 5 -6.123
4 16 10.607 5 -10.607 5.740 5 -13.858 6.123 5 -14.782 11.314 5 -11.314
4 16 5.740 5 -13.858 1.500 5 -15 1.500 5 -16 6.123 5 -14.782
4 16 14.782 5 -6.123 16 5 -1.500 16 7 -1.500 14.782 7 -6.123
4 16 11.314 5 -11.314 14.782 5 -6.123 14.782 7 -6.123 11.314 7 -11.314
4 16 6.123 5 -14.782 11.314 5 -11.314 11.314 7 -11.314 6.123 7 -14.782
4 16 1.500 5 -16 6.123 5 -14.782 6.123 7 -14.782 1.500 7 -16
5 24 16 5 -1.500 16 7 -1.500 16 7 1.500 14.782 7 -6.123
5 24 14.782 5 -6.123 14.782 7 -6.123 16 7 -1.500 11.314 7 -11.314
5 24 11.314 5 -11.314 11.314 7 -11.314 14.782 7 -6.123 6.123 7 -14.782
5 24 6.123 5 -14.782 6.123 7 -14.782 11.314 7 -11.314 1.500 7 -16
5 24 1.500 5 -16 1.500 7 -16 6.123 7 -14.782 -1.500 7 -16
2 24 15 5 -1.500 13.858 5 -5.740
2 24 13.858 5 -5.740 10.607 5 -10.607
2 24 10.607 5 -10.607 5.740 5 -13.858
2 24 5.740 5 -13.858 1.500 5 -15
2 24 14.782 5 -6.123 16 5 -1.500
2 24 11.314 5 -11.314 14.782 5 -6.123
2 24 6.123 5 -14.782 11.314 5 -11.314
2 24 1.500 5 -16 6.123 5 -14.782
2 24 16 7 -1.500 14.782 7 -6.123
2 24 14.782 7 -6.123 11.314 7 -11.314
2 24 11.314 7 -11.314 6.123 7 -14.782
2 24 6.123 7 -14.782 1.500 7 -16
4 16 -1.5 7 -16 1.5 7 -16 1.5 11 -16 -1.5 11 -16
4 16 -1.5 7 -16 -1.5 11 -16 -1.5 10.5 -13.5 -1.5 7 -13.5
4 16 1.5 7 -16 1.5 11 -16 1.5 10.5 -13.5 1.5 7 -13.5
4 16 -1.5 7 -13.5 1.5 7 -13.5 1.5 10.5 -13.5 -1.5 10.5 -13.5
4 16 -1.5 10.5 -13.5 1.5 10.5 -13.5 1.5 11 -16 -1.5 11 -16
2 24 1.5 7 -16 1.5 11 -16
2 24 -1.5 7 -16 -1.5 11 -16
2 24 1.5 7 -13.5 1.5 10.5 -13.5
2 24 -1.5 7 -13.5 -1.5 10.5 -13.5
2 24 -1.5 10.5 -13.5 1.5 10.5 -13.5
2 24 1.5 10.5 -13.5 1.5 11 -16
2 24 1.5 11 -16 -1.5 11 -16
2 24 -1.5 11 -16 -1.5 10.5 -13.5
2 24 1.5 7 -13.5 1.5 7 -16
2 24 -1.5 7 -13.5 -1.5 7 -16
2 24 -1.5 7 -13.5 1.5 7 -13.5
4 16 -0 7 16 6.123 7 14.782 6.888 15 16.630 -0 15 18
4 16 6.123 7 14.782 11.314 7 11.314 12.728 15 12.728 6.888 15 16.630
4 16 11.314 7 11.314 14.782 7 6.123 16.630 15 6.888 12.728 15 12.728
4 16 14.782 7 6.123 16 7 0 18 15 0 16.630 15 6.888
4 16 16 7 0 14.782 7 -6.123 16.630 15 -6.888 18 15 0
4 16 14.782 7 -6.123 12.860 7 -9 15.219 15 -9 16.630 15 -6.888 
2 24 12.860 7 -9 15.219 15 -9
5 24 14.782 7 -6.123 16.630 15 -6.888 18 15 0 15.219 15 -9
5 24 16 7 0 18 15 0 16.630 15 6.888 16.630 15 -6.888
5 24 14.782 7 6.123 16.630 15 6.888 12.728 15 12.728 18 15 0
5 24 11.314 7 11.314 12.728 15 12.728 6.888 15 16.630 16.630 15 6.888
5 24 6.123 7 14.782 6.888 15 16.630 0 15 18 12.728 15 12.728
5 24 -0 7 16 0 15 18 6.888 15 16.630 -6.888 15 16.630
5 24 -6.123 7 14.782 -6.888 15 16.630 0 15 18 -12.728 15 12.728
5 24 -11.314 7 11.314 -12.728 15 12.728 -6.888 15 16.630 -16.630 15 6.888
5 24 -14.782 7 6.123 -16.630 15 6.888 -12.728 15 12.728 -18 15 0
5 24 -16 7 0 -18 15 0 -16.630 15 6.888 -16.630 15 -6.888
5 24 -14.782 7 -6.123 -16.630 15 -6.888 -18 15 0 -15.219 15 -9
2 24 -12.860 7 -9 -15.219 15 -9
4 16 -14.782 7 -6.123 -12.860 7 -9 -15.219 15 -9 -16.630 15 -6.888 
4 16 -14.782 7 -6.123 -16 7 -0 -18 15 -0 -16.630 15 -6.888
4 16 -16 7 -0 -14.782 7 6.123 -16.630 15 6.888 -18 15 -0
4 16 -14.782 7 6.123 -11.314 7 11.314 -12.728 15 12.728 -16.630 15 6.888
4 16 -11.314 7 11.314 -6.123 7 14.782 -6.888 15 16.630 -12.728 15 12.728
4 16 -6.123 7 14.782 -0 7 16 -0 15 18 -6.888 15 16.630
4 16 -0 15 18 6.888 15 16.630 8.036 23 19.401 0 23 21
4 16 6.888 15 16.630 12.728 15 12.728 14.849 23 14.849 8.036 23 19.401
4 16 12.728 15 12.728 16.630 15 6.888 19.401 23 8.036 14.849 23 14.849
4 16 16.630 15 6.888 18 15 0 21 23 0 19.401 23 8.036
4 16 18 15 0 16.630 15 -6.888 19.401 23 -8.036 21 23 0
4 16 16.630 15 -6.888 15.219 15 -9 18.315 22 -9 19.401 23 -8.036
2 24 15.219 15 -9 18.315 22 -9
2 24 18.315 22 -9 19.401 23 -8.036
5 24 16.630 15 -6.888 19.401 23 -8.036 21 23 0 18.757 23 -9
5 24 18 15 0 21 23 0 19.401 23 8.036 19.401 23 -8.036
5 24 16.630 15 6.888 19.401 23 8.036 14.849 23 14.849 21 23 0
5 24 12.728 15 12.728 14.849 23 14.849 8.036 23 19.401 19.401 23 8.036
5 24 6.888 15 16.630 8.036 23 19.401 0 23 21 14.849 23 14.849 
5 24 -0 15 18 0 23 21 -8.036 23 19.401 8.036 23 19.401 
5 24 -6.888 15 16.630 -8.036 23 19.401 0 23 21 -14.849 23 14.849 
5 24 -12.728 15 12.728 -14.849 23 14.849 -8.036 23 19.401 -19.401 23 8.036
5 24 -16.630 15 6.888 -19.401 23 8.036 -14.849 23 14.849 -21 23 0
5 24 -18 15 0 -21 23 0 -19.401 23 8.036 -19.401 23 -8.036
5 24 -16.630 15 -6.888 -19.401 23 -8.036 -21 23 0 -18.757 23 -9
2 24 -18.315 22 -9 -19.401 23 -8.036
2 24 -15.219 15 -9 -18.315 22 -9
4 16 -16.630 15 -6.888 -15.219 15 -9 -18.315 22 -9 -19.401 23 -8.036
4 16 -18 15 0 -16.630 15 -6.888 -19.401 23 -8.036 -21 23 0
4 16 -16.630 15 6.888 -18 15 0 -21 23 0 -19.401 23 8.036
4 16 -12.728 15 12.728 -16.630 15 6.888 -19.401 23 8.036 -14.849 23 14.849
4 16 -6.888 15 16.630 -12.728 15 12.728 -14.849 23 14.849 -8.036 23 19.401
4 16 -0 15 18 -6.888 15 16.630 -8.036 23 19.401 0 23 21
2 24 8.036 23 19.401 0 23 21
2 24 14.849 23 14.849 8.036 23 19.401
2 24 19.401 23 8.036 14.849 23 14.849
2 24 21 23 0 19.401 23 8.036
2 24 19.401 23 -8.036 21 23 0
2 24 -19.401 23 -8.036 -21 23 0
2 24 -21 23 0 -19.401 23 8.036
2 24 -19.401 23 8.036 -14.849 23 14.849
2 24 -14.849 23 14.849 -8.036 23 19.401
2 24 -8.036 23 19.401 0 23 21
4 16 8.036 23 19.401 0 23 21 0 23 18 6.888 23 16.630
4 16 14.849 23 14.849 8.036 23 19.401 6.888 23 16.630 12.728 23 12.728 
4 16 19.401 23 8.036 14.849 23 14.849 12.728 23 12.728 16.630 23 6.888
4 16 21 23 0 19.401 23 8.036 16.630 23 6.888 18 23 0
4 16 19.401 23 -8.036 21 23 0 18 23 0 16.630 23 -6.888
5 24 19.401 23 -8.036 16.630 23 -6.888 18.315 22 -9 21 23 0
4 16 18.315 22 -9 19.401 23 -8.036 16.630 23 -6.888 15.416 22 -8
5 24 15.416 22 -8 18.315 22 -9 19.401 23 -8.036 15.219 15 -9
4 16 15.416 22 -8 18.315 22 -9 15.219 15 -9 12.117 15 -8 
5 24 15.219 15 -9 12.117 15 -8 12.860 7 -9 18.757 23 -9 
4 16 12.860 7 -9 15.219 15 -9 12.117 15 -8 9.989 7 -8 
2 24 12.860 7 -9 9.989 7 -8
4 16 12.860 7 -9 9.989 7 -8 9.400 7 -9.400 11.314 7 -11.314
4 16 9.400 7 -9.400 11.314 7 -11.314 6.123 7 -14.782 4.975 7 -12.010
4 16 6.123 7 -14.782 4.975 7 -12.010 0 7 -13 0 7 -16
4 16 -6.123 7 -14.782 -4.975 7 -12.010 0 7 -13 0 7 -16
4 16 -9.400 7 -9.400 -11.314 7 -11.314 -6.123 7 -14.782 -4.975 7 -12.010
4 16 -12.860 7 -9 -9.989 7 -8 -9.400 7 -9.400 -11.314 7 -11.314
2 24 -12.860 7 -9 -9.989 7 -8
4 16 -12.860 7 -9 -15.219 15 -9 -12.117 15 -8 -9.989 7 -8 
5 24 -15.219 15 -9 -12.117 15 -8 -12.860 7 -9 -18.757 23 -9 
4 16 -15.416 22 -8 -18.315 22 -9 -15.219 15 -9 -12.117 15 -8 
5 24 -15.416 22 -8 -18.315 22 -9 -19.401 23 -8.036 -15.219 15 -9
4 16 -18.315 22 -9 -19.401 23 -8.036 -16.630 23 -6.888 -15.416 22 -8
5 24 -19.401 23 -8.036 -16.630 23 -6.888 -18.315 22 -9 -21 23 0
4 16 -19.401 23 -8.036 -21 23 0 -18 23 0 -16.630 23 -6.888
4 16 -21 23 0 -19.401 23 8.036 -16.630 23 6.888 -18 23 0
4 16 -19.401 23 8.036 -14.849 23 14.849 -12.728 23 12.728 -16.630 23 6.888
4 16 -14.849 23 14.849 -8.036 23 19.401 -6.888 23 16.630 -12.728 23 12.728 
4 16 -8.036 23 19.401 0 23 21 0 23 18 -6.888 23 16.630
0
