0 Minifig Shield Triangular with Forestman Pattern
0 Name: 3846p48.dat
0 Author: Chris Dee [cwdee]
0 !LDRAW_ORG Part UPDATE 2012-03
0 !LICENSE Redistributable under CCAL version 2.0 : see CAreadme.txt

0 !CATEGORY Minifig Accessory

0 !HISTORY 2001-10-26 [PTadmin] Official Update 2001-01
0 !HISTORY 2007-06-30 [PTadmin] Header formatted for Contributor Agreement
0 !HISTORY 2008-07-01 [PTadmin] Official Update 2008-01
0 !HISTORY 2012-12-24 [cwdee] Add category
0 !HISTORY 2012-12-28 [PTadmin] Official Update 2012-03

1 16 0 0 0 1 0 0 0 1 0 0 0 1 s\3846s01.dat

0 Border
4 16 -11.5 -10 -10 -20 -14 -10 20 -14 -10 11.5 -10 -10
4 16 11.5 -10 -10 20 -14 -10 15.5 -7 -10 13 -8 -10
3 16 15.5 -7 -10 20 -14 -10 20 -4 -10
4 16 15.5 -7 -10 20 -4 -10 18.72 6.03 -10 15 0 -10
4 16 15 0 -10 18.72 6.03 -10 14.93 15.68 -10 13 9 -10
4 16 13 9 -10 14.93 15.68 -10 8.76 24.57 -10 8 18 -10
4 16 8 18 -10 8.76 24.57 -10 0 32.37 -10 0 26 -10
4 16 -11.5 -10 -10 -20 -14 -10 -15.5 -7 -10 -13 -8 -10
3 16 -15.5 -7 -10 -20 -14 -10 -20 -4 -10
4 16 -15.5 -7 -10 -20 -4 -10 -18.72 6.03 -10 -15 0 -10
4 16 -15 0 -10 -18.72 6.03 -10 -14.93 15.68 -10 -13 9 -10
4 16 -13 9 -10 -14.93 15.68 -10 -8.76 24.57 -10 -8 18 -10
4 16 -8 18 -10 -8.76 24.57 -10 0 32.37 -10 0 26 -10

0 Antler - right
3 0 -14 0 -10 -14 -1 -10 -13 -1 -10
4 0 -14 0 -10 -13 -1 -10 -12 0 -10 -12.5 1 -10
4 0 -12.5 1 -10 -12 0 -10 -10 0 -10 -10 1 -10
4 0 -11 -4 -10 -11.5 -6 -10 -9.5 -4.5 -10 -10 -3 -10
4 0 -10 -3 -10 -9.5 -4.5 -10 -8 -7 -10 -8.5 -4.5 -10
4 0 -10 -3 -10 -8.5 -4.5 -10 -6 -5 -10 -8.5 -3 -10
4 0 -10 -3 -10 -8.5 -3 -10 -8.5 0 -10 -10 1 -10
4 0 -10 1 -10 -8.5 0 -10 -6.5 1.5 -10 -8.5 2 -10
4 0 -11 5 -10 -11.5 4.5 -10 -11.5 3 -10 -10 3.5 -10
4 0 -10 3.5 -10 -11.5 3 -10 -8.5 2 -10 -8 3.5 -10
4 0 -8 3.5 -10 -8.5 2 -10 -6.5 1.5 -10 -6 3 -10
4 0 -6 3 -10 -6.5 1.5 -10 -4.5 0.5 -10 -4 2 -10
4 0 -5 -3 -10 -3.5 -1 -10 -3.5 1 -10 -4.5 -1 -10
4 0 -4.5 -1 -10 -3.5 1 -10 -4 2 -10 -4.5 0.5 -10
4 0 -4 2 -10 -3.5 1 -10 -1 2 -10 -3 3 -10

2 0 -14 -1 -10 -12.25 0.5 -10
2 0 -12.25 0.5 -10 -9.25 0.5 -10
2 0 -11.5 -6 -10 -9.75 -3.75 -10
2 0 -9.75 -3.75 -10 -9.25 -3.75 -10
2 0 -8 -7 -10 -9.25 -3.75 -10
2 0 -6 -5 -10 -9.25 -3.75 -10
2 0 -9.25 -3.75 -10 -9.25 0.5 -10
2 0 -9.25 0.5 -10 -7.5 1.75 -10
2 0 -11 5 -10 -10.75 3.25 -10
2 0 -10.75 3.25 -10 -8.25 2.75 -10
2 0 -8.25 2.75 -10 -6.25 2.25 -10
2 0 -7.5 1.75 -10 -6.25 2.25 -10
2 0 -6.25 2.25 -10 -4.25 1.25 -10
2 0 -5 -3 -10 -4 0 -10
2 0 -4 0 -10 -4.25 1.25 -10
2 0 -4.25 1.25 -10 -3.75 1.5 -10

0 Antler - left
4 0 4 -3.5 -10 3 -5 -10 6.5 -4 -10 6 -3 -10
4 0 6 -3 -10 6.5 -4 -10 9 -4 -10 8 -3 -10
4 0 6 -6 -10 7 -7.5 -10 8 -5 -10 6.5 -4 -10
4 0 6.5 -4 -10 8 -5 -10 11 -6 -10 9 -4 -10
4 0 8 -3 -10 9 -4 -10 10.5 0.5 -10 8.5 -0.5 -10
4 0 10 -1 -10 14 -1 -10 12.5 0.5 -10 10.5 0.5 -10
4 0 8.5 -0.5 -10 10.5 0.5 -10 9 2 -10 7 1 -10
4 0 7 1 -10 9 2 -10 9 5 -10 7 2.5 -10
4 0 7 2.5 -10 9 5 -10 10 7 -10 8 6 -10
4 0 7 1 -10 7 2.5 -10 2.5 2.5 -10 3 1 -10
3 0 0.5 -2 -10 3 -1.5 -10 2 -1 -10
4 0 2 -1 -10 3 -1.5 -10 3 1 -10 2 0 -10
4 0 2 0 -10 3 1 -10 2.5 2.5 -10 0 2 -10
4 0 0 2 -10 2.5 2.5 -10 2 4 -10 0 4 -10
4 0 0 2 -10 0 4 -10 -1 3 -10 -1 2 -10

2 0 3 -5 -10 6.25 -3.5 -10
2 0 6.25 -3.5 -10 7.75 -4 -10
2 0 6.5 -6.75 -10 7.75 -4 -10
2 0 11 -6 -10 7.75 -4 -10
2 0 7.75 -4 -10 8.5 -3.5 -10
2 0 8.5 -3.5 -10 9.5 0 -10
2 0 13.25 -0.25 -10 10.25 -0.25 -10
2 0 10.25 -0.25 -10 9.5 0 -10
2 0 9.5 0 -10 8 1.5 -10
2 0 8 1.5 -10 8 3.75 -10
2 0 8 1.5 -10 7 1.75 -10
2 0 8 3.75 -10 9 6.5 -10
2 0 7 1.75 -10 2.75 1.75 -10
2 0 0.5 -2 -10 2.5 -1.25 -10
2 0 2.5 -1.25 -10 2.5 0.5 -10

0 Eye
1 0 -2 5 -10 0.75 0 0 0 0 0.75 0 1 0 4-4disc.dat
1 19 -2 5 -10 0.75 0 0 0 0 0.75 0 1 0 4-4ndis.dat

0 Head
3 19 -3 3 -10 -1 2 -10 -1 3 -10
4 19 -3 3 -10 -1 3 -10 0 4 -10 -4 4 -10
4 19 -2.75 4 -10 -1.25 4 -10 -1.25 4.25 -10 -2.75 4.25 -10
4 19 -4 4 -10 -2.75 4 -10 -2.75 5 -10 -5 5 -10
4 19 -5 5 -10 -7 7.5 -10 -9 8 -10 -9.5 6.5 -10
4 19 -8.5 9.5 -10 -9 8 -10 -7 8 -10 -5.5 9.5 -10
4 19 -7 8 -10 -7 7.5 -10 -5 5 -10 -5.5 9.5 -10
4 19 -5.5 9.5 -10 -5 5 -10 -2.75 5 -10 -2.75 5.75 -10
4 19 -5.5 9.5 -10 -2.75 5.75 -10 -1.25 5.75 -10 -4.5 10 -10
4 19 -4.5 10 -10 -1.25 5.75 -10 0 10 -10 -2 10.5 -10
4 19 0 10 -10 -1.25 5.75 -10 -1.25 4 -10 2 4 -10
4 19 4 3.5 -10 7 3.5 -10 6 5.5 -10 4.5 5.5 -10
3 19 4 3.5 -10 4.5 5.5 -10 3 4.5 -10
4 19 2 4 -10 3 4.5 -10 4.5 5.5 -10 0 10 -10
4 19 0 10 -10 4.5 5.5 -10 6.5 7 -10 8 10 -10
4 19 0 10 -10 8 10 -10 8 15 -10 0 10.5 -10
4 19 0 10.5 -10 8 15 -10 6 18 -10 3 20 -10
4 19 0 10.5 -10 3 20 -10 0 21 -10 -3 20.5 -10
4 19 0 10.5 -10 -3 20.5 -10 -5 19 -10 -2 11 -10
4 19 -2 11 -10 -5 19 -10 -7 17 -10 -5 10.5 -10
4 19 -5 10.5 -10 -7 17 -10 -7.5 15 -10 -7 12.5 -10

0 Background
3 2 -9 8 -10 -7 7.5 -10 -7 8 -10
4 2 -5 10.5 -10 -4.5 10 -10 -2 10.5 -10 -2 11 -10
4 2 -2 11 -10 -2 10.5 -10 0 10 -10 0 10.5 -10
2 2 -4.75 10.25 -10 -2 10.75 -10
2 2 -2 10.75 -10 0 10.25 -10
4 2 3 4.5 -10 2 4 -10 2.5 2.5 -10 4 3.5 -10
2 2 2.5 4.25 -10 3.25 3 -10
4 2 4 3.5 -10 2.5 2.5 -10 7 2.5 -10 7 3.5 -10
2 2 3.25 3 -10 7 3 -10
3 2 7 2.5 -10 8 6 -10 7 6 -10
3 2 7 3.5 -10 7 5.5 -10 6 5.5 -10
4 2 4.5 5.5 -10 7 5.5 -10 7 6 -10 6.5 7 -10
4 2 6.5 7 -10 7 6 -10 8 6 -10 8 10 -10
4 2 8 6 -10 10 7 -10 13 9 -10 8 18 -10
3 2 8 15 -10 8 18 -10 6 18 -10
4 2 6 18 -10 8 18 -10 0 26 -10 3 20 -10
3 2 3 20 -10 0 26 -10 0 21 -10
3 2 0 21 -10 0 26 -10 -3 20.5 -10
4 2 -3 20.5 -10 0 26 -10 -8 18 -10 -5 19 -10
3 2 -5 19 -10 -8 18 -10 -7 17 -10
4 2 -7 17 -10 -8 18 -10 -13 9 -10 -7.5 15 -10
4 2 -7.5 15 -10 -13 9 -10 -8.5 9.5 -10 -7 12.5 -10
4 2 -7 12.5 -10 -8.5 9.5 -10 -5.5 9.5 -10 -5 10.5 -10
3 2 -5 10.5 -10 -5.5 9.5 -10 -4.5 10 -10
3 2 -8.5 9.5 -10 -13 9 -10 -9.5 6.5 -10
4 2 -4 2 -10 -3 3 -10 -5 5 -10 -6 3 -10
4 2 -6 3 -10 -5 5 -10 -9.5 6.5 -10 -8 3.5 -10
4 2 -10 3.5 -10 -8 3.5 -10 -9.5 6.5 -10 -11 5 -10
3 2 -13 9 -10 -11.5 4.5 -10 -9.5 6.5 -10
4 2 -9.5 6.5 -10 -13 9 -10 -11.5 4.5 -10 -11 5 -10
4 2 -11.5 4.5 -10 -13 9 -10 -15 0 -10 -11.5 3 -10
4 2 -10 1 -10 -8.5 2 -10 -11.5 3 -10 -12.5 1 -10
4 2 -12.5 1 -10 -11.5 3 -10 -15 0 -10 -14 0 -10
4 2 -14 0 -10 -15 0 -10 -15.5 -7 -10 -14 -1 -10
4 2 -14 -1 -10 -15.5 -7 -10 -11.5 -6 -10 -13 -1 -10
4 2 -10 -3 -10 -10 0 -10 -12 0 -10 -11 -4 -10
4 2 -11 -4 -10 -12 0 -10 -13 -1 -10 -11.5 -6 -10
3 2 -11.5 -6 -10 -15.5 -7 -10 -13 -8 -10 
3 2 -9.6 -4.5 -10 -11.5 -6 -10 -8 -7 -10
4 2 -8 -7 -10 -11.5 -6 -10 -13 -8 -10 -11.5 -10 -10
4 2 -8 -7 -10 -11.5 -10 -10 11.5 -10 -10 7 -7.5 -10
3 2 -6 -5 -10 -8.5 -4.5 -10 -8 -7 -10
4 2 -4.5 0.5 -10 -6.5 1.5 -10 -8.5 0 -10 -4.5 -1 -10
4 2 -4.5 -1 -10 -8.5 0 -10 -8.5 -3 -10 -5 -3 -10
3 2 -5 -3 -10 -8.5 -3 -10 -6 -5 -10
4 2 0 2 -10 -1 2 -10 -3.5 1 -10 2 0 -10
4 2 2 0 -10 -3.5 1 -10 -3.5 -1 -10 2 -1 -10
4 2 2 -1 -10 -3.5 -1 -10 -5 -3 -10 0.5 -2 -10
4 2 8.5 -0.5 -10 7 1 -10 3 1 -10 8 -3 -10
4 2 8 -3 -10 3 1 -10 3 -1.5 -10 6 -3 -10
4 2 6 -3 -10 3 -1.5 -10 0.5 -2 -10 4 -3.5 -10
4 2 4 -3.5 -10 0.5 -2 -10 -5 -3 -10 -6 -5 -10
4 2 4 -3.5 -10 -6 -5 -10 -8 -7 -10 3 -5 -10
3 2 6.5 -4 -10 3 -5 -10 6 -6 -10
4 2 6 -6 -10 3 -5 -10 -8 -7 -10 7 -7.5 -10
4 2 11 -6 -10 8 -5 -10 7 -7.5 -10 11.5 -10 -10
3 2 11 -6 -10 11.5 -10 -10 13 -8 -10
4 2 11 -6 -10 13 -8 -10 15.5 -7 -10 14 -1 -10
3 2 14 -1 -10 15.5 -7 -10 15 0 -10
4 2 9 5 -10 9 2 -10 10.5 0.5 -10 10 7 -10
4 2 10 7 -10 10.5 0.5 -10 12.5 0.5 -10 13 9 -10
4 2 13 9 -10 12.5 0.5 -10 14 -1 -10 15 0 -10
4 2 10 -1 -10 9 -4 -10 11 -6 -10 14 -1 -10
0
