0 Minifig Castle Helmet with Chin-Guard
0 Name: 3896.dat
0 Author: Chris Dee [cwdee]
0 !LDRAW_ORG Part UPDATE 2012-03
0 !LICENSE Redistributable under CCAL version 2.0 : see CAreadme.txt

0 !CATEGORY Minifig Headwear

0 !HISTORY 1998-10-15 [PTadmin] Official Update 1998-09
0 !HISTORY 2007-06-30 [PTadmin] Header formatted for Contributor Agreement
0 !HISTORY 2008-07-01 [PTadmin] Official Update 2008-01
0 !HISTORY 2012-12-24 [cwdee] Add category
0 !HISTORY 2012-12-28 [PTadmin] Official Update 2012-03

1 16 0 -14 0 1 0 0 0 1 0 0 0 1 4-4disc.dat
1 16 0 -14 0 1 0 0 0 1 0 0 0 1 4-4edge.dat
4 16 0.383 -14 0.924 0.707 -14 0.707 4.243 0 4.243 2.296 0 5.543
4 16 0.707 -14 0.707 0.924 -14 0.383 5.543 0 2.296 4.243 0 4.243
4 16 0.924 -14 0.383 1 -14 0 6 0 0 5.543 0 2.296
4 16 1 -14 0 0.924 -14 -0.383 5.543 0 -2.296 6 0 0
4 16 0.924 -14 -0.383 0.707 -14 -0.707 4.243 0 -4.243 5.543 0 -2.296
4 16 0.707 -14 -0.707 0.383 -14 -0.924 2.296 0 -5.543 4.243 0 -4.243
4 16 0.383 -14 -0.924 0 -14 -1 0 0 -6 2.296 0 -5.543
4 16 0 -14 -1 -0.383 -14 -0.924 -2.296 0 -5.543 0 0 -6
4 16 -0.383 -14 -0.924 -0.707 -14 -0.707 -4.243 0 -4.243 -2.296 0 -5.543
4 16 -0.707 -14 -0.707 -0.924 -14 -0.383 -5.543 0 -2.296 -4.243 0 -4.243
4 16 -0.924 -14 -0.383 -1 -14 -0 -6 0 -0 -5.543 0 -2.296
4 16 -1 -14 -0 -0.924 -14 0.383 -5.543 0 2.296 -6 0 -0
4 16 -0.924 -14 0.383 -0.707 -14 0.707 -4.243 0 4.243 -5.543 0 2.296
4 16 -0.707 -14 0.707 -0.383 -14 0.924 -2.296 0 5.543 -4.243 0 4.243
4 16 -0.383 -14 0.924 -0 -14 1 -0 0 6 -2.296 0 5.543
4 16 -0 -14 1 0.383 -14 0.924 2.296 0 5.543 -0 0 6
1 16 0 -4 0 6 0 0 0 1 0 0 0 6 4-4edge.dat
1 16 0 -4 0 6 0 0 0 4 0 0 0 6 4-4cyli.dat
1 16 0 0 0 6 0 0 0 1 0 0 0 6 4-4edge.dat
1 16 0 0 0 2 0 0 0 0 0 0 0 2 4-4ring3.dat
1 16 0 0 0 8 0 0 0 1 0 0 0 8 4-4edge.dat
1 16 0 -9 0 8 0 0 0 9 0 0 0 8 4-4cyli.dat
1 16 0 -9 0 8 0 0 0 1 0 0 0 8 4-4edge.dat
4 16 3.061 -9 7.391 5.657 -9 5.657 8.485 -3 8.485 4.592 -3 11.087
4 16 5.657 -9 5.657 7.391 -9 3.061 11.087 -3 4.592 8.485 -3 8.485
4 16 7.391 -9 3.061 8 -9 0 12 -3 0 11.087 -3 4.592
4 16 8 -9 0 7.391 -9 -3.061 11.087 -3 -4.592 12 -3 0
4 16 7.391 -9 -3.061 5.657 -9 -5.657 8.485 -3 -8.485 11.087 -3 -4.592
4 16 5.657 -9 -5.657 3.061 -9 -7.391 4.592 -3 -11.087 8.485 -3 -8.485
4 16 3.061 -9 -7.391 0 -9 -8 0 -3 -12 4.592 -3 -11.087
4 16 0 -9 -8 -3.061 -9 -7.391 -4.592 -3 -11.087 0 -3 -12
4 16 -3.061 -9 -7.391 -5.657 -9 -5.657 -8.485 -3 -8.485 -4.592 -3 -11.087
4 16 -5.657 -9 -5.657 -7.391 -9 -3.061 -11.087 -3 -4.592 -8.485 -3 -8.485
4 16 -7.391 -9 -3.061 -8 -9 -0 -12 -3 -0 -11.087 -3 -4.592
4 16 -8 -9 -0 -7.391 -9 3.061 -11.087 -3 4.592 -12 -3 -0
4 16 -7.391 -9 3.061 -5.657 -9 5.657 -8.485 -3 8.485 -11.087 -3 4.592
4 16 -5.657 -9 5.657 -3.062 -9 7.391 -4.592 -3 11.087 -8.485 -3 8.485
4 16 -3.062 -9 7.391 -0 -9 8 -0 -3 12 -4.592 -3 11.087
4 16 -0 -9 8 3.061 -9 7.391 4.592 -3 11.087 -0 -3 12
4 16 4.592 -3 11.087 8.485 -3 8.485 9.192 5 9.192 4.975 5 12.010
4 16 8.485 -3 8.485 11.087 -3 4.592 12.010 5 4.975 9.192 5 9.192
4 16 11.087 -3 4.592 12 -3 0 13 5 0 12.010 5 4.975
4 16 12 -3 0 11.087 -3 -4.592 12.010 5 -4.975 13 5 0
4 16 11.087 -3 -4.592 8.485 -3 -8.485 9.192 5 -9.192 12.010 5 -4.975
4 16 8.485 -3 -8.485 4.592 -3 -11.087 4.975 5 -12.010 9.192 5 -9.192
4 16 4.592 -3 -11.087 0 -3 -12 0 5 -13 4.975 5 -12.010
4 16 0 -3 -12 -4.592 -3 -11.087 -4.975 5 -12.010 0 5 -13
4 16 -4.592 -3 -11.087 -8.485 -3 -8.485 -9.192 5 -9.192 -4.975 5 -12.010
4 16 -8.485 -3 -8.485 -11.087 -3 -4.592 -12.010 5 -4.975 -9.192 5 -9.192
4 16 -11.087 -3 -4.592 -12 -3 -0 -13 5 -0 -12.010 5 -4.975
4 16 -12 -3 -0 -11.087 -3 4.592 -12.010 5 4.975 -13 5 -0
4 16 -11.087 -3 4.592 -8.485 -3 8.485 -9.192 5 9.192 -12.010 5 4.975
4 16 -8.485 -3 8.485 -4.592 -3 11.087 -4.975 5 12.010 -9.192 5 9.192
4 16 -4.592 -3 11.087 -0 -3 12 -0 5 13 -4.975 5 12.010
4 16 -0 -3 12 4.592 -3 11.087 4.975 5 12.010 -0 5 13
1 16 0 5 0 13 0 0 0 1 0 0 0 13 4-4edge.dat
1 16 0 5 0 13 0 0 0 2 0 0 0 13 4-4cyli.dat
4 16 8.021 19 -10 8.021 17 -10 7.133 18.414 -10.586 7.133 19 -10.586
3 16 7.133 19 -10.586 7.133 18.414 -10.586 4.975 19 -12.010
4 16 8.021 7 -10 9.192 7 -9.192 9.192 19 -9.192 8.021 19 -10
1 16 0 7 0 9.192 0 9.192 0 12 0 -9.192 0 9.192 3-4cyli.dat
4 16 -8.021 7 -10 -9.192 7 -9.192 -9.192 19 -9.192 -8.021 19 -10
3 16 -7.133 19 -10.586 -7.133 18.414 -10.586 -4.975 19 -12.010
4 16 -8.021 19 -10 -8.021 17 -10 -7.133 18.414 -10.586 -7.133 19 -10.586
2 24 0 7 -13 4.975 7 -12.010
2 24 4.975 7 -12.010 8.021 7 -10
2 24 8.021 7 -10 8.021 17 -10
2 24 8.021 17 -10 7.133 18.414 -10.586
2 24 7.133 18.414 -10.586 4.975 19 -12.010
2 24 0 19 -13 4.975 19 -12.010
2 24 0 7 -13 -4.975 7 -12.010
2 24 -4.975 7 -12.010 -8.021 7 -10
2 24 -8.021 7 -10 -8.021 17 -10
2 24 -8.021 17 -10 -7.133 18.414 -10.586
2 24 -7.133 18.414 -10.586 -4.975 19 -12.010
2 24 0 19 -13 -4.975 19 -12.010
1 16 0 19 0 13 0 0 0 5 0 0 0 13 2-4cyli.dat
1 16 0 19 0 13 0 0 0 5 0 0 0 -13 2-4cyli.dat
1 16 0 24 0 13 0 0 0 1 0 0 0 13 4-4edge.dat
4 16 1 -17 1 1 -17 -1 -1 -17 -1 -1 -17 1
2 24 1 -17 1 1.023 -16 1.023
2 24 -1 -17 1 -1.023 -16 1.023
2 24 1 -17 -1 1.023 -16 -1.023
2 24 -1 -17 -1 -1.023 -16 -1.023
4 16 1 -17 -1 1.114 -12 -8 -1.114 -12 -8 -1 -17 -1
4 16 1.114 -12 -8 1.318 -3 -14 -1.318 -3 -14 -1.114 -12 -8
4 16 1.318 -3 -14 1.5 5 -16 -1.5 5 -16 -1.318 -3 -14
4 16 1.5 5 -16 1.5 7 -16 -1.5 7 -16 -1.5 5 -16
2 24 1.5 7 -16 -1.5 7 -16
2 24 1 -17 -1 1.114 -12 -8
2 24 1.114 -12 -8 1.318 -3 -14
2 24 1.318 -3 -14 1.5 5 -16
2 24 -1 -17 -1 -1.114 -12 -8
2 24 -1.114 -12 -8 -1.318 -3 -14
2 24 -1.318 -3 -14 -1.5 5 -16
5 24 1 -17 -1 -1 -17 -1 1 -17 1 1.114 -12 -8 
5 24 1.114 -12 -8 -1.114 -12 -8 1 -17 -1 1.318 -3 -14
5 24 1.318 -3 -14 -1.318 -3 -14 1.114 -12 -8 1.5 5 -16
4 16 1 -17 -1 1.023 -16 -1.023 1.130 -11.293 -7.293 1.114 -12 -8
4 16 1.114 -12 -8 1.130 -11.293 -7.293 1.334 -2.293 -13.293 1.318 -3 -14
4 16 1.318 -3 -14 1.334 -2.293 -13.293 1.5 5 -15 1.5 5 -16
2 24 1.023 -16 -1.023 1.130 -11.293 -7.293 
2 24 1.130 -11.293 -7.293 1.334 -2.293 -13.293 
2 24 1.334 -2.293 -13.293 1.5 5 -15
2 24 1.5 5 -15 1.5 5 -16
4 16 -1 -17 -1 -1.023 -16 -1.023 -1.130 -11.293 -7.293 -1.114 -12 -8
4 16 -1.114 -12 -8 -1.130 -11.293 -7.293 -1.334 -2.293 -13.293 -1.318 -3 -14
4 16 -1.318 -3 -14 -1.334 -2.293 -13.293 -1.5 5 -15 -1.5 5 -16
2 24 -1.023 -16 -1.023 -1.130 -11.293 -7.293 
2 24 -1.130 -11.293 -7.293 -1.334 -2.293 -13.293 
2 24 -1.334 -2.293 -13.293 -1.5 5 -15
2 24 -1.5 5 -15 -1.5 5 -16
4 16 1 -17 1 1.114 -12 8 -1.114 -12 8 -1 -17 1
4 16 1.114 -12 8 1.318 -3 14 -1.318 -3 14 -1.114 -12 8
4 16 1.318 -3 14 1.5 5 16 -1.5 5 16 -1.318 -3 14
4 16 1.5 5 16 1.5 7 16 -1.5 7 16 -1.5 5 16
2 24 1.5 7 16 -1.5 7 16
2 24 1 -17 1 1.114 -12 8
2 24 1.114 -12 8 1.318 -3 14
2 24 1.318 -3 14 1.5 5 16
2 24 -1 -17 1 -1.114 -12 8
2 24 -1.114 -12 8 -1.318 -3 14
2 24 -1.318 -3 14 -1.5 5 16
5 24 1 -17 1 -1 -17 1 1 -17 -1 1.114 -12 8 
5 24 1.114 -12 8 -1.114 -12 8 1 -17 1 1.318 -3 14
5 24 1.318 -3 14 -1.318 -3 14 1.114 -12 8 1.5 5 16
4 16 1 -17 1 1.023 -16 1.023 1.130 -11.293 7.293 1.114 -12 8
4 16 1.114 -12 8 1.130 -11.293 7.293 1.334 -2.293 13.293 1.318 -3 14
4 16 1.318 -3 14 1.334 -2.293 13.293 1.5 5 15 1.5 5 16
2 24 1.023 -16 1.023 1.130 -11.293 7.293 
2 24 1.130 -11.293 7.293 1.334 -2.293 13.293 
2 24 1.334 -2.293 13.293 1.5 5 15
2 24 1.5 5 15 1.5 5 16
4 16 -1 -17 1 -1.023 -16 1.023 -1.130 -11.293 7.293 -1.114 -12 8
4 16 -1.114 -12 8 -1.130 -11.293 7.293 -1.334 -2.293 13.293 -1.318 -3 14
4 16 -1.318 -3 14 -1.334 -2.293 13.293 -1.5 5 15 -1.5 5 16
2 24 -1.023 -16 1.023 -1.130 -11.293 7.293 
2 24 -1.130 -11.293 7.293 -1.334 -2.293 13.293 
2 24 -1.334 -2.293 13.293 -1.5 5 15
2 24 -1.5 5 15 -1.5 5 16
4 16 -1 -17 1 -8 -12 1.114 -8 -12 -1.114 -1 -17 -1
4 16 -8 -12 1.114 -14 -3 1.318 -14 -3 -1.318 -8 -12 -1.114
4 16 -14 -3 1.318 -16 5 1.5 -16 5 -1.5 -14 -3 -1.318
4 16 -16 5 1.5 -16 7 1.5 -16 7 -1.5 -16 5 -1.5
2 24 -16 7 1.5 -16 7 -1.5
2 24 -1 -17 1 -8 -12 1.114
2 24 -8 -12 1.114 -14 -3 1.318
2 24 -14 -3 1.318 -16 5 1.5
2 24 -1 -17 -1 -8 -12 -1.114
2 24 -8 -12 -1.114 -14 -3 -1.318
2 24 -14 -3 -1.318 -16 5 -1.5
5 24 -1 -17 1 -1 -17 -1 1 -17 1 -8 -12 1.114
5 24 -8 -12 1.114 -8 -12 -1.114 -1 -17 1 -14 -3 1.318
5 24 -14 -3 1.318 -14 -3 -1.318 -8 -12 1.114 -16 5 1.5
4 16 -1 -17 1 -1.023 -16 1.023 -7.293 -11.293 1.13 -8 -12 1.114
4 16 -8 -12 1.114 -7.293 -11.293 1.13 -13.293 -2.293 1.334 -14 -3 1.318
4 16 -14 -3 1.318 -13.293 -2.293 1.334 -15 5 1.5 -16 5 1.5
2 24 -1.023 -16 1.023 -7.293 -11.293 1.13
2 24 -7.293 -11.293 1.13 -13.293 -2.293 1.334
2 24 -13.293 -2.293 1.334 -15 5 1.5
2 24 -15 5 1.5 -16 5 1.5
4 16 -1 -17 -1 -1.023 -16 -1.023 -7.293 -11.293 -1.13 -8 -12 -1.114
4 16 -8 -12 -1.114 -7.293 -11.293 -1.13 -13.293 -2.293 -1.334 -14 -3 -1.318
4 16 -14 -3 -1.318 -13.293 -2.293 -1.334 -15 5 -1.5 -16 5 -1.5
2 24 -1.023 -16 -1.023 -7.293 -11.293 -1.13
2 24 -7.293 -11.293 -1.13 -13.293 -2.293 -1.334
2 24 -13.293 -2.293 -1.334 -15 5 -1.5
2 24 -15 5 -1.5 -16 5 -1.5
4 16 1 -17 1 8 -12 1.114 8 -12 -1.114 1 -17 -1
4 16 8 -12 1.114 14 -3 1.318 14 -3 -1.318 8 -12 -1.114
4 16 14 -3 1.318 16 5 1.5 16 5 -1.5 14 -3 -1.318
4 16 16 5 1.5 16 7 1.5 16 7 -1.5 16 5 -1.5
2 24 16 7 1.5 16 7 -1.5
2 24 1 -17 1 8 -12 1.114
2 24 8 -12 1.114 14 -3 1.318
2 24 14 -3 1.318 16 5 1.5
2 24 1 -17 -1 8 -12 -1.114
2 24 8 -12 -1.114 14 -3 -1.318
2 24 14 -3 -1.318 16 5 -1.5
5 24 1 -17 1 1 -17 -1 -1 -17 1 8 -12 1.114
5 24 8 -12 1.114 8 -12 -1.114 1 -17 1 14 -3 1.318
5 24 14 -3 1.318 14 -3 -1.318 8 -12 1.114 16 5 1.5
4 16 1 -17 1 1.023 -16 1.023 7.293 -11.293 1.13 8 -12 1.114
4 16 8 -12 1.114 7.293 -11.293 1.13 13.293 -2.293 1.334 14 -3 1.318
4 16 14 -3 1.318 13.293 -2.293 1.334 15 5 1.5 16 5 1.5
2 24 1.023 -16 1.023 7.293 -11.293 1.13
2 24 7.293 -11.293 1.13 13.293 -2.293 1.334
2 24 13.293 -2.293 1.334 15 5 1.5
2 24 15 5 1.5 16 5 1.5
4 16 1 -17 -1 1.023 -16 -1.023 7.293 -11.293 -1.13 8 -12 -1.114
4 16 8 -12 -1.114 7.293 -11.293 -1.13 13.293 -2.293 -1.334 14 -3 -1.318
4 16 14 -3 -1.318 13.293 -2.293 -1.334 15 5 -1.5 16 5 -1.5
2 24 1.023 -16 -1.023 7.293 -11.293 -1.13
2 24 7.293 -11.293 -1.13 13.293 -2.293 -1.334
2 24 13.293 -2.293 -1.334 15 5 -1.5
2 24 15 5 -1.5 16 5 -1.5
3 16 1.023 -16 1.023 7.293 -11.293 1.130 6.738 -11.293 2.791
3 16 1.023 -16 1.023 6.738 -11.293 2.791 5.157 -11.293 5.157
3 16 1.023 -16 1.023 5.157 -11.293 5.157 2.791 -11.293 6.738
3 16 1.023 -16 1.023 2.791 -11.293 6.738 1.130 -11.293 7.293
5 24 1.023 -16 1.023 6.738 -11.293 2.791 7.293 -11.293 1.130 5.157 -11.293 5.157
5 24 1.023 -16 1.023 5.157 -11.293 5.157 6.738 -11.293 2.791 2.791 -11.293 6.738
5 24 1.023 -16 1.023 2.791 -11.293 6.738 5.157 -11.293 5.157 1.130 -11.293 7.293
5 24 7.293 -11.293 1.130 6.738 -11.293 2.791 1.023 -16 1.023 12.281 -2.293 5.087
5 24 6.738 -11.293 2.791 5.157 -11.293 5.157 1.023 -16 1.023 9.400 -2.293 9.400
5 24 5.157 -11.293 5.157 2.791 -11.293 6.738 1.023 -16 1.023 5.087 -2.293 12.281
5 24 2.791 -11.293 6.738 1.130 -11.293 7.293 1.023 -16 1.023 1.334 -2.293 13.293
4 16 7.293 -11.293 1.130 6.738 -11.293 2.791 12.281 -2.293 5.087 13.293 -2.293 1.334
4 16 6.738 -11.293 2.791 5.157 -11.293 5.157 9.400 -2.293 9.400 12.281 -2.293 5.087
4 16 5.157 -11.293 5.157 2.791 -11.293 6.738 5.087 -2.293 12.281 9.400 -2.293 9.400
4 16 2.791 -11.293 6.738 1.130 -11.293 7.293 1.334 -2.293 13.293 5.087 -2.293 12.281
5 24 6.738 -11.293 2.791 12.281 -2.293 5.087 13.293 -2.293 1.334 9.400 -2.293 9.400
5 24 5.157 -11.293 5.157 9.400 -2.293 9.400 12.281 -2.293 5.087 5.087 -2.293 12.281
5 24 2.791 -11.293 6.738 5.087 -2.293 12.281 9.400 -2.293 9.400 1.334 -2.293 13.293
5 24 12.281 -2.293 5.087 13.293 -2.293 1.334 7.293 -11.293 1.130 15 5 1.500
5 24 9.400 -2.293 9.400 12.281 -2.293 5.087 6.738 -11.293 2.791 13.858 5 5.740 
5 24 5.087 -2.293 12.281 9.400 -2.293 9.400 5.157 -11.293 5.157 10.607 5 10.607
5 24 1.334 -2.293 13.293 5.087 -2.293 12.281 2.791 -11.293 6.738 5.740 5 13.858
4 16 12.281 -2.293 5.087 13.293 -2.293 1.334 15 5 1.500 13.858 5 5.740 
4 16 9.400 -2.293 9.400 12.281 -2.293 5.087 13.858 5 5.740 10.607 5 10.607
4 16 5.087 -2.293 12.281 9.400 -2.293 9.400 10.607 5 10.607 5.740 5 13.858
4 16 1.334 -2.293 13.293 5.087 -2.293 12.281 5.740 5 13.858 1.500 5 15
5 24 12.281 -2.293 5.087 13.858 5 5.740 15 5 1.500 10.607 5 10.607
5 24 9.400 -2.293 9.400 10.607 5 10.607 13.858 5 5.740 5.740 5 13.858
5 24 5.087 -2.293 12.281 5.740 5 13.858 10.607 5 10.607 1.500 5 15
4 16 15 5 1.500 13.858 5 5.740 14.782 5 6.123 16 5 1.500
4 16 13.858 5 5.740 10.607 5 10.607 11.314 5 11.314 14.782 5 6.123
4 16 10.607 5 10.607 5.740 5 13.858 6.123 5 14.782 11.314 5 11.314
4 16 5.740 5 13.858 1.500 5 15 1.500 5 16 6.123 5 14.782
4 16 14.782 5 6.123 16 5 1.500 16 7 1.500 14.782 7 6.123
4 16 11.314 5 11.314 14.782 5 6.123 14.782 7 6.123 11.314 7 11.314
4 16 6.123 5 14.782 11.314 5 11.314 11.314 7 11.314 6.123 7 14.782
4 16 1.500 5 16 6.123 5 14.782 6.123 7 14.782 1.500 7 16
5 24 16 5 1.500 16 7 1.500 16 7 -1.500 14.782 7 6.123
5 24 14.782 5 6.123 14.782 7 6.123 16 7 1.500 11.314 7 11.314
5 24 11.314 5 11.314 11.314 7 11.314 14.782 7 6.123 6.123 7 14.782
5 24 6.123 5 14.782 6.123 7 14.782 11.314 7 11.314 1.500 7 16
5 24 1.500 5 16 1.500 7 16 6.123 7 14.782 -1.500 7 16
2 24 15 5 1.500 13.858 5 5.740
2 24 13.858 5 5.740 10.607 5 10.607
2 24 10.607 5 10.607 5.740 5 13.858
2 24 5.740 5 13.858 1.500 5 15
2 24 14.782 5 6.123 16 5 1.500
2 24 11.314 5 11.314 14.782 5 6.123
2 24 6.123 5 14.782 11.314 5 11.314
2 24 1.500 5 16 6.123 5 14.782
2 24 16 7 1.500 14.782 7 6.123
2 24 14.782 7 6.123 11.314 7 11.314
2 24 11.314 7 11.314 6.123 7 14.782
2 24 6.123 7 14.782 1.500 7 16
3 16 -1.023 -16 1.023 -7.293 -11.293 1.130 -6.738 -11.293 2.791
3 16 -1.023 -16 1.023 -6.738 -11.293 2.791 -5.157 -11.293 5.157
3 16 -1.023 -16 1.023 -5.157 -11.293 5.157 -2.791 -11.293 6.738
3 16 -1.023 -16 1.023 -2.791 -11.293 6.738 -1.130 -11.293 7.293
5 24 -1.023 -16 1.023 -6.738 -11.293 2.791 -7.293 -11.293 1.130 -5.157 -11.293 5.157
5 24 -1.023 -16 1.023 -5.157 -11.293 5.157 -6.738 -11.293 2.791 -2.791 -11.293 6.738
5 24 -1.023 -16 1.023 -2.791 -11.293 6.738 -5.157 -11.293 5.157 -1.130 -11.293 7.293
5 24 -7.293 -11.293 1.130 -6.738 -11.293 2.791 -1.023 -16 1.023 -12.281 -2.293 5.087
5 24 -6.738 -11.293 2.791 -5.157 -11.293 5.157 -1.023 -16 1.023 -9.400 -2.293 9.400
5 24 -5.157 -11.293 5.157 -2.791 -11.293 6.738 -1.023 -16 1.023 -5.087 -2.293 12.281
5 24 -2.791 -11.293 6.738 -1.130 -11.293 7.293 -1.023 -16 1.023 -1.334 -2.293 13.293
4 16 -7.293 -11.293 1.130 -6.738 -11.293 2.791 -12.281 -2.293 5.087 -13.293 -2.293 1.334
4 16 -6.738 -11.293 2.791 -5.157 -11.293 5.157 -9.400 -2.293 9.400 -12.281 -2.293 5.087
4 16 -5.157 -11.293 5.157 -2.791 -11.293 6.738 -5.087 -2.293 12.281 -9.400 -2.293 9.400
4 16 -2.791 -11.293 6.738 -1.130 -11.293 7.293 -1.334 -2.293 13.293 -5.087 -2.293 12.281
5 24 -6.738 -11.293 2.791 -12.281 -2.293 5.087 -13.293 -2.293 1.334 -9.400 -2.293 9.400
5 24 -5.157 -11.293 5.157 -9.400 -2.293 9.400 -12.281 -2.293 5.087 -5.087 -2.293 12.281
5 24 -2.791 -11.293 6.738 -5.087 -2.293 12.281 -9.400 -2.293 9.400 -1.334 -2.293 13.293
5 24 -12.281 -2.293 5.087 -13.293 -2.293 1.334 -7.293 -11.293 1.130 -15 5 1.500
5 24 -9.400 -2.293 9.400 -12.281 -2.293 5.087 -6.738 -11.293 2.791 -13.858 5 5.740
5 24 -5.087 -2.293 12.281 -9.400 -2.293 9.400 -5.157 -11.293 5.157 -10.607 5 10.607
5 24 -1.334 -2.293 13.293 -5.087 -2.293 12.281 -2.791 -11.293 6.738 -5.740 5 13.858
4 16 -12.281 -2.293 5.087 -13.293 -2.293 1.334 -15 5 1.500 -13.858 5 5.740
4 16 -9.400 -2.293 9.400 -12.281 -2.293 5.087 -13.858 5 5.740 -10.607 5 10.607
4 16 -5.087 -2.293 12.281 -9.400 -2.293 9.400 -10.607 5 10.607 -5.740 5 13.858
4 16 -1.334 -2.293 13.293 -5.087 -2.293 12.281 -5.740 5 13.858 -1.500 5 15
5 24 -12.281 -2.293 5.087 -13.858 5 5.740 -15 5 1.500 -10.607 5 10.607
5 24 -9.400 -2.293 9.400 -10.607 5 10.607 -13.858 5 5.740 -5.740 5 13.858
5 24 -5.087 -2.293 12.281 -5.740 5 13.858 -10.607 5 10.607 -1.500 5 15
4 16 -15 5 1.500 -13.858 5 5.740 -14.782 5 6.123 -16 5 1.500
4 16 -13.858 5 5.740 -10.607 5 10.607 -11.314 5 11.314 -14.782 5 6.123
4 16 -10.607 5 10.607 -5.740 5 13.858 -6.123 5 14.782 -11.314 5 11.314
4 16 -5.740 5 13.858 -1.500 5 15 -1.500 5 16 -6.123 5 14.782
4 16 -14.782 5 6.123 -16 5 1.500 -16 7 1.500 -14.782 7 6.123
4 16 -11.314 5 11.314 -14.782 5 6.123 -14.782 7 6.123 -11.314 7 11.314
4 16 -6.123 5 14.782 -11.314 5 11.314 -11.314 7 11.314 -6.123 7 14.782
4 16 -1.500 5 16 -6.123 5 14.782 -6.123 7 14.782 -1.500 7 16
5 24 -16 5 1.500 -16 7 1.500 -16 7 -1.500 -14.782 7 6.123
5 24 -14.782 5 6.123 -14.782 7 6.123 -16 7 1.500 -11.314 7 11.314
5 24 -11.314 5 11.314 -11.314 7 11.314 -14.782 7 6.123 -6.123 7 14.782
5 24 -6.123 5 14.782 -6.123 7 14.782 -11.314 7 11.314 -1.500 7 16
5 24 -1.500 5 16 -1.500 7 16 -6.123 7 14.782 1.500 7 16
2 24 -15 5 1.500 -13.858 5 5.740
2 24 -13.858 5 5.740 -10.607 5 10.607
2 24 -10.607 5 10.607 -5.740 5 13.858
2 24 -5.740 5 13.858 -1.500 5 15
2 24 -14.782 5 6.123 -16 5 1.500
2 24 -11.314 5 11.314 -14.782 5 6.123
2 24 -6.123 5 14.782 -11.314 5 11.314
2 24 -1.500 5 16 -6.123 5 14.782
2 24 -16 7 1.500 -14.782 7 6.123
2 24 -14.782 7 6.123 -11.314 7 11.314
2 24 -11.314 7 11.314 -6.123 7 14.782
2 24 -6.123 7 14.782 -1.500 7 16
3 16 0 -16 -1.023 -7.293 -11.293 -1.130 -6.738 -11.293 -2.791
3 16 -1.023 -16 -1.023 -6.738 -11.293 -2.791 -5.157 -11.293 -5.157
3 16 -1.023 -16 -1.023 -5.157 -11.293 -5.157 -2.791 -11.293 -6.738
3 16 -1.023 -16 -1.023 -2.791 -11.293 -6.738 -1.130 -11.293 -7.293
5 24 -1.023 -16 -1.023 -6.738 -11.293 -2.791 -7.293 -11.293 -1.130 -5.157 -11.293 -5.157
5 24 -1.023 -16 -1.023 -5.157 -11.293 -5.157 -6.738 -11.293 -2.791 -2.791 -11.293 -6.738
5 24 -1.023 -16 -1.023 -2.791 -11.293 -6.738 -5.157 -11.293 -5.157 -1.130 -11.293 -7.293
5 24 -7.293 -11.293 -1.130 -6.738 -11.293 -2.791 -1.023 -16 -1.023 -12.281 -2.293 -5.087
5 24 -6.738 -11.293 -2.791 -5.157 -11.293 -5.157 -1.023 -16 -1.023 -9.400 -2.293 -9.400
5 24 -5.157 -11.293 -5.157 -2.791 -11.293 -6.738 -1.023 -16 -1.023 -5.087 -2.293 -12.281
5 24 -2.791 -11.293 -6.738 -1.130 -11.293 -7.293 -1.023 -16 -1.023 -1.334 -2.293 -13.293
4 16 -7.293 -11.293 -1.130 -6.738 -11.293 -2.791 -12.281 -2.293 -5.087 -13.293 -2.293 -1.334
4 16 -6.738 -11.293 -2.791 -5.157 -11.293 -5.157 -9.400 -2.293 -9.400 -12.281 -2.293 -5.087
4 16 -5.157 -11.293 -5.157 -2.791 -11.293 -6.738 -5.087 -2.293 -12.281 -9.400 -2.293 -9.400
4 16 -2.791 -11.293 -6.738 -1.130 -11.293 -7.293 -1.334 -2.293 -13.293 -5.087 -2.293 -12.281
5 24 -6.738 -11.293 -2.791 -12.281 -2.293 -5.087 -13.293 -2.293 -1.334 -9.400 -2.293 -9.400
5 24 -5.157 -11.293 -5.157 -9.400 -2.293 -9.400 -12.281 -2.293 -5.087 -5.087 -2.293 -12.281
5 24 -2.791 -11.293 -6.738 -5.087 -2.293 -12.281 -9.400 -2.293 -9.400 -1.334 -2.293 -13.293
5 24 -12.281 -2.293 -5.087 -13.293 -2.293 -1.334 -7.293 -11.293 -1.130 -15 5 -1.500
5 24 -9.400 -2.293 -9.400 -12.281 -2.293 -5.087 -6.738 -11.293 -2.791 -13.858 5 -5.740
5 24 -5.087 -2.293 -12.281 -9.400 -2.293 -9.400 -5.157 -11.293 -5.157 -10.607 5 -10.607
5 24 -1.334 -2.293 -13.293 -5.087 -2.293 -12.281 -2.791 -11.293 -6.738 -5.740 5 -13.858
4 16 -12.281 -2.293 -5.087 -13.293 -2.293 -1.334 -15 5 -1.500 -13.858 5 -5.740
4 16 -9.400 -2.293 -9.400 -12.281 -2.293 -5.087 -13.858 5 -5.740 -10.607 5 -10.607
4 16 -5.087 -2.293 -12.281 -9.400 -2.293 -9.400 -10.607 5 -10.607 -5.740 5 -13.858
4 16 -1.334 -2.293 -13.293 -5.087 -2.293 -12.281 -5.740 5 -13.858 -1.500 5 -15
5 24 -12.281 -2.293 -5.087 -13.858 5 -5.740 -15 5 -1.500 -10.607 5 -10.607
5 24 -9.400 -2.293 -9.400 -10.607 5 -10.607 -13.858 5 -5.740 -5.740 5 -13.858
5 24 -5.087 -2.293 -12.281 -5.740 5 -13.858 -10.607 5 -10.607 -1.500 5 -15
4 16 -15 5 -1.500 -13.858 5 -5.740 -14.782 5 -6.123 -16 5 -1.500
4 16 -13.858 5 -5.740 -10.607 5 -10.607 -11.314 5 -11.314 -14.782 5 -6.123
4 16 -10.607 5 -10.607 -5.740 5 -13.858 -6.123 5 -14.782 -11.314 5 -11.314
4 16 -5.740 5 -13.858 -1.500 5 -15 -1.500 5 -16 -6.123 5 -14.782
4 16 -14.782 5 -6.123 -16 5 -1.500 -16 7 -1.500 -14.782 7 -6.123
4 16 -11.314 5 -11.314 -14.782 5 -6.123 -14.782 7 -6.123 -11.314 7 -11.314
4 16 -6.123 5 -14.782 -11.314 5 -11.314 -11.314 7 -11.314 -6.123 7 -14.782
4 16 -1.500 5 -16 -6.123 5 -14.782 -6.123 7 -14.782 -1.500 7 -16
5 24 -16 5 -1.500 -16 7 -1.500 -16 7 1.500 -14.782 7 -6.123
5 24 -14.782 5 -6.123 -14.782 7 -6.123 -16 7 -1.500 -11.314 7 -11.314
5 24 -11.314 5 -11.314 -11.314 7 -11.314 -14.782 7 -6.123 -6.123 7 -14.782
5 24 -6.123 5 -14.782 -6.123 7 -14.782 -11.314 7 -11.314 -1.500 7 -16
5 24 -1.500 5 -16 -1.500 7 -16 -6.123 7 -14.782 1.500 7 -16
2 24 -15 5 -1.500 -13.858 5 -5.740
2 24 -13.858 5 -5.740 -10.607 5 -10.607
2 24 -10.607 5 -10.607 -5.740 5 -13.858
2 24 -5.740 5 -13.858 -1.500 5 -15
2 24 -14.782 5 -6.123 -16 5 -1.500
2 24 -11.314 5 -11.314 -14.782 5 -6.123
2 24 -6.123 5 -14.782 -11.314 5 -11.314
2 24 -1.500 5 -16 -6.123 5 -14.782
2 24 -16 7 -1.500 -14.782 7 -6.123
2 24 -14.782 7 -6.123 -11.314 7 -11.314
2 24 -11.314 7 -11.314 -6.123 7 -14.782
2 24 -6.123 7 -14.782 -1.500 7 -16
3 16 1.023 -16 -1.023 7.293 -11.293 -1.130 6.738 -11.293 -2.791
3 16 1.023 -16 -1.023 6.738 -11.293 -2.791 5.157 -11.293 -5.157
3 16 1.023 -16 -1.023 5.157 -11.293 -5.157 2.791 -11.293 -6.738
3 16 1.023 -16 -1.023 2.791 -11.293 -6.738 1.130 -11.293 -7.293
5 24 1.023 -16 -1.023 6.738 -11.293 -2.791 7.293 -11.293 -1.130 5.157 -11.293 -5.157
5 24 1.023 -16 -1.023 5.157 -11.293 -5.157 6.738 -11.293 -2.791 2.791 -11.293 -6.738
5 24 1.023 -16 -1.023 2.791 -11.293 -6.738 5.157 -11.293 -5.157 1.130 -11.293 -7.293
5 24 7.293 -11.293 -1.130 6.738 -11.293 -2.791 1.023 -16 -1.023 12.281 -2.293 -5.087
5 24 6.738 -11.293 -2.791 5.157 -11.293 -5.157 1.023 -16 -1.023 9.400 -2.293 -9.400
5 24 5.157 -11.293 -5.157 2.791 -11.293 -6.738 1.023 -16 -1.023 5.087 -2.293 -12.281
5 24 2.791 -11.293 -6.738 1.130 -11.293 -7.293 1.023 -16 -1.023 1.334 -2.293 -13.293
4 16 7.293 -11.293 -1.130 6.738 -11.293 -2.791 12.281 -2.293 -5.087 13.293 -2.293 -1.334
4 16 6.738 -11.293 -2.791 5.157 -11.293 -5.157 9.400 -2.293 -9.400 12.281 -2.293 -5.087
4 16 5.157 -11.293 -5.157 2.791 -11.293 -6.738 5.087 -2.293 -12.281 9.400 -2.293 -9.400
4 16 2.791 -11.293 -6.738 1.130 -11.293 -7.293 1.334 -2.293 -13.293 5.087 -2.293 -12.281
5 24 6.738 -11.293 -2.791 12.281 -2.293 -5.087 13.293 -2.293 -1.334 9.400 -2.293 -9.400
5 24 5.157 -11.293 -5.157 9.400 -2.293 -9.400 12.281 -2.293 -5.087 5.087 -2.293 -12.281
5 24 2.791 -11.293 -6.738 5.087 -2.293 -12.281 9.400 -2.293 -9.400 1.334 -2.293 -13.293
5 24 12.281 -2.293 -5.087 13.293 -2.293 -1.334 7.293 -11.293 -1.130 15 5 -1.500
5 24 9.400 -2.293 -9.400 12.281 -2.293 -5.087 6.738 -11.293 -2.791 13.858 5 -5.740
5 24 5.087 -2.293 -12.281 9.400 -2.293 -9.400 5.157 -11.293 -5.157 10.607 5 -10.607
5 24 1.334 -2.293 -13.293 5.087 -2.293 -12.281 2.791 -11.293 -6.738 5.740 5 -13.858
4 16 12.281 -2.293 -5.087 13.293 -2.293 -1.334 15 5 -1.500 13.858 5 -5.740
4 16 9.400 -2.293 -9.400 12.281 -2.293 -5.087 13.858 5 -5.740 10.607 5 -10.607
4 16 5.087 -2.293 -12.281 9.400 -2.293 -9.400 10.607 5 -10.607 5.740 5 -13.858
4 16 1.334 -2.293 -13.293 5.087 -2.293 -12.281 5.740 5 -13.858 1.500 5 -15
5 24 12.281 -2.293 -5.087 13.858 5 -5.740 15 5 -1.500 10.607 5 -10.607
5 24 9.400 -2.293 -9.400 10.607 5 -10.607 13.858 5 -5.740 5.740 5 -13.858
5 24 5.087 -2.293 -12.281 5.740 5 -13.858 10.607 5 -10.607 1.500 5 -15
4 16 15 5 -1.500 13.858 5 -5.740 14.782 5 -6.123 16 5 -1.500
4 16 13.858 5 -5.740 10.607 5 -10.607 11.314 5 -11.314 14.782 5 -6.123
4 16 10.607 5 -10.607 5.740 5 -13.858 6.123 5 -14.782 11.314 5 -11.314
4 16 5.740 5 -13.858 1.500 5 -15 1.500 5 -16 6.123 5 -14.782
4 16 14.782 5 -6.123 16 5 -1.500 16 7 -1.500 14.782 7 -6.123
4 16 11.314 5 -11.314 14.782 5 -6.123 14.782 7 -6.123 11.314 7 -11.314
4 16 6.123 5 -14.782 11.314 5 -11.314 11.314 7 -11.314 6.123 7 -14.782
4 16 1.500 5 -16 6.123 5 -14.782 6.123 7 -14.782 1.500 7 -16
5 24 16 5 -1.500 16 7 -1.500 16 7 1.500 14.782 7 -6.123
5 24 14.782 5 -6.123 14.782 7 -6.123 16 7 -1.500 11.314 7 -11.314
5 24 11.314 5 -11.314 11.314 7 -11.314 14.782 7 -6.123 6.123 7 -14.782
5 24 6.123 5 -14.782 6.123 7 -14.782 11.314 7 -11.314 1.500 7 -16
5 24 1.500 5 -16 1.500 7 -16 6.123 7 -14.782 -1.500 7 -16
2 24 15 5 -1.500 13.858 5 -5.740
2 24 13.858 5 -5.740 10.607 5 -10.607
2 24 10.607 5 -10.607 5.740 5 -13.858
2 24 5.740 5 -13.858 1.500 5 -15
2 24 14.782 5 -6.123 16 5 -1.500
2 24 11.314 5 -11.314 14.782 5 -6.123
2 24 6.123 5 -14.782 11.314 5 -11.314
2 24 1.500 5 -16 6.123 5 -14.782
2 24 16 7 -1.500 14.782 7 -6.123
2 24 14.782 7 -6.123 11.314 7 -11.314
2 24 11.314 7 -11.314 6.123 7 -14.782
2 24 6.123 7 -14.782 1.500 7 -16
3 16 -1.5 7 -16 1.5 7 -16 0 7 -13
4 16 -1.5 7 -16 -6.123 7 -14.782 -4.975 7 -12.010 0 7 -13
4 16 -6.123 7 -14.782 -11.314 7 -11.314 -8.021 7 -10 -4.975 7 -12.010
3 16 -11.314 7 -11.314 -11.012 7 -10 -8.021 7 -10
4 16 -11.314 7 -11.314 -14.782 7 -6.123 -13.858 7 -5.740 -11.012 7 -10
4 16 -14.782 7 -6.123 -16 7 -1.5 -15 7 0 -13.858 7 -5.740
3 16 -16 7 1.5 -16 7 -1.5 -15 7 0
4 16 -14.782 7 6.123 -16 7 1.5 -15 7 0 -13.858 7 5.740
4 16 -11.314 7 11.314 -14.782 7 6.123 -13.858 7 5.740 -10.607 7 10.607
4 16 -6.123 7 14.782 -11.314 7 11.314 -10.607 7 10.607 -5.740 7 13.858
4 16 -1.5 7 16 -6.123 7 14.872 -5.740 7 13.858 0 7 15
3 16 -1.5 7 16 1.5 7 16 0 7 15
4 16 1.5 7 16 6.123 7 14.872 5.740 7 13.858 0 7 15
4 16 6.123 7 14.782 11.314 7 11.314 10.607 7 10.607 5.740 7 13.858
4 16 11.314 7 11.314 14.782 7 6.123 13.858 7 5.740 10.607 7 10.607
4 16 14.782 7 6.123 16 7 1.5 15 7 0 13.858 7 5.740
3 16 16 7 1.5 16 7 -1.5 15 7 0
4 16 14.782 7 -6.123 16 7 -1.5 15 7 0 13.858 7 -5.740
4 16 11.314 7 -11.314 14.782 7 -6.123 13.858 7 -5.740 11.012 7 -10
3 16 11.314 7 -11.314 11.012 7 -10 8.021 7 -10
4 16 6.123 7 -14.782 11.314 7 -11.314 8.021 7 -10 4.975 7 -12.010
4 16 1.5 7 -16 6.123 7 -14.782 4.975 7 -12.010 0 7 -13
2 24 -4.975 7 -12.010 0 7 -13
2 24 -8.021 7 -10 -4.975 7 -12.010
2 24 -11.012 7 -10 -8.021 7 -10
2 24 -13.858 7 -5.740 -11.012 7 -10
2 24 -15 7 0 -13.858 7 -5.740
2 24 -15 7 0 -13.858 7 5.740
2 24 -13.858 7 5.740 -10.607 7 10.607
2 24 -10.607 7 10.607 -5.740 7 13.858
2 24 -5.740 7 13.858 0 7 15
2 24 5.740 7 13.858 0 7 15
2 24 10.607 7 10.607 5.740 7 13.858
2 24 13.858 7 5.740 10.607 7 10.607
2 24 15 7 0 13.858 7 5.740
2 24 15 7 0 13.858 7 -5.740
2 24 13.858 7 -5.740 11.012 7 -10
2 24 11.012 7 -10 8.021 7 -10
2 24 8.021 7 -10 4.975 7 -12.010
2 24 4.975 7 -12.010 0 7 -13
4 16 8.021 7 -10 11.012 7 -10 11.012 17 -10 8.021 17 -10 
4 16 7.106 18.414 -10.586 10.621 18.414 -10.586 11.012 17 -10 8.021 17 -10
4 16 7.075 18.422 -10.607 10.607 18.422 -10.607 10.621 18.414 -10.586 7.106 18.414 -10.586
4 16 4.975 19 -12.010 8.507 19 -12.010 10.607 18.422 -10.607 7.075 18.422 -10.607
3 16 5.740 19 -13.858 4.975 19 -12.010 8.507 19 -12.010
4 16 5.740 19 -13.858 0 19 -15 0 19 -13 4.975 19 -12.010
4 16 -5.740 19 -13.858 0 19 -15 0 19 -13 -4.975 19 -12.010
3 16 -5.740 19 -13.858 -4.975 19 -12.010 -8.507 19 -12.010
4 16 -4.975 19 -12.010 -8.507 19 -12.010 -10.607 18.422 -10.607 -7.075 18.422 -10.607
4 16 -7.075 18.422 -10.607 -10.607 18.422 -10.607 -10.621 18.414 -10.586 -7.106 18.414 -10.586
4 16 -7.106 18.414 -10.586 -10.621 18.414 -10.586 -11.012 17 -10 -8.021 17 -10
4 16 -8.021 7 -10 -11.012 7 -10 -11.012 17 -10 -8.021 17 -10
2 24 11.012 7 -10 11.012 17 -10
2 24 10.621 18.414 -10.586 11.012 17 -10
2 24 10.607 18.422 -10.607 10.621 18.414 -10.586
2 24 8.507 19 -12.010 10.607 18.422 -10.607
2 24 5.740 19 -13.858 8.507 19 -12.010
2 24 5.740 19 -13.858 0 19 -15
2 24 -5.740 19 -13.858 0 19 -15
2 24 -5.740 19 -13.858 -8.507 19 -12.010
2 24 -8.507 19 -12.010 -10.607 18.422 -10.607
2 24 -10.607 18.422 -10.607 -10.621 18.414 -10.586
2 24 -10.621 18.414 -10.586 -11.012 17 -10
2 24 -11.012 7 -10 -11.012 17 -10
1 16 0 7 0 15 0 0 0 12 0 0 0 15 2-4cyli.dat
4 16 15 7 0 13.858 7 -5.740 13.858 19 -5.740 15 19 0
4 16 13.858 7 -5.740 11.012 7 -10 11.012 19 -10 13.858 19 -5.740
4 16 10.621 19 -10.586 10.621 18.414 -10.586 11.012 17 -10 11.012 19 -10
4 16 10.607 18.422 -10.607 10.607 19 -10.607 10.621 19 -10.586 10.621 18.414 -10.586
3 16 8.507 19 -12.010 10.607 18.422 -10.607 10.607 19 -10.607
3 16 -8.507 19 -12.010 -10.607 18.422 -10.607 -10.607 19 -10.607
4 16 -10.607 18.422 -10.607 -10.607 19 -10.607 -10.621 19 -10.586 -10.621 18.414 -10.586
4 16 -10.621 19 -10.586 -10.621 18.414 -10.586 -11.012 17 -10 -11.012 19 -10
4 16 -13.858 7 -5.740 -11.012 7 -10 -11.012 19 -10 -13.858 19 -5.740
4 16 -15 7 0 -13.858 7 -5.740 -13.858 19 -5.740 -15 19 0
1 16 0 19 0 15 0 0 0 5 0 0 0 15 2-4cyli.dat
1 16 0 19 0 15 0 0 0 5 0 0 0 -15 2-4cyli.dat
1 16 0 24 0 15 0 0 0 1 0 0 0 15 4-4edge.dat
4 16 5.740 24 13.858 10.607 24 10.607 9.192 24 9.192 4.975 24 12.010
4 16 10.607 24 10.607 13.858 24 5.740 12.010 24 4.975 9.192 24 9.192
4 16 13.858 24 5.740 15 24 0 13 24 0 12.010 24 4.975
4 16 15 24 0 13.858 24 -5.740 12.010 24 -4.975 13 24 0
4 16 13.858 24 -5.740 10.607 24 -10.607 9.192 24 -9.192 12.010 24 -4.975
4 16 10.607 24 -10.607 5.740 24 -13.858 4.975 24 -12.010 9.192 24 -9.192
4 16 5.740 24 -13.858 0 24 -15 0 24 -13 4.975 24 -12.010
4 16 0 24 -15 -5.740 24 -13.858 -4.975 24 -12.010 0 24 -13
4 16 -5.740 24 -13.858 -10.607 24 -10.607 -9.192 24 -9.192 -4.975 24 -12.010
4 16 -10.607 24 -10.607 -13.858 24 -5.740 -12.010 24 -4.975 -9.192 24 -9.192
4 16 -13.858 24 -5.740 -15 24 -0 -13 24 -0 -12.010 24 -4.975
4 16 -15 24 -0 -13.858 24 5.740 -12.010 24 4.975 -13 24 -0
4 16 -13.858 24 5.740 -10.607 24 10.607 -9.192 24 9.192 -12.010 24 4.975
4 16 -10.607 24 10.607 -5.740 24 13.858 -4.975 24 12.010 -9.192 24 9.192
4 16 -5.740 24 13.858 -0 24 15 -0 24 13 -4.975 24 12.010
4 16 -0 24 15 5.740 24 13.858 4.975 24 12.010 -0 24 13
0