0 Cone  4 x  4 x  2 with Axlehole
0 Name: 3943b.dat
0 Author: James Jessiman
0 !LDRAW_ORG Part UPDATE 2010-01
0 !LICENSE Redistributable under CCAL version 2.0 : see CAreadme.txt

0 !HISTORY 1999-05-17 [PTadmin] Official Update 1999-03
0 !HISTORY 2004-03-25 [westrate] Added stud10, replaced quads with primitives
0 !HISTORY 2004-04-22 [PTadmin] Official Update 2004-02
0 !HISTORY 2007-06-30 [PTadmin] Header formatted for Contributor Agreement
0 !HISTORY 2008-07-01 [PTadmin] Official Update 2008-01
0 !HISTORY 2009-05-21 [PTadmin] Moved from 3943
0 !HISTORY 2010-04-05 [PTadmin] Official Update 2010-01

1 16 0 44 0 1 0 0 0 -1 0 0 0 1 STUD4A.dat
1 16 20 44 0 1 0 0 0 -1 0 0 0 1 STUD4A.dat
1 16 0 44 20 1 0 0 0 -1 0 0 0 1 STUD4A.dat
1 16 -20 44 0 1 0 0 0 -1 0 0 0 1 STUD4A.dat
1 16 0 44 -20 1 0 0 0 -1 0 0 0 1 STUD4A.dat
4 16 20.56 48 30.76 21.52 48 30 23.64 48 32.12 22.22 48 33.26
4 16 21.52 48 30 21.52 44 30 23.64 44 32.12 23.64 48 32.12
4 16 30 44 21.52 30 48 21.52 32.12 48 23.64 32.12 44 23.64
4 16 30 48 21.52 30.76 48 20.56 33.26 48 22.22 32.12 48 23.64
4 16 -20.56 48 30.76 -21.52 48 30 -23.64 48 32.12 -22.22 48 33.26
4 16 -21.52 48 30 -21.52 44 30 -23.64 44 32.12 -23.64 48 32.12
4 16 -30 44 21.52 -30 48 21.52 -32.12 48 23.64 -32.12 44 23.64
4 16 -30 48 21.52 -30.76 48 20.56 -33.26 48 22.22 -32.12 48 23.64
4 16 20.56 48 -30.76 21.52 48 -30 23.64 48 -32.12 22.22 48 -33.26
4 16 21.52 48 -30 21.52 44 -30 23.64 44 -32.12 23.64 48 -32.12
4 16 30 44 -21.52 30 48 -21.52 32.12 48 -23.64 32.12 44 -23.64
4 16 30 48 -21.52 30.76 48 -20.56 33.26 48 -22.22 32.12 48 -23.64
4 16 -20.56 48 -30.76 -21.52 48 -30 -23.64 48 -32.12 -22.22 48 -33.26
4 16 -21.52 48 -30 -21.52 44 -30 -23.64 44 -32.12 -23.64 48 -32.12
4 16 -30 44 -21.52 -30 48 -21.52 -32.12 48 -23.64 -32.12 44 -23.64
4 16 -30 48 -21.52 -30.76 48 -20.56 -33.26 48 -22.22 -32.12 48 -23.64
4 16 20.56 48 30.76 21.52 48 30 21.52 44 30 20.56 44 30.76
4 16 30 48 21.52 30.76 48 20.56 30.76 44 20.56 30 44 21.52
4 16 -20.56 48 30.76 -21.52 48 30 -21.52 44 30 -20.56 44 30.76
4 16 -30 48 21.52 -30.76 48 20.56 -30.76 44 20.56 -30 44 21.52
4 16 20.56 48 -30.76 21.52 48 -30 21.52 44 -30 20.56 44 -30.76
4 16 30 48 -21.52 30.76 48 -20.56 30.76 44 -20.56 30 44 -21.52
4 16 -20.56 48 -30.76 -21.52 48 -30 -21.52 44 -30 -20.56 44 -30.76
4 16 -30 48 -21.52 -30.76 48 -20.56 -30.76 44 -20.56 -30 44 -21.52
4 16 22.22 48 33.26 23.64 48 32.12 23.64 44 32.12 22.22 44 33.26
4 16 32.12 48 23.64 33.26 48 22.22 33.26 44 22.22 32.12 44 23.64
4 16 -22.22 48 33.26 -23.64 48 32.12 -23.64 44 32.12 -22.22 44 33.26
4 16 -32.12 48 23.64 -33.26 48 22.22 -33.26 44 22.22 -32.12 44 23.64
4 16 22.22 48 -33.26 23.64 48 -32.12 23.64 44 -32.12 22.22 44 -33.26
4 16 32.12 48 -23.64 33.26 48 -22.22 33.26 44 -22.22 32.12 44 -23.64
4 16 -22.22 48 -33.26 -23.64 48 -32.12 -23.64 44 -32.12 -22.22 44 -33.26
4 16 -32.12 48 -23.64 -33.26 48 -22.22 -33.26 44 -22.22 -32.12 44 -23.64
1 16 0 0 0 1 0 0 0 16 0 0 0 1 axlehole.dat
1 16 0 0 0 1 0 0 0 16 0 0 0 1 axlehol2.dat
1 16 0 16 0 1 0 0 0 16 0 0 0 1 axlehol3.dat
1 16 0 16 0 6 0 0 0 28 0 0 0 6 4-4cyli.dat
1 16 0 4 0 8 0 0 0 1 0 0 0 8 4-4edge.dat
1 16 0 4 0 8 0 0 0 40 0 0 0 8 4-4cyli.dat
1 16 0 4 0 18.4604 0 1.20996 0 1 0 -1.20996 0 18.4604 48\4-4edge.dat
1 16 20 4 0 -4.24 0 -4.24 0 1 0 -4.24 0 4.24 1-4edge.DAT
1 16 20 8.08 0 0 0 6 0 1 13.47 6 0 0 2-4edge.dat
2 24 15.76 4 4.24 17.7 4 5.54
2 24 15.76 4 -4.24 17.7 4 -5.54
2 24 17.7 4 5.54 20 8.08 6
2 24 17.7 4 -5.54 20 8.08 -6
1 16 20 4 0 0 0 -6 0 20 0 6 0 0 2-4cyli.dat
1 16 20 8.08 0 0 0 6 0 20 13.47 6 0 0 2-4cyli.dat
1 16 20 24 0 6 0 0 0 20 0 0 0 6 4-4cyli.dat
1 16 -20 4 0 4.24 0 4.24 0 1 0 -4.24 0 4.24 1-4edge.DAT
1 16 -20 8.08 0 0 0 -6 0 1 13.47 6 0 0 2-4edge.dat
2 24 -15.76 4 4.24 -17.7 4 5.54
2 24 -15.76 4 -4.24 -17.7 4 -5.54
2 24 -17.7 4 5.54 -20 8.08 6
2 24 -17.7 4 -5.54 -20 8.08 -6
1 16 -20 4 0 0 0 6 0 20 0 6 0 0 2-4cyli.dat
1 16 -20 8.08 0 0 0 -6 0 20 13.47 6 0 0 2-4cyli.dat
1 16 -20 24 0 6 0 0 0 20 0 0 0 6 4-4cyli.dat
1 16 0 4 20 -4.24 0 4.24 0 1 0 -4.24 0 -4.24 1-4edge.DAT
1 16 0 8.08 20 6 0 0 0 1 13.47 0 0 6 2-4edge.dat
2 24 4.24 4 15.76 5.54 4 17.7
2 24 -4.24 4 15.76 -5.54 4 17.7
2 24 5.54 4 17.7 6 8.08 20
2 24 -5.54 4 17.7 -6 8.08 20
1 16 0 4 20 6 0 0 0 20 0 0 0 -6 2-4cyli.dat
1 16 0 8.08 20 6 0 0 0 20 13.47 0 0 6 2-4cyli.dat
1 16 0 24 20 6 0 0 0 20 0 0 0 6 4-4cyli.dat
1 16 0 4 -20 -4.24 0 4.24 0 1 0 4.24 0 4.24 1-4edge.DAT
1 16 0 8.08 -20 6 0 0 0 1 13.47 0 0 -6 2-4edge.dat
2 24 4.24 4 -15.76 5.54 4 -17.7
2 24 -4.24 4 -15.76 -5.54 4 -17.7
2 24 5.54 4 -17.7 6 8.08 -20
2 24 -5.54 4 -17.7 -6 8.08 -20
1 16 0 4 -20 6 0 0 0 20 0 0 0 6 2-4cyli.dat
1 16 0 8.08 -20 6 0 0 0 20 13.47 0 0 -6 2-4cyli.dat
1 16 0 24 -20 6 0 0 0 20 0 0 0 6 4-4cyli.dat
1 16 20 4 0 -5.66 0 -5.66 0 1 0 -5.66 0 5.66 1-4edge.DAT
1 16 20 8.08 0 0 0 8 0 1 17.96 8 0 0 2-4edge.dat
2 24 14.34 4 5.66 16.94 4 7.39
2 24 14.34 4 -5.66 16.94 4 -7.39
2 24 16.94 4 7.39 20 8.08 8
2 24 16.94 4 -7.39 20 8.08 -8
1 16 20 4 0 0 0 -8 0 24 0 8 0 0 2-4cyli.dat
1 16 20 8.08 0 0 0 8 0 22 17.96 8 0 0 2-4cyli.dat
1 16 20 28 0 8 0 0 0 16 0 0 0 8 4-4cyli.dat
1 16 -20 4 0 5.66 0 5.66 0 1 0 -5.66 0 5.66 1-4edge.DAT
1 16 -20 8.08 0 0 0 -8 0 1 17.96 8 0 0 2-4edge.dat
2 24 -14.34 4 5.66 -16.94 4 7.39
2 24 -14.34 4 -5.66 -16.94 4 -7.39
2 24 -16.94 4 7.39 -20 8.08 8
2 24 -16.94 4 -7.39 -20 8.08 -8
1 16 -20 4 0 0 0 8 0 24 0 8 0 0 2-4cyli.dat
1 16 -20 8.08 0 0 0 -8 0 22 17.96 8 0 0 2-4cyli.dat
1 16 -20 28 0 8 0 0 0 16 0 0 0 8 4-4cyli.dat
1 16 0 4 20 -5.66 0 5.66 0 1 0 -5.66 0 -5.66 1-4edge.DAT
1 16 0 8.08 20 8 0 0 0 1 17.96 0 0 8 2-4edge.dat
2 24 5.66 4 14.34 7.39 4 16.94
2 24 -5.66 4 14.34 -7.39 4 16.94
2 24 7.39 4 16.94 8 8.08 20
2 24 -7.39 4 16.94 -8 8.08 20
1 16 0 4 20 8 0 0 0 24 0 0 0 -8 2-4cyli.dat
1 16 0 8.08 20 8 0 0 0 22 17.96 0 0 8 2-4cyli.dat
1 16 0 28 20 8 0 0 0 16 0 0 0 8 4-4cyli.dat
1 16 0 4 -20 -5.66 0 5.66 0 1 0 5.66 0 5.66 1-4edge.DAT
1 16 0 8.08 -20 8 0 0 0 1 17.96 0 0 -8 2-4edge.dat
2 24 5.66 4 -14.34 7.39 4 -16.94
2 24 -5.66 4 -14.34 -7.39 4 -16.94
2 24 7.39 4 -16.94 8 8.08 -20
2 24 -7.39 4 -16.94 -8 8.08 -20
1 16 0 4 -20 8 0 0 0 24 0 0 0 8 2-4cyli.dat
1 16 0 8.08 -20 8 0 0 0 22 17.96 0 0 -8 2-4cyli.dat
1 16 0 28 -20 8 0 0 0 16 0 0 0 8 4-4cyli.dat
1 16 10 4 0 2 0 0 0 40 0 0 0 2 box5.dat
1 16 0 4 10 2 0 0 0 40 0 0 0 2 box5.dat
1 16 -10 4 0 2 0 0 0 40 0 0 0 2 box5.dat
1 16 0 4 -10 2 0 0 0 40 0 0 0 2 box5.dat
1 16 10 0 10 1 0 0 0 1 0 0 0 1 stud10.dat
1 16 -10 0 10 0 0 -1 0 1 0 1 0 0 stud10.dat
1 16 10 0 -10 0 0 1 0 1 0 -1 0 0 stud10.dat
1 16 -10 0 -10 -1 0 0 0 1 0 0 0 -1 stud10.dat
1 16 0 0 0 19.9572 0 1.30806 0 1 0 -1.30806 0 19.9572 48\4-4edge.dat
1 16 0 0 0 6 0 0 0 1 0 0 0 6 4-4ring1.dat
1 16 0 0 0 9.97859 0 0.654031 0 1 0 -0.654031 0 9.97859 48\4-4ring1.dat
1 16 0 44 0 19.9572 0 1.30806 0 -44 0 -1.30806 0 19.9572 48\1-4con1.dat
1 16 0 44 0 -1.30806 0 19.9572 0 -44 0 -19.9572 0 -1.30806 48\1-4con1.dat
1 16 0 44 0 -19.9572 0 -1.30806 0 -44 0 1.30806 0 -19.9572 48\1-4con1.dat
1 16 0 44 0 1.30806 0 -19.9572 0 -44 0 19.9572 0 1.30806 48\1-4con1.dat
1 16 0 4 0 8 0 0 0 1 0 0 0 8 4-4ring1.dat
1 16 0 4 0 9.2302 0 0.604979 0 1 0 -0.604979 0 9.2302 48\4-4ring1.dat
1 16 0 44 0 18.4604 0 1.20996 0 -40 0 -1.20996 0 18.4604 48\1-4con1.dat
1 16 0 44 0 -1.20996 0 18.4604 0 -40 0 -18.4604 0 -1.20996 48\1-4con1.dat
1 16 0 44 0 -18.4604 0 -1.20996 0 -40 0 1.20996 0 -18.4604 48\1-4con1.dat
1 16 0 44 0 1.20996 0 -18.4604 0 -40 0 18.4604 0 1.20996 48\1-4con1.dat
1 16 0 48 0 33.2588 0 22.2228 0 -4 0 -22.2228 0 33.2588 48\3-16cyli.dat
2 24 20.56 48 -30.76 21.52 48 -30
2 24 21.52 48 -30 21.52 44 -30
2 24 30 44 -21.52 30 48 -21.52
2 24 30 48 -21.52 30.76 48 -20.56
2 24 22.22 48 -33.26 23.64 48 -32.12
2 24 23.64 48 -32.12 23.64 44 -32.12
2 24 32.12 44 -23.64 32.12 48 -23.64
2 24 32.12 48 -23.64 33.26 48 -22.22
2 24 30 48 -21.52 32.12 48 -23.64
2 24 21.52 48 -30 23.64 48 -32.12
2 24 30 44 -21.52 32.12 44 -23.64
2 24 21.52 44 -30 23.64 44 -32.12
1 16 0 48 0 30.7644 0 20.5561 0 -4 0 -20.5561 0 30.7644 48\3-16cyli.dat
1 16 0 48 0 33.2588 0 22.2228 0 1 0 -22.2228 0 33.2588 48\3-16edge.dat
1 16 0 48 0 30.7644 0 20.5561 0 1 0 -20.5561 0 30.7644 48\3-16edge.dat
4 16 27.8181 44 -24.3958 30 44 -21.52 32.12 44 -23.64 30.0736 44 -26.3738
4 16 24.3958 44 -27.8181 27.8181 44 -24.3958 30.0736 44 -26.3738 26.3738 44 -30.0736
4 16 21.52 44 -30 24.3958 44 -27.8181 26.3738 44 -30.0736 23.64 44 -32.12
1 16 0 48 0 22.2228 0 -33.2588 0 -4 0 33.2588 0 22.2228 48\3-16cyli.dat
2 24 30.76 48 20.56 30 48 21.52
2 24 30 48 21.52 30 44 21.52
2 24 21.52 44 30 21.52 48 30
2 24 21.52 48 30 20.56 48 30.76
2 24 33.26 48 22.22 32.12 48 23.64
2 24 32.12 48 23.64 32.12 44 23.64
2 24 23.64 44 32.12 23.64 48 32.12
2 24 23.64 48 32.12 22.22 48 33.26
2 24 21.52 48 30 23.64 48 32.12
2 24 30 48 21.52 32.12 48 23.64
2 24 21.52 44 30 23.64 44 32.12
2 24 30 44 21.52 32.12 44 23.64
1 16 0 48 0 20.5561 0 -30.7644 0 -4 0 30.7644 0 20.5561 48\3-16cyli.dat
1 16 0 48 0 22.2228 0 -33.2588 0 1 0 33.2588 0 22.2228 48\3-16edge.dat
1 16 0 48 0 20.5561 0 -30.7644 0 1 0 30.7644 0 20.5561 48\3-16edge.dat
4 16 24.3958 44 27.8181 21.52 44 30 23.64 44 32.12 26.3738 44 30.0736
4 16 27.8181 44 24.3958 24.3958 44 27.8181 26.3738 44 30.0736 30.0736 44 26.3738
4 16 30 44 21.52 27.8181 44 24.3958 30.0736 44 26.3738 32.12 44 23.64
1 16 0 48 0 -33.2588 0 -22.2228 0 -4 0 22.2228 0 -33.2588 48\3-16cyli.dat
2 24 -20.56 48 30.76 -21.52 48 30
2 24 -21.52 48 30 -21.52 44 30
2 24 -30 44 21.52 -30 48 21.52
2 24 -30 48 21.52 -30.76 48 20.56
2 24 -22.22 48 33.26 -23.64 48 32.12
2 24 -23.64 48 32.12 -23.64 44 32.12
2 24 -32.12 44 23.64 -32.12 48 23.64
2 24 -32.12 48 23.64 -33.26 48 22.22
2 24 -30 48 21.52 -32.12 48 23.64
2 24 -21.52 48 30 -23.64 48 32.12
2 24 -30 44 21.52 -32.12 44 23.64
2 24 -21.52 44 30 -23.64 44 32.12
1 16 0 48 0 -30.7644 0 -20.5561 0 -4 0 20.5561 0 -30.7644 48\3-16cyli.dat
1 16 0 48 0 -33.2588 0 -22.2228 0 1 0 22.2228 0 -33.2588 48\3-16edge.dat
1 16 0 48 0 -30.7644 0 -20.5561 0 1 0 20.5561 0 -30.7644 48\3-16edge.dat
4 16 -27.8181 44 24.3958 -30 44 21.52 -32.12 44 23.64 -30.0736 44 26.3738
4 16 -24.3958 44 27.8181 -27.8181 44 24.3958 -30.0736 44 26.3738 -26.3738 44 30.0736
4 16 -21.52 44 30 -24.3958 44 27.8181 -26.3738 44 30.0736 -23.64 44 32.12
1 16 0 48 0 -22.2228 0 33.2588 0 -4 0 -33.2588 0 -22.2228 48\3-16cyli.dat
2 24 -30.76 48 -20.56 -30 48 -21.52
2 24 -30 48 -21.52 -30 44 -21.52
2 24 -21.52 44 -30 -21.52 48 -30
2 24 -21.52 48 -30 -20.56 48 -30.76
2 24 -33.26 48 -22.22 -32.12 48 -23.64
2 24 -32.12 48 -23.64 -32.12 44 -23.64
2 24 -23.64 44 -32.12 -23.64 48 -32.12
2 24 -23.64 48 -32.12 -22.22 48 -33.26
2 24 -21.52 48 -30 -23.64 48 -32.12
2 24 -30 48 -21.52 -32.12 48 -23.64
2 24 -21.52 44 -30 -23.64 44 -32.12
2 24 -30 44 -21.52 -32.12 44 -23.64
1 16 0 48 0 -20.5561 0 30.7644 0 -4 0 -30.7644 0 -20.5561 48\3-16cyli.dat
1 16 0 48 0 -22.2228 0 33.2588 0 1 0 -33.2588 0 -22.2228 48\3-16edge.dat
1 16 0 48 0 -20.5561 0 30.7644 0 1 0 -30.7644 0 -20.5561 48\3-16edge.dat
4 16 -24.3958 44 -27.8181 -21.52 44 -30 -23.64 44 -32.12 -26.3738 44 -30.0736
4 16 -27.8181 44 -24.3958 -24.3958 44 -27.8181 -26.3738 44 -30.0736 -30.0736 44 -26.3738
4 16 -30 44 -21.52 -27.8181 44 -24.3958 -30.0736 44 -26.3738 -32.12 44 -23.64
1 16 0 44 0 39.9144 0 2.61613 0 1 0 -2.61613 0 39.9144 48\4-4edge.dat
1 16 0 44 0 36.9208 0 2.41992 0 1 0 -2.41992 0 36.9208 48\4-4edge.dat
4 16 39.9144 48 2.61613 36.9208 48 2.41992 36.9208 48 -2.41994 39.94 48 -2.6144
4 16 39.9144 48 -2.61613 36.9208 48 -2.41992 36.2891 48 -7.21838 39.2571 48 -7.80525
4 16 39.2314 48 -7.80361 36.2891 48 -7.21834 35.0364 48 -11.8933 37.9024 48 -12.8625
4 16 37.8772 48 -12.8576 35.0364 48 -11.8933 33.1843 48 -16.3647 35.8993 48 -17.6998
4 16 33.2588 48 22.2228 30.7644 48 20.5561 33.1843 48 16.3647 35.8963 48 17.7059
4 16 35.8749 48 17.6915 33.1843 48 16.3647 35.0365 48 11.8932 37.9002 48 12.869
4 16 37.8772 48 12.8576 35.0364 48 11.8933 36.2891 48 7.21832 39.2557 48 7.81192
4 16 39.2314 48 7.80361 36.2891 48 7.21834 36.9208 48 2.41989 39.9396 48 2.62119
4 16 35.8749 48 -17.6915 33.1843 48 -16.3647 30.7644 48 -20.5561 33.2819 48 -22.2341
4 16 -2.61613 48 39.9144 -2.41992 48 36.9208 2.41994 48 36.9208 2.6144 48 39.94
4 16 2.61613 48 39.9144 2.41992 48 36.9208 7.21838 48 36.2891 7.80525 48 39.2571
4 16 7.80361 48 39.2314 7.21834 48 36.2891 11.8933 48 35.0364 12.8625 48 37.9024
4 16 12.8576 48 37.8772 11.8933 48 35.0364 16.3647 48 33.1843 17.6998 48 35.8993
4 16 -22.2228 48 33.2588 -20.5561 48 30.7644 -16.3647 48 33.1843 -17.7059 48 35.8963
4 16 -17.6915 48 35.8749 -16.3647 48 33.1843 -11.8932 48 35.0365 -12.869 48 37.9002
4 16 -12.8576 48 37.8772 -11.8933 48 35.0364 -7.21832 48 36.2891 -7.81192 48 39.2557
4 16 -7.80361 48 39.2314 -7.21834 48 36.2891 -2.41989 48 36.9208 -2.62119 48 39.9396
4 16 17.6915 48 35.8749 16.3647 48 33.1843 20.5561 48 30.7644 22.2341 48 33.2819
4 16 -39.9144 48 -2.61613 -36.9208 48 -2.41992 -36.9208 48 2.41994 -39.94 48 2.6144
4 16 -39.9144 48 2.61613 -36.9208 48 2.41992 -36.2891 48 7.21838 -39.2571 48 7.80525
4 16 -39.2314 48 7.80361 -36.2891 48 7.21834 -35.0364 48 11.8933 -37.9024 48 12.8625
4 16 -37.8772 48 12.8576 -35.0364 48 11.8933 -33.1843 48 16.3647 -35.8993 48 17.6998
4 16 -33.2588 48 -22.2228 -30.7644 48 -20.5561 -33.1843 48 -16.3647 -35.8963 48 -17.7059
4 16 -35.8749 48 -17.6915 -33.1843 48 -16.3647 -35.0365 48 -11.8932 -37.9002 48 -12.869
4 16 -37.8772 48 -12.8576 -35.0364 48 -11.8933 -36.2891 48 -7.21832 -39.2557 48 -7.81192
4 16 -39.2314 48 -7.80361 -36.2891 48 -7.21834 -36.9208 48 -2.41989 -39.9396 48 -2.62119
4 16 -35.8749 48 17.6915 -33.1843 48 16.3647 -30.7644 48 20.5561 -33.2819 48 22.2341
4 16 2.61613 48 -39.9144 2.41992 48 -36.9208 -2.41994 48 -36.9208 -2.6144 48 -39.94
4 16 -2.61613 48 -39.9144 -2.41992 48 -36.9208 -7.21838 48 -36.2891 -7.80525 48 -39.2571
4 16 -7.80361 48 -39.2314 -7.21834 48 -36.2891 -11.8933 48 -35.0364 -12.8625 48 -37.9024
4 16 -12.8576 48 -37.8772 -11.8933 48 -35.0364 -16.3647 48 -33.1843 -17.6998 48 -35.8993
4 16 22.2228 48 -33.2588 20.5561 48 -30.7644 16.3647 48 -33.1843 17.7059 48 -35.8963
4 16 17.6915 48 -35.8749 16.3647 48 -33.1843 11.8932 48 -35.0365 12.869 48 -37.9002
4 16 12.8576 48 -37.8772 11.8933 48 -35.0364 7.21832 48 -36.2891 7.81192 48 -39.2557
4 16 7.80361 48 -39.2314 7.21834 48 -36.2891 2.41989 48 -36.9208 2.62119 48 -39.9396
4 16 -17.6915 48 -35.8749 -16.3647 48 -33.1843 -20.5561 48 -30.7644 -22.2341 48 -33.2819
0
