0 Brick  1 x  4 x  2 with Centre Stud Top
0 Name: 4088.dat
0 Author: Chris Dee [cwdee]
0 !LDRAW_ORG Part UPDATE 2009-01
0 !LICENSE Redistributable under CCAL version 2.0 : see CAreadme.txt

0 BFC CERTIFY CCW

0 !HISTORY 2000-05-07 [PTadmin] Official Update 2000-01
0 !HISTORY 2007-07-01 [PTadmin] Header formatted for Contributor Agreement
0 !HISTORY 2008-07-01 [PTadmin] Official Update 2008-01
0 !HISTORY 2008-07-07 [guyvivan] Made BFC compliant and add underside detail (2005-02-21)
0 !HISTORY 2009-05-02 [PTadmin] Official Update 2009-01

1 16 0 0 0 0 0 1 0 1 0 -1 0 0 stud.dat
4 16 17 0 10 -17 0 10 -17 0 -10 17 0 -10
1 16 17 3 -10 3 0 0 0 0 -3 0 20 0 1-4cyli.dat
1 16 -17 3 -10 -3 0 0 0 0 -3 0 20 0 1-4cyli.dat
4 16 20 3 10 20 3 -10 20 24 -10 20 24 10
1 16 30 31 -10 10 0 0 0 0 -10 0 20 0 3-8cyli.dat
0 BFC INVERTNEXT
1 16 21.5 24 -10 -1.5 0 0 0 0 1.5 0 20 0 3-8cyli.dat
4 16 22.561 25.061 -10 22.929 23.929 -10 22.929 23.929 10 22.561 25.061 10
4 16 40 31 10 40 31 -10 40 48 -10 40 48 10
2 24 40 48 10 40 48 -10
4 16 -20 3 -10 -20 3 10 -20 24 10 -20 24 -10
1 16 -30 31 -10 -10 0 0 0 0 -10 0 20 0 3-8cyli.dat
0 BFC INVERTNEXT
1 16 -21.5 24 -10 1.5 0 0 0 0 1.5 0 20 0 3-8cyli.dat
4 16 -22.561 25.061 10 -22.929 23.929 10 -22.929 23.929 -10 -22.561 25.061 -10
4 16 -40 31 -10 -40 31 10 -40 48 10 -40 48 -10
2 24 -40 48 10 -40 48 -10
2 24 -17 0 -10 17 0 -10
1 16 17 3 -10 3 0 0 0 0 -3 0 1 0 1-4disc.dat
1 16 17 3 -10 3 0 0 0 0 -3 0 1 0 1-4edge.dat
1 16 -17 3 -10 -3 0 0 0 0 -3 0 1 0 1-4disc.dat
1 16 -17 3 -10 -3 0 0 0 0 -3 0 1 0 1-4edge.dat
4 16 17 0 -10 -17 0 -10 -17 3 -10 17 3 -10
4 16 20 3 -10 -20 3 -10 -20 48 -10 20 48 -10
4 16 -20 48 -10 -20 31 -10 -40 31 -10 -40 48 -10
4 16 40 48 -10 40 31 -10 20 31 -10 20 48 -10
2 24 20 3 -10 20 24 -10
1 16 30 31 -10 10 0 0 0 0 -10 0 1 0 3-8edge.dat
1 16 30 31 -10 10 0 0 0 0 -10 0 1 0 3-8disc.dat
2 24 40 48 -10 40 31 -10
1 16 21.5 24 -10 -1.5 0 0 0 0 1.5 0 1 0 1-4ndis.dat
4 16 21.5 25.5 -10 20 25.5 -10 20 31 -10 21.5 31 -10
3 16 21.5 31 -10 30 31 -10 21.5 25.5 -10
3 16 21.5 25.5 -10 30 31 -10 22.074 25.386 -10
3 16 22.074 25.386 -10 30 31 -10 22.561 25.061 -10
3 16 22.561 25.061 -10 30 31 -10 22.929 23.929 -10
1 16 21.5 24 -10 -1.5 0 0 0 0 1.5 0 1 0 3-8edge.dat
2 24 22.561 25.061 -10 22.929 23.929 -10
2 24 -20 3 -10 -20 24 -10
1 16 -30 31 -10 -10 0 0 0 0 -10 0 1 0 3-8edge.dat
1 16 -30 31 -10 -10 0 0 0 0 -10 0 1 0 3-8disc.dat
2 24 -40 48 -10 -40 31 -10
1 16 -21.5 24 -10 1.5 0 0 0 0 1.5 0 1 0 1-4ndis.dat
4 16 -20 25.5 -10 -21.5 25.5 -10 -21.5 31 -10 -20 31 -10
3 16 -30 31 -10 -21.5 31 -10 -21.5 25.5 -10
3 16 -30 31 -10 -21.5 25.5 -10 -22.074 25.386 -10
3 16 -30 31 -10 -22.074 25.386 -10 -22.561 25.061 -10
3 16 -30 31 -10 -22.561 25.061 -10 -22.929 23.929 -10
1 16 -21.5 24 -10 1.5 0 0 0 0 1.5 0 1 0 3-8edge.dat
2 24 -22.561 25.061 -10 -22.929 23.929 -10
2 24 40 48 -10 -40 48 -10
2 24 -17 0 10 17 0 10
1 16 17 3 10 3 0 0 0 0 -3 0 -1 0 1-4disc.dat
1 16 17 3 10 3 0 0 0 0 -3 0 1 0 1-4edge.dat
1 16 -17 3 10 -3 0 0 0 0 -3 0 -1 0 1-4disc.dat
1 16 -17 3 10 -3 0 0 0 0 -3 0 1 0 1-4edge.dat
4 16 -17 0 10 17 0 10 17 3 10 -17 3 10
4 16 -20 3 10 20 3 10 20 48 10 -20 48 10
4 16 -40 48 10 -40 31 10 -20 31 10 -20 48 10
4 16 20 48 10 20 31 10 40 31 10 40 48 10
2 24 20 3 10 20 24 10
1 16 30 31 10 10 0 0 0 0 -10 0 1 0 3-8edge.dat
1 16 30 31 10 10 0 0 0 0 -10 0 -1 0 3-8disc.dat
2 24 40 48 10 40 31 10
1 16 21.5 24 10 -1.5 0 0 0 0 1.5 0 -1 0 1-4ndis.dat
4 16 20 25.5 10 21.5 25.5 10 21.5 31 10 20 31 10
3 16 30 31 10 21.5 31 10 21.5 25.5 10
3 16 30 31 10 21.5 25.5 10 22.074 25.386 10
3 16 30 31 10 22.074 25.386 10 22.561 25.061 10
3 16 30 31 10 22.561 25.061 10 22.929 23.929 10
1 16 21.5 24 10 -1.5 0 0 0 0 1.5 0 1 0 3-8edge.dat
2 24 22.561 25.061 10 22.929 23.929 10
2 24 -20 3 10 -20 24 10
1 16 -30 31 10 -10 0 0 0 0 -10 0 1 0 3-8edge.dat
1 16 -30 31 10 -10 0 0 0 0 -10 0 -1 0 3-8disc.dat
2 24 -40 48 10 -40 31 10
1 16 -21.5 24 10 1.5 0 0 0 0 1.5 0 -1 0 1-4ndis.dat
4 16 -21.5 25.5 10 -20 25.5 10 -20 31 10 -21.5 31 10
3 16 -21.5 31 10 -30 31 10 -21.5 25.5 10
3 16 -21.5 25.5 10 -30 31 10 -22.074 25.386 10
3 16 -22.074 25.386 10 -30 31 10 -22.561 25.061 10
3 16 -22.561 25.061 10 -30 31 10 -22.929 23.929 10
1 16 -21.5 24 10 1.5 0 0 0 0 1.5 0 1 0 3-8edge.dat
2 24 -22.561 25.061 10 -22.929 23.929 10
2 24 40 48 10 -40 48 10
4 16 36 48 -6 40 48 -10 -40 48 -10 -36 48 -6
4 16 -36 48 -6 -40 48 -10 -40 48 10 -36 48 6
4 16 -36 48 6 -40 48 10 40 48 10 36 48 6
4 16 36 48 6 40 48 10 40 48 -10 36 48 -6
2 24 36 48 6 -36 48 6
2 24 -36 48 6 -36 48 -6
2 24 -36 48 -6 36 48 -6
2 24 36 48 -6 36 48 6
1 16 0 4 0 16 0 0 0 -1 0 0 0 6 rect.dat
4 16 16 4 6 16 24 6 16 24 -6 16 4 -6
1 16 21.5 24 -6 -5.5 0 0 0 0 5.5 0 12 0 3-8cyli.dat
4 16 25.757 26.757 -6 25.389 27.889 -6 25.389 27.889 6 25.757 26.757 6
0 BFC INVERTNEXT
1 16 30 31 -6 6 0 0 0 0 -6 0 12 0 3-8cyli.dat
4 16 36 48 -6 36 31 -6 36 31 6 36 48 6
4 16 -16 4 -6 -16 24 -6 -16 24 6 -16 4 6
1 16 -21.5 24 -6 5.5 0 0 0 0 5.5 0 12 0 3-8cyli.dat
4 16 -25.757 26.757 6 -25.389 27.889 6 -25.389 27.889 -6 -25.757 26.757 -6
0 BFC INVERTNEXT
1 16 -30 31 -6 -6 0 0 0 0 -6 0 12 0 3-8cyli.dat
4 16 -36 48 6 -36 31 6 -36 31 -6 -36 48 -6
2 24 16 4 -6 16 24 -6
1 16 21.5 24 -6 -5.5 0 0 0 0 5.5 0 1 0 3-8edge.dat
2 24 25.757 26.757 -6 25.389 27.889 -6
1 16 30 31 -6 6 0 0 0 0 -6 0 1 0 3-8edge.dat
2 24 36 48 -6 36 31 -6
4 16 -16 4 -6 16 4 -6 16 48 -6 -16 48 -6
1 16 21.5 24 -6 -5.5 0 0 0 0 5.5 0 -1 0 1-4ndis.dat
1 16 30 31 -6 6 0 0 0 0 -6 0 -1 0 3-8disc.dat
4 16 16 29.5 -6 21.5 29.5 -6 21.5 48 -6 16 48 -6
4 16 21.5 31 -6 36 31 -6 36 48 -6 21.5 48 -6
3 16 25.757 26.757 -6 30 31 -6 25.389 27.889 -6
3 16 25.389 27.889 -6 30 31 -6 25.389 31 -6
4 16 25.389 27.889 -6 25.389 31 -6 23.605 31 -6 23.605 29.081 -6
4 16 23.605 29.081 -6 23.605 31 -6 21.5 31 -6 21.5 29.5 -6
2 24 -16 4 -6 -16 24 -6
1 16 -21.5 24 -6 5.5 0 0 0 0 5.5 0 1 0 3-8edge.dat
2 24 -25.757 26.757 -6 -25.389 27.889 -6
1 16 -30 31 -6 -6 0 0 0 0 -6 0 1 0 3-8edge.dat
2 24 -36 48 -6 -36 31 -6
1 16 -21.5 24 -6 5.5 0 0 0 0 5.5 0 -1 0 1-4ndis.dat
1 16 -30 31 -6 -6 0 0 0 0 -6 0 -1 0 3-8disc.dat
4 16 -16 48 -6 -21.5 48 -6 -21.5 29.5 -6 -16 29.5 -6
4 16 -36 31 -6 -21.5 31 -6 -21.5 48 -6 -36 48 -6
3 16 -30 31 -6 -25.757 26.757 -6 -25.389 27.889 -6
3 16 -30 31 -6 -25.389 27.889 -6 -25.389 31 -6
4 16 -25.389 31 -6 -25.389 27.889 -6 -23.605 29.081 -6 -23.605 31 -6
4 16 -23.605 31 -6 -23.605 29.081 -6 -21.5 29.5 -6 -21.5 31 -6
2 24 16 4 6 16 24 6
1 16 21.5 24 6 -5.5 0 0 0 0 5.5 0 1 0 3-8edge.dat
2 24 25.757 26.757 6 25.389 27.889 6
1 16 30 31 6 6 0 0 0 0 -6 0 1 0 3-8edge.dat
2 24 36 48 6 36 31 6
4 16 -16 48 6 16 48 6 16 4 6 -16 4 6
1 16 21.5 24 6 -5.5 0 0 0 0 5.5 0 1 0 1-4ndis.dat
1 16 30 31 6 6 0 0 0 0 -6 0 1 0 3-8disc.dat
4 16 16 48 6 21.5 48 6 21.5 29.5 6 16 29.5 6
4 16 21.5 48 6 36 48 6 36 31 6 21.5 31 6
3 16 30 31 6 25.757 26.757 6 25.389 27.889 6
3 16 30 31 6 25.389 27.889 6 25.389 31 6
4 16 25.389 31 6 25.389 27.889 6 23.605 29.081 6 23.605 31 6
4 16 23.605 31 6 23.605 29.081 6 21.5 29.5 6 21.5 31 6
2 24 -16 4 6 -16 24 6
1 16 -21.5 24 6 5.5 0 0 0 0 5.5 0 1 0 3-8edge.dat
2 24 -25.757 26.757 6 -25.389 27.889 6
1 16 -30 31 6 -6 0 0 0 0 -6 0 1 0 3-8edge.dat
2 24 -36 48 6 -36 31 6
1 16 -21.5 24 6 5.5 0 0 0 0 5.5 0 1 0 1-4ndis.dat
1 16 -30 31 6 -6 0 0 0 0 -6 0 1 0 3-8disc.dat
4 16 -16 29.5 6 -21.5 29.5 6 -21.5 48 6 -16 48 6
4 16 -21.5 31 6 -36 31 6 -36 48 6 -21.5 48 6
3 16 -25.757 26.757 6 -30 31 6 -25.389 27.889 6
3 16 -25.389 27.889 6 -30 31 6 -25.389 31 6
4 16 -25.389 27.889 6 -25.389 31 6 -23.605 31 6 -23.605 29.081 6
4 16 -23.605 29.081 6 -23.605 31 6 -21.5 31 6 -21.5 29.5 6
2 24 19 47.5 6 19 28.818 6
4 16 19 47.5 -6 19 28.818 -6 19 28.818 -1.5 19 47.5 -1.5
4 16 19 47.5 1.5 19 28.818 1.5 19 28.818 6 19 47.5 6
2 24 21 47.5 6 21 29.401 6
4 16 21 47.5 6 21 29.401 6 21 29.401 1.5 21 47.5 1.5
4 16 21 47.5 -1.5 21 29.401 -1.5 21 29.401 -6 21 47.5 -6
2 24 19 47.5 -6 19 28.818 -6
2 24 21 47.5 -6 21 29.401 -6
2 24 21 47.5 -6 19 47.5 -6
2 24 21 47.5 6 19 47.5 6
2 24 19 47.5 1.5 19 28.818 1.5
2 24 21 47.5 1.5 21 29.401 1.5
2 24 19 47.5 -1.5 19 28.818 -1.5
2 24 21 47.5 -1.5 21 29.401 -1.5
2 24 21 29.401 -6 21 29.401 -1.5
2 24 21 29.401 6 21 29.401 1.5
2 24 21 47.5 -6 21 47.5 -1.5
2 24 21 47.5 6 21 47.5 1.5
2 24 19 47.5 -6 19 47.5 -1.5
4 16 21 47.5 6 21 47.5 -6 19 47.5 -6 19 47.5 6
4 16 21 47.5 1.5 24 47.5 1.5 24 47.5 -1.5 21 47.5 -1.5
4 16 16 47.5 1.5 19 47.5 1.5 19 47.5 -1.5 16 47.5 -1.5
2 24 19 47.5 6 19 47.5 1.5
2 24 19 28.818 -6 19 28.818 -1.5
2 24 19 28.818 6 19 28.818 1.5
2 24 24 47.5 1.5 24 28.818 1.5
4 16 24 47.5 1.5 24 28.818 1.5 24 28.818 -1.5 24 47.5 -1.5
2 24 24 47.5 -1.5 24 28.818 -1.5
2 24 24 28.818 -1.5 24 28.818 1.5
2 24 16 47.5 1.5 16 24 1.5
4 16 16 47.5 -1.5 16 24 -1.5 16 24 1.5 16 47.5 1.5
2 24 16 47.5 -1.5 16 24 -1.5
2 24 16 47.5 -1.5 16 47.5 1.5
2 24 24 47.5 -1.5 24 47.5 1.5
2 24 16 47.5 1.5 19 47.5 1.5
2 24 16 47.5 -1.5 19 47.5 -1.5
2 24 21 47.5 1.5 24 47.5 1.5
2 24 21 47.5 -1.5 24 47.5 -1.5
2 24 24 28.818 1.5 23.607 29.082 1.5
3 16 24 29.5 1.5 21.5 29.5 1.5 24 28.818 1.5
3 16 24 28.818 -1.5 21.5 29.5 -1.5 24 29.5 -1.5
2 24 24 28.818 -1.5 23.607 29.082 -1.5
2 24 21.5 29.5 1.5 23.607 29.082 1.5
2 24 21.5 29.5 -1.5 23.607 29.082 -1.5
1 16 21.5 24 1.5 -5.5 0 0 0 0 5.5 0 1 0 1-4edge.dat
1 16 21.5 24 1.5 -5.5 0 0 0 0 5.5 0 -1 0 1-4ndis.dat
1 16 21.5 24 -1.5 -5.5 0 0 0 0 5.5 0 1 0 1-4edge.dat
1 16 21.5 24 -1.5 -5.5 0 0 0 0 5.5 0 1 0 1-4ndis.dat
4 16 24 47.5 -1.5 24 29.5 -1.5 21 29.5 -1.5 21 47.5 -1.5
4 16 19 47.5 -1.5 19 29.5 -1.5 16 29.5 -1.5 16 47.5 -1.5
4 16 16 47.5 1.5 16 29.5 1.5 19 29.5 1.5 19 47.5 1.5
4 16 21 47.5 1.5 21 29.5 1.5 24 29.5 1.5 24 47.5 1.5
2 24 -19 47.5 -6 -19 28.818 -6
4 16 -19 47.5 6 -19 28.818 6 -19 28.818 1.5 -19 47.5 1.5
4 16 -19 47.5 -1.5 -19 28.818 -1.5 -19 28.818 -6 -19 47.5 -6
2 24 -21 47.5 -6 -21 29.401 -6
4 16 -21 47.5 -6 -21 29.401 -6 -21 29.401 -1.5 -21 47.5 -1.5
4 16 -21 47.5 1.5 -21 29.401 1.5 -21 29.401 6 -21 47.5 6
2 24 -19 47.5 6 -19 28.818 6
2 24 -21 47.5 6 -21 29.401 6
2 24 -21 47.5 6 -19 47.5 6
2 24 -21 47.5 -6 -19 47.5 -6
2 24 -19 47.5 -1.5 -19 28.818 -1.5
2 24 -21 47.5 -1.5 -21 29.401 -1.5
2 24 -19 47.5 1.5 -19 28.818 1.5
2 24 -21 47.5 1.5 -21 29.401 1.5
2 24 -21 29.401 6 -21 29.401 1.5
2 24 -21 29.401 -6 -21 29.401 -1.5
2 24 -21 47.5 6 -21 47.5 1.5
2 24 -21 47.5 -6 -21 47.5 -1.5
2 24 -19 47.5 6 -19 47.5 1.5
4 16 -21 47.5 -6 -21 47.5 6 -19 47.5 6 -19 47.5 -6
4 16 -21 47.5 -1.5 -24 47.5 -1.5 -24 47.5 1.5 -21 47.5 1.5
4 16 -16 47.5 -1.5 -19 47.5 -1.5 -19 47.5 1.5 -16 47.5 1.5
2 24 -19 47.5 -6 -19 47.5 -1.5
2 24 -19 28.818 6 -19 28.818 1.5
2 24 -19 28.818 -6 -19 28.818 -1.5
2 24 -24 47.5 -1.5 -24 28.818 -1.5
4 16 -24 47.5 -1.5 -24 28.818 -1.5 -24 28.818 1.5 -24 47.5 1.5
2 24 -24 47.5 1.5 -24 28.818 1.5
2 24 -24 28.818 1.5 -24 28.818 -1.5
2 24 -16 47.5 -1.5 -16 24 -1.5
4 16 -16 47.5 1.5 -16 24 1.5 -16 24 -1.5 -16 47.5 -1.5
2 24 -16 47.5 1.5 -16 24 1.5
2 24 -16 47.5 1.5 -16 47.5 -1.5
2 24 -24 47.5 1.5 -24 47.5 -1.5
2 24 -16 47.5 -1.5 -19 47.5 -1.5
2 24 -16 47.5 1.5 -19 47.5 1.5
2 24 -21 47.5 -1.5 -24 47.5 -1.5
2 24 -21 47.5 1.5 -24 47.5 1.5
2 24 -24 28.818 -1.5 -23.607 29.082 -1.5
3 16 -24 29.5 -1.5 -21.5 29.5 -1.5 -24 28.818 -1.5
3 16 -24 28.818 1.5 -21.5 29.5 1.5 -24 29.5 1.5
2 24 -24 28.818 1.5 -23.607 29.082 1.5
2 24 -21.5 29.5 -1.5 -23.607 29.082 -1.5
2 24 -21.5 29.5 1.5 -23.607 29.082 1.5
1 16 -21.5 24 -1.5 5.5 0 0 0 0 5.5 0 -1 0 1-4edge.dat
1 16 -21.5 24 -1.5 5.5 0 0 0 0 5.5 0 1 0 1-4ndis.dat
1 16 -21.5 24 1.5 5.5 0 0 0 0 5.5 0 -1 0 1-4edge.dat
1 16 -21.5 24 1.5 5.5 0 0 0 0 5.5 0 -1 0 1-4ndis.dat
4 16 -24 47.5 1.5 -24 29.5 1.5 -21 29.5 1.5 -21 47.5 1.5
4 16 -19 47.5 1.5 -19 29.5 1.5 -16 29.5 1.5 -16 47.5 1.5
4 16 -16 47.5 -1.5 -16 29.5 -1.5 -19 29.5 -1.5 -19 47.5 -1.5
4 16 -21 47.5 -1.5 -21 29.5 -1.5 -24 29.5 -1.5 -24 47.5 -1.5
0
