0 Slope Brick 33  3 x  1 Inverted
0 Name: 4287.dat
0 Author: James Jessiman
0 !LDRAW_ORG Part UPDATE 2003-02
0 !LICENSE Redistributable under CCAL version 2.0 : see CAreadme.txt

0 BFC CERTIFY CCW

0 !HISTORY 1998-06-20 [PTadmin] Official Update 1998-06
0 !HISTORY 2002-09-13 [izanette] Modified with WINDZ for BFC compliance
0 !HISTORY 2003-08-01 [PTadmin] Official Update 2003-02
0 !HISTORY 2007-07-04 [PTadmin] Header formatted for Contributor Agreement
0 !HISTORY 2008-07-01 [PTadmin] Official Update 2008-01

0 BFC INVERTNEXT
 1 16 0 24 0 6 0 0 0 -20 0 0 0 6 box5.dat

 4 16 10 24 10 6 24 6 -6 24 6 -10 24 10
 4 16 -10 24 10 -6 24 6 -6 24 -6 -10 24 -10
 4 16 -10 24 -10 -6 24 -6 6 24 -6 10 24 -10
 4 16 10 24 -10 6 24 -6 6 24 6 10 24 10

 2 24 10 24 -10 10 24 10
 2 24 10 24 -10 -10 24 -10
 2 24 10 24 10 -10 24 10
 2 24 -10 24 -10 -10 24 10

 2 24 10 0 -50 10 4 -50
 2 24 10 4 -50 10 24 -10
 2 24 10 0 10 10 24 10
 2 24 -10 0 -50 -10 4 -50
 2 24 -10 4 -50 -10 24 -10
 2 24 -10 0 10 -10 24 10

 2 24 10 4 -50 -10 4 -50
 2 24 10 0 -50 10 0 10
 2 24 10 0 -50 -10 0 -50
 2 24 10 0 10 -10 0 10
 2 24 -10 0 -50 -10 0 10

 2 24 8 20 -10 -8 20 -10
 2 24 -8 20 -10 -8 2 -46
 2 24 -8 2 -46 8 2 -46
 2 24 8 2 -46 8 20 -10
 2 24 8 0 -10 -8 0 -10
 2 24 -8 0 -10 -8 0 -46
 2 24 -8 0 -46 8 0 -46
 2 24 8 0 -46 8 0 -10
 2 24 8 0 -10 8 20 -10
 2 24 -8 0 -10 -8 20 -10
 2 24 -8 0 -46 -8 2 -46
 2 24 8 0 -46 8 2 -46

 1 16 0 15 -20 4 0 0 0 0.894 2 0 -0.447 4 4-4edge.dat
 1 16 0 15 -20 6 0 0 0 0.894 3 0 -0.447 6 4-4edge.dat
0 BFC INVERTNEXT
 1 16 0 13 -20 0 0 4 0 2 0 -4 0 0 2-4cyls.dat
0 BFC INVERTNEXT
 1 16 0 13 -20 0 0 -4 0 2 0 -4 0 0 2-4cyls.dat
 1 16 0 12 -20 0 0 6 0 3 0 -6 0 0 2-4cyls.dat
 1 16 0 12 -20 0 0 -6 0 3 0 -6 0 0 2-4cyls.dat

 1 16 0 5 -40 4 0 0 0 0.894 2 0 -0.447 4 4-4edge.dat
 1 16 0 5 -40 6 0 0 0 0.894 3 0 -0.447 6 4-4edge.dat
0 BFC INVERTNEXT
 1 16 0 3 -40 0 0 4 0 2 0 -4 0 0 2-4cyls.dat
0 BFC INVERTNEXT
 1 16 0 3 -40 0 0 -4 0 2 0 -4 0 0 2-4cyls.dat
 1 16 0 2 -40 0 0 6 0 3 0 -6 0 0 2-4cyls.dat
 1 16 0 2 -40 0 0 -6 0 3 0 -6 0 0 2-4cyls.dat

0 BFC INVERTNEXT
 1 16 0 0 -20 4 0 0 0 13 0 0 0 4 4-4cyli.dat
 1 16 0 0 -20 6 0 0 0 12 0 0 0 6 4-4cyli.dat
0 BFC INVERTNEXT
 1 16 0 0 -40 4 0 0 0 3 0 0 0 4 4-4cyli.dat
 1 16 0 0 -40 6 0 0 0 2 0 0 0 6 4-4cyli.dat

 4 16 10 24 -10 10 24 10 10 0 10 10 4 -50
 4 16 10 24 -10 10 4 -50 -10 4 -50 -10 24 -10
 4 16 10 24 10 -10 24 10 -10 0 10 10 0 10
 4 16 -10 24 -10 -10 4 -50 -10 0 10 -10 24 10
 3 16 10 0 -50 10 4 -50 10 0 10
 4 16 10 0 -50 -10 0 -50 -10 4 -50 10 4 -50
 3 16 -10 0 -50 -10 0 10 -10 4 -50

 4 16 8 20 -10 -8 20 -10 -8 2 -46 8 2 -46
 4 16 8 20 -10 8 2 -46 8 0 -46 8 0 -10
 4 16 -8 20 -10 -8 0 -10 -8 0 -46 -8 2 -46
 4 16 8 20 -10 8 0 -10 -8 0 -10 -8 20 -10
 4 16 8 2 -46 -8 2 -46 -8 0 -46 8 0 -46

 4 16 10 0 10 -10 0 10 -8 0 -10 8 0 -10
 4 16 -10 0 10 -10 0 -50 -8 0 -46 -8 0 -10
 4 16 -10 0 -50 10 0 -50 8 0 -46 -8 0 -46
 4 16 10 0 -50 10 0 10 8 0 -10 8 0 -46

 1 16 0 0 0 1 0 0 0 1 0 0 0 1 stud.dat
 1 16 0 0 -20 1 0 0 0 1 0 0 0 1 stud2a.dat
 1 16 0 0 -40 1 0 0 0 1 0 0 0 1 stud2a.dat
