0 Technic Track System Gate 11 x  2 with Three Holes and Paddle
0 Name: 44775.dat
0 Author: Santeri Piippo [arezey]
0 !LDRAW_ORG Part UPDATE 2010-03
0 !LICENSE Redistributable under CCAL version 2.0 : see CAreadme.txt

0 BFC CERTIFY CCW
0 !KEYWORDS Multi-Challenge, Race, 8364, oar, beam
0 !CMDLINE -c14

0 !HISTORY 2010-12-31 [PTadmin] Official Update 2010-03

1 16 0 0 0 1 0 0 0 1 0 0 0 1 connhole.dat
1 16 0 0 -20 1 0 0 0 1 0 0 0 1 beamhole.dat
1 16 0 0 -40 1 0 0 0 1 0 0 0 1 beamhole.dat
1 16 0 -10 0 9 0 0 0 20 0 0 0 9 2-4cyli.dat
1 16 0 -10 0 9 0 0 0 1 0 0 0 9 2-4edge.dat
1 16 0 10 0 9 0 0 0 1 0 0 0 9 2-4edge.dat
1 16 9 0 -20 0 -1 0 0 0 10 20 0 0 rect2p.dat
1 16 -9 0 -20 0 1 0 0 0 10 -20 0 0 rect2p.dat
1 16 0 -10 -207 2.5 0 0 0 1 0 0 0 -2 2-4edge.dat
1 16 0 30 -207 2.5 0 0 0 1 0 0 0 -2 2-4edge.dat
1 16 0 -10 -207 2.5 0 0 0 1 0 0 0 -2 2-4disc.dat
1 16 0 30 -207 2.5 0 0 0 -1 0 0 0 -2 2-4disc.dat
1 16 0 -10 -207 2.5 0 0 0 40 0 0 0 -2 2-4cyli.dat
5 24 -9 10 -40 -9 -10 -40 -9 -10 0 -5.808 10 -122
5 24 9 10 -40 9 -10 -40 9 -10 0 5.808 10 -122
2 24 5.808 10 -122 9 10 -40
0 //
2 24 6.776 -10 -45.747 3.886 -10 -120
2 24 -6.776 -10 -45.747 -3.886 -10 -120
2 24 -6.364 -10 -46.364 -6.776 -10 -45.747
2 24 -6.364 -10 -46.364 -3.444 -10 -48.315
2 24 -3.444 -10 -48.315 0 -10 -49
2 24 0 -10 -49 3.444 -10 -48.315
2 24 3.444 -10 -48.315 6.364 -10 -46.364
2 24 6.364 -10 -46.364 6.776 -10 -45.747
1 16 0 -10 -120 3.886 0 0 0 40 0 0 0 -4 2-4edge.dat
0 //
2 24 6.776 -2 -45.747 3.886 -2 -120
2 24 -6.776 -2 -45.747 -3.886 -2 -120
2 24 -6.364 -2 -46.364 -6.776 -2 -45.747
2 24 -6.364 -2 -46.364 -3.444 -2 -48.315
2 24 -3.444 -2 -48.315 0 -2 -49
2 24 0 -2 -49 3.444 -2 -48.315
2 24 3.444 -2 -48.315 6.364 -2 -46.364
2 24 6.364 -2 -46.364 6.776 -2 -45.747
1 16 0 -2 -120 3.886 0 0 0 40 0 0 0 -4 2-4edge.dat
4 16 6.776 -10 -45.747 6.776 -2 -45.747 3.886 -2 -120 3.886 -10 -120
4 16 6.364 -10 -46.364 6.364 -2 -46.364 6.776 -2 -45.747 6.776 -10 -45.747
4 16 3.444 -10 -48.315 3.444 -2 -48.315 6.364 -2 -46.364 6.364 -10 -46.364
4 16 0 -10 -49 0 -2 -49 3.444 -2 -48.315 3.444 -10 -48.315
4 16 -3.444 -10 -48.315 -3.444 -2 -48.315 0 -2 -49 0 -10 -49
4 16 -6.364 -10 -46.364 -6.364 -2 -46.364 -3.444 -2 -48.315 -3.444 -10 -48.315
4 16 -6.776 -10 -45.747 -6.776 -2 -45.747 -6.364 -2 -46.364 -6.364 -10 -46.364
4 16 -3.886 -10 -120 -3.886 -2 -120 -6.776 -2 -45.747 -6.776 -10 -45.747
5 24 6.776 -2 -45.747 6.776 -10 -45.747 3.886 -10 -120 6.364 -2 -46.364
5 24 6.364 -2 -46.364 6.364 -10 -46.364 6.776 -10 -45.747 3.444 -2 -48.315
5 24 3.444 -2 -48.315 3.444 -10 -48.315 6.364 -10 -46.364 0 -2 -49
5 24 0 -2 -49 0 -10 -49 3.444 -10 -48.315 -3.444 -2 -48.315
5 24 -3.444 -2 -48.315 -3.444 -10 -48.315 0 -10 -49 -6.364 -2 -46.364
5 24 -6.364 -2 -46.364 -6.364 -10 -46.364 -3.444 -10 -48.315 -6.776 -2 -45.747
5 24 -6.776 -2 -45.747 -6.776 -10 -45.747 -6.364 -10 -46.364 -3.886 -2 -120
5 24 -6.776 -10 -45.747 -3.886 -10 -120 -3.886 -10 -120 6.776 -2 -45.747
0 BFC INVERTNEXT
1 16 0 -10 -120 3.886 0 0 0 8 0 0 0 -4 2-4cyli.dat
1 16 0 -2 -120 3.886 0 0 0 1 0 0 0 -4 2-4disc.dat
4 16 -6.649 -2 -49 -3.886 -2 -120 3.886 -2 -120 6.649 -2 -49
3 16 6.364 -2 -46.364 6.737 -2 -46.737 6.776 -2 -45.747
4 16 6.661 -2 -48.712 6.737 -2 -46.737 6.364 -2 -46.364 3.444 -2 -48.315
4 16 6.649 -2 -49 6.661 -2 -48.712 3.444 -2 -48.315 0 -2 -49
4 16 -6.661 -2 -48.712 -6.649 -2 -49 0 -2 -49 -3.444 -2 -48.315
4 16 -6.737 -2 -46.737 -6.661 -2 -48.712 -3.444 -2 -48.315 -6.364 -2 -46.364
3 16 -6.364 -2 -46.364 -6.776 -2 -45.747 -6.737 -2 -46.737
0 //
2 24 6.776 2 -45.747 3.886 2 -120
2 24 -6.776 2 -45.747 -3.886 2 -120
2 24 -6.364 2 -46.364 -6.776 2 -45.747
2 24 -6.364 2 -46.364 -3.444 2 -48.315
2 24 -3.444 2 -48.315 0 2 -49
2 24 0 2 -49 3.444 2 -48.315
2 24 3.444 2 -48.315 6.364 2 -46.364
2 24 6.364 2 -46.364 6.776 2 -45.747
1 16 0 2 -120 3.886 0 0 0 40 0 0 0 -4 2-4edge.dat
2 24 6.776 10 -45.747 3.886 10 -120
2 24 -6.776 10 -45.747 -3.886 10 -120
2 24 -6.364 10 -46.364 -6.776 10 -45.747
2 24 -6.364 10 -46.364 -3.444 10 -48.315
2 24 -3.444 10 -48.315 0 10 -49
2 24 0 10 -49 3.444 10 -48.315
2 24 3.444 10 -48.315 6.364 10 -46.364
2 24 6.364 10 -46.364 6.776 10 -45.747
0 //
4 16 6.776 2 -45.747 6.776 10 -45.747 3.886 10 -120 3.886 2 -120
4 16 6.364 2 -46.364 6.364 10 -46.364 6.776 10 -45.747 6.776 2 -45.747
4 16 3.444 2 -48.315 3.444 10 -48.315 6.364 10 -46.364 6.364 2 -46.364
4 16 0 2 -49 0 10 -49 3.444 10 -48.315 3.444 2 -48.315
4 16 -3.444 2 -48.315 -3.444 10 -48.315 0 10 -49 0 2 -49
4 16 -6.364 2 -46.364 -6.364 10 -46.364 -3.444 10 -48.315 -3.444 2 -48.315
4 16 -6.776 2 -45.747 -6.776 10 -45.747 -6.364 10 -46.364 -6.364 2 -46.364
4 16 -3.886 2 -120 -3.886 10 -120 -6.776 10 -45.747 -6.776 2 -45.747
5 24 6.776 10 -45.747 6.776 2 -45.747 3.886 2 -120 6.364 10 -46.364
5 24 6.364 10 -46.364 6.364 2 -46.364 6.776 2 -45.747 3.444 10 -48.315
5 24 3.444 10 -48.315 3.444 2 -48.315 6.364 2 -46.364 0 10 -49
5 24 0 10 -49 0 2 -49 3.444 2 -48.315 -3.444 10 -48.315
5 24 -3.444 10 -48.315 -3.444 2 -48.315 0 2 -49 -6.364 10 -46.364
5 24 -6.364 10 -46.364 -6.364 2 -46.364 -3.444 2 -48.315 -6.776 10 -45.747
5 24 -6.776 10 -45.747 -6.776 2 -45.747 -6.364 2 -46.364 -3.886 10 -120
5 24 -6.776 2 -45.747 -3.886 2 -120 -3.886 2 -120 6.776 10 -45.747
0 //
1 16 0 2 -120 3.886 0 0 0 -1 0 0 0 -4 2-4disc.dat
0 BFC INVERTNEXT
1 16 0 10 -120 3.886 0 0 0 -8 0 0 0 -4 2-4cyli.dat
4 16 6.649 2 -49 3.886 2 -120 -3.886 2 -120 -6.649 2 -49
3 16 6.776 2 -45.747 6.737 2 -46.737 6.364 2 -46.364
4 16 3.444 2 -48.315 6.364 2 -46.364 6.737 2 -46.737 6.661 2 -48.712
4 16 0 2 -49 3.444 2 -48.315 6.661 2 -48.712 6.649 2 -49
4 16 -3.444 2 -48.315 0 2 -49 -6.649 2 -49 -6.661 2 -48.712
4 16 -6.364 2 -46.364 -3.444 2 -48.315 -6.661 2 -48.712 -6.737 2 -46.737
3 16 -6.737 2 -46.737 -6.776 2 -45.747 -6.364 2 -46.364
0 //
3 16 9 -10 -40 8.315 -10 -43.444 8.734 -10 -46.84
4 16 8.663 -10 -48.663 8.734 -10 -46.84 8.315 -10 -43.444 6.776 -10 -45.747
3 16 6.776 -10 -45.747 6.737 -10 -46.737 8.663 -10 -48.663
4 16 6.737 -10 -46.737 6.661 -10 -48.712 8.651 -10 -48.957 8.663 -10 -48.663
4 16 6.661 -10 -48.712 6.649 -10 -49 8.65 -10 -49 8.651 -10 -48.957
4 16 -6.649 -10 -49 -6.661 -10 -48.712 -8.651 -10 -48.957 -8.65 -10 -49
4 16 -6.661 -10 -48.712 -6.737 -10 -46.737 -8.663 -10 -48.663 -8.651 -10 -48.957
4 16 -8.315 -10 -43.444 -8.734 -10 -46.84 -8.663 -10 -48.663 -6.737 -10 -46.737
3 16 -6.737 -10 -46.737 -6.776 -10 -45.747 -8.315 -10 -43.444
3 16 -9 -10 -40 -8.734 -10 -46.84 -8.315 -10 -43.444
4 16 -6.649 -10 -49 -8.65 -10 -49 -5.886 -10 -120 -3.886 -10 -120
4 16 3.886 -10 -120 5.886 -10 -120 8.65 -10 -49 6.649 -10 -49
0 //
3 16 8.734 10 -46.84 8.315 10 -43.444 9 10 -40
4 16 6.776 10 -45.747 8.315 10 -43.444 8.734 10 -46.84 8.663 10 -48.663
3 16 8.663 10 -48.663 6.737 10 -46.737 6.776 10 -45.747
4 16 8.663 10 -48.663 8.651 10 -48.957 6.661 10 -48.712 6.737 10 -46.737
4 16 8.651 10 -48.957 8.65 10 -49 6.649 10 -49 6.661 10 -48.712
4 16 -8.65 10 -49 -8.651 10 -48.957 -6.661 10 -48.712 -6.649 10 -49
4 16 -8.651 10 -48.957 -8.663 10 -48.663 -6.737 10 -46.737 -6.661 10 -48.712
4 16 -6.737 10 -46.737 -8.663 10 -48.663 -8.734 10 -46.84 -8.315 10 -43.444
3 16 -8.315 10 -43.444 -6.776 10 -45.747 -6.737 10 -46.737
3 16 -8.315 10 -43.444 -8.734 10 -46.84 -9 10 -40
4 16 -3.886 10 -120 -5.886 10 -120 -8.65 10 -49 -6.649 10 -49
4 16 6.649 10 -49 8.65 10 -49 5.886 10 -120 3.886 10 -120
1 16 0 -10 -120 3.886 0 0 0 1 0 0 0 -4 2-4ndis.dat
4 16 5.731 -10 -124 5.886 -10 -120 3.886 -10 -120 3.886 -10 -124
4 16 -3.886 -10 -124 -3.886 -10 -120 -5.886 -10 -120 -5.731 -10 -124
0 //
4 16 3.59 10 -121.531 3.886 10 -120 3.886 10 -122 3.646 10 -122
3 16 3.646 10 -122 3.286 10 -122 3.59 10 -121.531
3 16 -3.286 10 -122 -3.646 10 -122 -3.59 10 -121.531
4 16 -3.886 10 -120 -3.59 10 -121.531 -3.646 10 -122 -3.886 10 -122
4 16 3.886 10 -120 5.886 10 -120 5.808 10 -122 3.886 10 -122
4 16 -5.886 10 -120 -3.886 10 -120 -3.886 10 -122 -5.808 10 -122
2 24 -5.808 10 -122 -3.286 10 -122
2 24 3.286 10 -122 5.808 10 -122
0 //
4 16 5.531 15.538 -129.109 -5.531 15.538 -129.109 -5.808 10 -122 -1.487 11.321 -123.696
3 16 -5.808 10 -122 -3.286 10 -122 -3.256 10.035 -122.045
4 16 3.182 10.124 -122.159 5.808 10 -122 5.531 15.538 -129.109 2.748 10.645 -122.828
3 16 -3.256 10.035 -122.045 -3.152 10.16 -122.205 -5.808 10 -122
3 16 -3.152 10.16 -122.205 -3.116 10.203 -122.26 -5.808 10 -122
3 16 3.182 10.124 -122.159 3.286 10 -122 5.808 10 -122
3 16 1.487 11.321 -123.696 2.748 10.645 -122.828 5.531 15.538 -129.109
3 16 -5.808 10 -122 -3.116 10.203 -122.26 -2.837 10.538 -122.691
3 16 0 11.558 -124 1.487 11.321 -123.696 5.531 15.538 -129.109
3 16 -1.487 11.321 -123.696 0 11.558 -124 5.531 15.538 -129.109
3 16 -2.092 10.997 -123.28 -1.487 11.321 -123.696 -5.808 10 -122
3 16 -2.748 10.645 -122.828 -5.808 10 -122 -2.837 10.538 -122.691
3 16 -2.748 10.645 -122.828 -2.092 10.997 -123.28 -5.808 10 -122
4 16 5.198 20.62 -137.668 -5.198 20.62 -137.668 -5.531 15.538 -129.109 5.531 15.538 -129.109
4 16 4.839 24.673 -146.895 -4.839 24.673 -146.895 -5.198 20.62 -137.668 5.198 20.62 -137.668
4 16 4.46 27.613 -156.642 -4.46 27.613 -156.642 -4.839 24.673 -146.895 4.839 24.673 -146.895
4 16 4.067 29.398 -166.734 -4.067 29.398 -166.734 -4.46 27.613 -156.642 4.46 27.613 -156.642
4 16 3.668 30 -177 -3.668 30 -177 -4.067 29.398 -166.734 4.067 29.398 -166.734
4 16 2.5 30 -207 -2.5 30 -207 -3.668 30 -177 3.668 30 -177
5 24 -5.531 15.538 -129.109 5.531 15.538 -129.109 5.808 10 -122 -5.198 20.62 -137.668
5 24 -5.198 20.62 -137.668 5.198 20.62 -137.668 5.531 15.538 -129.109 -4.839 24.673 -146.895
5 24 -4.839 24.673 -146.895 4.839 24.673 -146.895 5.198 20.62 -137.668 -4.46 27.613 -156.642
5 24 -4.46 27.613 -156.642 4.46 27.613 -156.642 4.839 24.673 -146.895 -4.067 29.398 -166.734
5 24 -4.067 29.398 -166.734 4.067 29.398 -166.734 4.46 27.613 -156.642 -3.668 30 -177
5 24 -3.668 30 -177 3.668 30 -177 4.067 29.398 -166.734 -2.5 30 -207
5 24 3.668 30 -177 2.5 30 -207 2.5 30 -207 -5.531 15.538 -129.109
0 //
2 24 -3.286 10 -122 -3.256 10.035 -122.045
2 24 2.748 10.645 -122.828 3.182 10.124 -122.159
2 24 -3.256 10.035 -122.045 -3.152 10.16 -122.205
2 24 -3.152 10.16 -122.205 -3.116 10.203 -122.26
2 24 3.182 10.124 -122.159 3.286 10 -122
2 24 1.487 11.321 -123.696 2.748 10.645 -122.828
2 24 -3.116 10.203 -122.26 -2.837 10.538 -122.691
2 24 0 11.558 -124 1.487 11.321 -123.696
2 24 -1.487 11.321 -123.696 0 11.558 -124
2 24 -2.092 10.997 -123.28 -1.487 11.321 -123.696
2 24 -2.837 10.538 -122.691 -2.748 10.645 -122.828
2 24 -2.748 10.645 -122.828 -2.092 10.997 -123.28
0 //
2 24 -3.286 10 -122 -3.59 10 -121.531
2 24 -3.59 10 -121.531 -3.886 10 -120
2 24 3.286 10 -122 3.59 10 -121.531
2 24 3.59 10 -121.531 3.886 10 -120
0 //
3 16 2.748 10 -122.8 3.286 10 -122 3.182 10.12 -122.2
3 16 2.748 10 -122.8 3.182 10.12 -122.2 2.748 10.64 -122.8
5 24 2.748 10 -122.8 3.182 10.12 -122.2 3.286 10 -122 2.748 10.64 -122.8
4 16 1.487 10 -123.696 2.748 10 -122.828 2.748 10.645 -122.828 1.487 11.321 -123.696
4 16 1.487 10 -123.696 1.487 11.321 -123.696 0 11.558 -124 0 10 -124
4 16 0 10 -124 0 11.558 -124 -1.487 11.321 -123.696 -1.487 10 -123.696
4 16 -1.487 10 -123.696 -1.487 11.321 -123.696 -2.748 10.645 -122.828 -2.748 10 -122.828
5 24 2.748 10 -122.828 2.748 10.645 -122.828 3.182 10.124 -122.159 1.487 10 -123.696
3 16 -2.748 10 -122.828 -2.748 10.645 -122.828 -3.182 10.124 -122.159
3 16 -2.748 10 -122.828 -3.182 10.124 -122.159 -3.286 10 -122
5 24 1.487 10 -123.696 1.487 11.321 -123.696 2.748 10.645 -122.828 0 11.558 -124
5 24 0 11.558 -124 0 10 -124 1.487 10 -123.696 -1.487 11.321 -123.696
5 24 -1.487 11.321 -123.696 -1.487 10 -123.696 0 10 -124 -2.748 10.645 -122.828
5 24 -2.748 10.645 -122.828 -2.748 10 -122.828 -1.487 10 -123.696 -3.182 10.124 -122.159
1 16 0 0 0 1 0 0 0 1 0 0 0 1 s\44775s01.dat
1 16 0 0 0 -1 0 0 0 1 0 0 0 1 s\44775s01.dat
0 //
0 //