0 Arch  1 x  3
0 Name: 4490.dat
0 Author: James Jessiman
0 !LDRAW_ORG Part UPDATE 2005-01
0 !LICENSE Redistributable under CCAL version 2.0 : see CAreadme.txt

0 BFC CERTIFY CCW

0 !HISTORY 1998-06-20 [PTadmin] Official Update 1998-06
0 !HISTORY 2004-11-15 [guyvivan] Made BFC Compliant
0 !HISTORY 2005-12-28 [PTadmin] Official Update 2005-01
0 !HISTORY 2007-07-04 [PTadmin] Header formatted for Contributor Agreement
0 !HISTORY 2008-07-01 [PTadmin] Official Update 2008-01

0 BFC INVERTNEXT
1 16 20 24 0 6 0 0 0 -20 0 0 0 6 box5.dat
0 BFC INVERTNEXT
1 16 -20 24 0 6 0 0 0 -20 0 0 0 6 box5.dat
4 16 30 24 10 26 24 6 14 24 6 10 24 10
4 16 10 24 10 14 24 6 14 24 -6 10 24 -10
4 16 10 24 -10 14 24 -6 26 24 -6 30 24 -10
4 16 30 24 -10 26 24 -6 26 24 6 30 24 10
4 16 -10 24 10 -14 24 6 -26 24 6 -30 24 10
4 16 -30 24 10 -26 24 6 -26 24 -6 -30 24 -10
4 16 -30 24 -10 -26 24 -6 -14 24 -6 -10 24 -10
4 16 -10 24 -10 -14 24 -6 -14 24 6 -10 24 10
2 24 10 24 10 30 24 10
2 24 30 24 -10 10 24 -10
2 24 10 24 -10 10 24 10
2 24 -10 24 10 -30 24 10
2 24 -30 24 -10 -10 24 -10
2 24 -10 24 -10 -10 24 10
2 24 10 18 10 10 24 10
2 24 -10 18 10 -10 24 10
2 24 10 18 -10 10 24 -10
2 24 -10 18 -10 -10 24 -10
2 24 10 18 6 10 4 6
2 24 -10 18 6 -10 4 6
2 24 10 18 -6 10 4 -6
2 24 -10 18 -6 -10 4 -6
1 16 0 4 0 10 0 0 0 -1 0 0 0 6 rect.dat
1 16 0 24 0 0 0 -30 0 -24 0 10 0 0 box3u2p.dat
1 16 0 18 10 10 0 0 0 0 -10 0 1 0 2-4edge.dat
1 16 0 18 6 10 0 0 0 0 -10 0 1 0 2-4edge.dat
1 16 0 18 -6 10 0 0 0 0 -10 0 1 0 2-4edge.dat
1 16 0 18 -10 10 0 0 0 0 -10 0 1 0 2-4edge.dat
1 16 0 18 10 10 0 0 0 0 -10 0 -1 0 2-4ndis.dat
1 16 0 18 6 10 0 0 0 0 -10 0 1 0 2-4ndis.dat
1 16 0 18 -6 10 0 0 0 0 -10 0 -1 0 2-4ndis.dat
1 16 0 18 -10 10 0 0 0 0 -10 0 1 0 2-4ndis.dat
0 BFC INVERTNEXT
1 16 0 18 10 10 0 0 0 0 -10 0 -4 0 2-4cyli.dat
0 BFC INVERTNEXT
1 16 0 18 -10 10 0 0 0 0 -10 0 4 0 2-4cyli.dat
4 16 -10 18 -10 -10 24 -10 -10 24 10 -10 18 10
4 16 10 18 10 10 24 10 10 24 -10 10 18 -10
4 16 -10 18 6 -10 4 6 -10 4 -6 -10 18 -6
4 16 10 18 -6 10 4 -6 10 4 6 10 18 6
4 16 10 8 6 10 4 6 -10 4 6 -10 8 6
4 16 -10 8 -6 -10 4 -6 10 4 -6 10 8 -6
4 16 -30 0 10 -10 8 10 -10 24 10 -30 24 10
4 16 30 24 10 10 24 10 10 8 10 30 0 10
4 16 -30 24 -10 -10 24 -10 -10 8 -10 -30 0 -10
4 16 30 0 -10 10 8 -10 10 24 -10 30 24 -10
4 16 30 0 10 10 8 10 -10 8 10 -30 0 10
4 16 -30 0 -10 -10 8 -10 10 8 -10 30 0 -10
1 16 -20 0 0 1 0 0 0 1 0 0 0 1 stud.dat
1 16 0 0 0 1 0 0 0 1 0 0 0 1 stud.dat
1 16 20 0 0 1 0 0 0 1 0 0 0 1 stud.dat
0
