0 Door  6 & 1/2 x  5 Sliding with Vertical Lines
0 Name: 4511.dat
0 Author: James Jessiman
0 !LDRAW_ORG Part UPDATE 2002-01
0 !LICENSE Redistributable under CCAL version 2.0 : see CAreadme.txt

0 !KEYWORDS train

0 !HISTORY 1999-02-01 [PTadmin] Official Update 1999-01
0 !HISTORY 2001-01-12 [cwdee] improved detail os ribs and added mounds, dimples and lugs
0 !HISTORY 2002-02-18 [PTadmin] Official Update 2002-01
0 !HISTORY 2007-07-08 [PTadmin] Header formatted for Contributor Agreement
0 !HISTORY 2008-07-01 [PTadmin] Official Update 2008-01

 1 16 -124.25 0 -2 3.5 0 0 0 0 58 0 1 0 rect.dat
 1 16 -116.25 0 -1.5 4.5 0 0 0 0 58 0 1 0 rect.dat
 4 16 -120.75 58 -1.5 -120.75 58 -2 -111.75 58 -2 -111.75 58 -1.5
 2 24 -120.75 58 -1.5 -120.75 58 -2
 2 24 -111.75 58 -1.5 -111.75 58 -2
 4 16 -120.75 -58 -1.5 -120.75 -58 -2 -111.75 -58 -2 -111.75 -58 -1.5
 2 24 -120.75 -58 -1.5 -120.75 -58 -2
 2 24 -111.75 -58 -1.5 -111.75 -58 -2
 4 16 -120.75 -58 -1.5 -120.75 -58 -2 -120.75 58 -2 -120.75 58 -1.5
 4 16 -111.75 -58 -1.5 -111.75 -58 -2 -111.75 58 -2 -111.75 58 -1.5
 1 16 -108.25 0 -2 3.5 0 0 0 0 58 0 1 0 rect.dat
 1 16 -100.25 0 -1.5 4.5 0 0 0 0 58 0 1 0 rect.dat
 4 16 -104.75 58 -1.5 -104.75 58 -2 -95.75 58 -2 -95.75 58 -1.5
 2 24 -104.75 58 -1.5 -104.75 58 -2
 2 24 -95.75 58 -1.5 -95.75 58 -2
 4 16 -104.75 -58 -1.5 -104.75 -58 -2 -95.75 -58 -2 -95.75 -58 -1.5
 2 24 -104.75 -58 -1.5 -104.75 -58 -2
 2 24 -95.75 -58 -1.5 -95.75 -58 -2
 4 16 -104.75 -58 -1.5 -104.75 -58 -2 -104.75 58 -2 -104.75 58 -1.5
 4 16 -95.75 -58 -1.5 -95.75 -58 -2 -95.75 58 -2 -95.75 58 -1.5
 1 16 -92.25 0 -2 3.5 0 0 0 0 58 0 1 0 rect.dat
 1 16 -84.25 0 -1.5 4.5 0 0 0 0 58 0 1 0 rect.dat
 4 16 -88.75 58 -1.5 -88.75 58 -2 -79.75 58 -2 -79.75 58 -1.5
 2 24 -88.75 58 -1.5 -88.75 58 -2
 2 24 -79.75 58 -1.5 -79.75 58 -2
 4 16 -88.75 -58 -1.5 -88.75 -58 -2 -79.75 -58 -2 -79.75 -58 -1.5
 2 24 -88.75 -58 -1.5 -88.75 -58 -2
 2 24 -79.75 -58 -1.5 -79.75 -58 -2
 4 16 -88.75 -58 -1.5 -88.75 -58 -2 -88.75 58 -2 -88.75 58 -1.5
 4 16 -79.75 -58 -1.5 -79.75 -58 -2 -79.75 58 -2 -79.75 58 -1.5
 1 16 -76.25 0 -2 3.5 0 0 0 0 58 0 1 0 rect.dat
 1 16 -68.25 0 -1.5 4.5 0 0 0 0 58 0 1 0 rect.dat
 4 16 -72.75 58 -1.5 -72.75 58 -2 -63.75 58 -2 -63.75 58 -1.5
 2 24 -72.75 58 -1.5 -72.75 58 -2
 2 24 -63.75 58 -1.5 -63.75 58 -2
 4 16 -72.75 -58 -1.5 -72.75 -58 -2 -63.75 -58 -2 -63.75 -58 -1.5
 2 24 -72.75 -58 -1.5 -72.75 -58 -2
 2 24 -63.75 -58 -1.5 -63.75 -58 -2
 4 16 -72.75 -58 -1.5 -72.75 -58 -2 -72.75 58 -2 -72.75 58 -1.5
 4 16 -63.75 -58 -1.5 -63.75 -58 -2 -63.75 58 -2 -63.75 58 -1.5
 1 16 -60.25 0 -2 3.5 0 0 0 0 58 0 1 0 rect.dat
 1 16 -52.25 0 -1.5 4.5 0 0 0 0 58 0 1 0 rect.dat
 4 16 -56.75 58 -1.5 -56.75 58 -2 -47.75 58 -2 -47.75 58 -1.5
 2 24 -56.75 58 -1.5 -56.75 58 -2
 2 24 -47.75 58 -1.5 -47.75 58 -2
 4 16 -56.75 -58 -1.5 -56.75 -58 -2 -47.75 -58 -2 -47.75 -58 -1.5
 2 24 -56.75 -58 -1.5 -56.75 -58 -2
 2 24 -47.75 -58 -1.5 -47.75 -58 -2
 4 16 -56.75 -58 -1.5 -56.75 -58 -2 -56.75 58 -2 -56.75 58 -1.5
 4 16 -47.75 -58 -1.5 -47.75 -58 -2 -47.75 58 -2 -47.75 58 -1.5
 1 16 -44.25 0 -2 3.5 0 0 0 0 58 0 1 0 rect.dat
 1 16 -36.25 0 -1.5 4.5 0 0 0 0 58 0 1 0 rect.dat
 4 16 -40.75 58 -1.5 -40.75 58 -2 -31.75 58 -2 -31.75 58 -1.5
 2 24 -40.75 58 -1.5 -40.75 58 -2
 2 24 -31.75 58 -1.5 -31.75 58 -2
 4 16 -40.75 -58 -1.5 -40.75 -58 -2 -31.75 -58 -2 -31.75 -58 -1.5
 2 24 -40.75 -58 -1.5 -40.75 -58 -2
 2 24 -31.75 -58 -1.5 -31.75 -58 -2
 4 16 -40.75 -58 -1.5 -40.75 -58 -2 -40.75 58 -2 -40.75 58 -1.5
 4 16 -31.75 -58 -1.5 -31.75 -58 -2 -31.75 58 -2 -31.75 58 -1.5
 1 16 -28.25 0 -2 3.5 0 0 0 0 58 0 1 0 rect.dat
 1 16 -20.25 0 -1.5 4.5 0 0 0 0 58 0 1 0 rect.dat
 4 16 -24.75 58 -1.5 -24.75 58 -2 -15.75 58 -2 -15.75 58 -1.5
 2 24 -24.75 58 -1.5 -24.75 58 -2
 2 24 -15.75 58 -1.5 -15.75 58 -2
 4 16 -24.75 -58 -1.5 -24.75 -58 -2 -15.75 -58 -2 -15.75 -58 -1.5
 2 24 -24.75 -58 -1.5 -24.75 -58 -2
 2 24 -15.75 -58 -1.5 -15.75 -58 -2
 4 16 -24.75 -58 -1.5 -24.75 -58 -2 -24.75 58 -2 -24.75 58 -1.5
 4 16 -15.75 -58 -1.5 -15.75 -58 -2 -15.75 58 -2 -15.75 58 -1.5
0
1 16 -12.25 0 -2 3.5 0 0 0 0 58 0 1 0 rect.dat
2 24 -8.75 58 -1.5 -8.75 -58 -1.5
4 16 0 58 -1.5 0 -3 -1.5 -8.75 -3 -1.5 -8.75 58 -1.5
4 16 0 -7 -1.5 0 -58 -1.5 -8.75 -58 -1.5 -8.75 -7 -1.5
4 16 -7 -3 -1.5 -8.75 -3 -1.5 -8.75 -7 -1.5 -7 -7 -1.5
4 16 0 -3 -1.5 -3 -3 -1.5 -3 -7 -1.5 0 -7 -1.5
4 16 -8.75 58 -1.5 -8.75 58 -2 -8 58 -2 -8 58 -1.5
2 24 -8.75 58 -1.5 -8.75 58 -2
4 16 -8.75 -58 -1.5 -8.75 -58 -2 -8 -58 -2 -8 -58 -1.5
2 24 -8.75 -58 -1.5 -8.75 -58 -2
4 16 -8.75 -58 -1.5 -8.75 -58 -2 -8.75 58 -2 -8.75 58 -1.5
4 16 0 -58 -2  0 -58 -2.5 -128 -58 -2.5 -128 -58 -2 
1 16 -64 -60 -2.5 64 0 0 0 0 2 0 1 0 rect.dat
4 16 0 58 -2  0 58 -2.5 -128 58 -2.5 -128 58 -2 
1 16 -64 60 -2.5 64 0 0 0 0 2 0 1 0 rect.dat
1 16 -5 -5 -1.5 0 0 2 2 0 0 0 0.5 0 4-8sphe.dat
1 16 -5 -5 -1.5 0 0 2 2 0 0 0 1 0 4-4edge.dat
1 16 -5 -5 -1.5 0 0 2 2 0 0 0 1 0 4-4ndis.dat

 1 16 -124.25 0 2 3.5 0 0 0 0 58 0 -1 0 rect.dat
 1 16 -116.25 0 1.5 4.5 0 0 0 0 58 0 -1 0 rect.dat
 4 16 -120.75 58 1.5 -120.75 58 2 -111.75 58 2 -111.75 58 1.5
 2 24 -120.75 58 1.5 -120.75 58 2
 2 24 -111.75 58 1.5 -111.75 58 2
 4 16 -120.75 -58 1.5 -120.75 -58 2 -111.75 -58 2 -111.75 -58 1.5
 2 24 -120.75 -58 1.5 -120.75 -58 2
 2 24 -111.75 -58 1.5 -111.75 -58 2
 4 16 -120.75 -58 1.5 -120.75 -58 2 -120.75 58 2 -120.75 58 1.5
 4 16 -111.75 -58 1.5 -111.75 -58 2 -111.75 58 2 -111.75 58 1.5
 1 16 -108.25 0 2 3.5 0 0 0 0 58 0 -1 0 rect.dat
 1 16 -100.25 0 1.5 4.5 0 0 0 0 58 0 -1 0 rect.dat
 4 16 -104.75 58 1.5 -104.75 58 2 -95.75 58 2 -95.75 58 1.5
 2 24 -104.75 58 1.5 -104.75 58 2
 2 24 -95.75 58 1.5 -95.75 58 2
 4 16 -104.75 -58 1.5 -104.75 -58 2 -95.75 -58 2 -95.75 -58 1.5
 2 24 -104.75 -58 1.5 -104.75 -58 2
 2 24 -95.75 -58 1.5 -95.75 -58 2
 4 16 -104.75 -58 1.5 -104.75 -58 2 -104.75 58 2 -104.75 58 1.5
 4 16 -95.75 -58 1.5 -95.75 -58 2 -95.75 58 2 -95.75 58 1.5
 1 16 -92.25 0 2 3.5 0 0 0 0 58 0 -1 0 rect.dat
 1 16 -84.25 0 1.5 4.5 0 0 0 0 58 0 -1 0 rect.dat
 4 16 -88.75 58 1.5 -88.75 58 2 -79.75 58 2 -79.75 58 1.5
 2 24 -88.75 58 1.5 -88.75 58 2
 2 24 -79.75 58 1.5 -79.75 58 2
 4 16 -88.75 -58 1.5 -88.75 -58 2 -79.75 -58 2 -79.75 -58 1.5
 2 24 -88.75 -58 1.5 -88.75 -58 2
 2 24 -79.75 -58 1.5 -79.75 -58 2
 4 16 -88.75 -58 1.5 -88.75 -58 2 -88.75 58 2 -88.75 58 1.5
 4 16 -79.75 -58 1.5 -79.75 -58 2 -79.75 58 2 -79.75 58 1.5
 1 16 -76.25 0 2 3.5 0 0 0 0 58 0 -1 0 rect.dat
 1 16 -68.25 0 1.5 4.5 0 0 0 0 58 0 -1 0 rect.dat
 4 16 -72.75 58 1.5 -72.75 58 2 -63.75 58 2 -63.75 58 1.5
 2 24 -72.75 58 1.5 -72.75 58 2
 2 24 -63.75 58 1.5 -63.75 58 2
 4 16 -72.75 -58 1.5 -72.75 -58 2 -63.75 -58 2 -63.75 -58 1.5
 2 24 -72.75 -58 1.5 -72.75 -58 2
 2 24 -63.75 -58 1.5 -63.75 -58 2
 4 16 -72.75 -58 1.5 -72.75 -58 2 -72.75 58 2 -72.75 58 1.5
 4 16 -63.75 -58 1.5 -63.75 -58 2 -63.75 58 2 -63.75 58 1.5
 1 16 -60.25 0 2 3.5 0 0 0 0 58 0 -1 0 rect.dat
 1 16 -52.25 0 1.5 4.5 0 0 0 0 58 0 -1 0 rect.dat
 4 16 -56.75 58 1.5 -56.75 58 2 -47.75 58 2 -47.75 58 1.5
 2 24 -56.75 58 1.5 -56.75 58 2
 2 24 -47.75 58 1.5 -47.75 58 2
 4 16 -56.75 -58 1.5 -56.75 -58 2 -47.75 -58 2 -47.75 -58 1.5
 2 24 -56.75 -58 1.5 -56.75 -58 2
 2 24 -47.75 -58 1.5 -47.75 -58 2
 4 16 -56.75 -58 1.5 -56.75 -58 2 -56.75 58 2 -56.75 58 1.5
 4 16 -47.75 -58 1.5 -47.75 -58 2 -47.75 58 2 -47.75 58 1.5
 1 16 -44.25 0 2 3.5 0 0 0 0 58 0 -1 0 rect.dat
 1 16 -36.25 0 1.5 4.5 0 0 0 0 58 0 -1 0 rect.dat
 4 16 -40.75 58 1.5 -40.75 58 2 -31.75 58 2 -31.75 58 1.5
 2 24 -40.75 58 1.5 -40.75 58 2
 2 24 -31.75 58 1.5 -31.75 58 2
 4 16 -40.75 -58 1.5 -40.75 -58 2 -31.75 -58 2 -31.75 -58 1.5
 2 24 -40.75 -58 1.5 -40.75 -58 2
 2 24 -31.75 -58 1.5 -31.75 -58 2
 4 16 -40.75 -58 1.5 -40.75 -58 2 -40.75 58 2 -40.75 58 1.5
 4 16 -31.75 -58 1.5 -31.75 -58 2 -31.75 58 2 -31.75 58 1.5
 1 16 -28.25 0 2 3.5 0 0 0 0 58 0 -1 0 rect.dat
 1 16 -20.25 0 1.5 4.5 0 0 0 0 58 0 -1 0 rect.dat
 4 16 -24.75 58 1.5 -24.75 58 2 -15.75 58 2 -15.75 58 1.5
 2 24 -24.75 58 1.5 -24.75 58 2
 2 24 -15.75 58 1.5 -15.75 58 2
 4 16 -24.75 -58 1.5 -24.75 -58 2 -15.75 -58 2 -15.75 -58 1.5
 2 24 -24.75 -58 1.5 -24.75 -58 2
 2 24 -15.75 -58 1.5 -15.75 -58 2
 4 16 -24.75 -58 1.5 -24.75 -58 2 -24.75 58 2 -24.75 58 1.5
 4 16 -15.75 -58 1.5 -15.75 -58 2 -15.75 58 2 -15.75 58 1.5
0
1 16 -12.25 0 2 3.5 0 0 0 0 58 0 -1 0 rect.dat
2 24 0 52 1.5 -8.75 52 1.5
2 24 -8.75 52 1.5 -8.75 -52 1.5
2 24 -8.75 -52 1.5 0 -52 1.5
2 24 0 -52 1.5 0 52 1.5
4 16 0 52 1.5 0 -52 1.5 -8.75 -52 1.5 -8.75 52 1.5
4 16 -8.75 52 1.5 -8.75 52 2.5 0 52 2.5 0 52 1.5
4 16 -8.75 -52 1.5 -8.75 -52 2.5 0 -52 2.5 0 -52 1.5
2 24 -8.75 52 1.5 -8.75 52 2.5
2 24 0 52 1.5 0 52 2.5
2 24 -8.75 -52 1.5 -8.75 -52 2.5
2 24 0 -52 1.5 0 -52 2.5
4 16 -8.75 -52 1.5 -8.75 -52 2 -8.75 52 2 -8.75 52 1.5

2 24 -8.75 -58 2.5 -128 -58 2.5
2 24 -128 -58 2.5 -128 -62 2.5
2 24 -128 -62 2.5 0 -62 2.5
2 24 0 -62 2.5 0 -52 2.5
2 24 -8.75 -58 2.5 -8.75 -52 2.5
2 24 -8.75 -52 2.5 0 -52 2.5
4 16 0 -58 2.5 0 -62 2.5 -128 -62 2.5 -128 -58 2.5
4 16 0 -58 2.5 0 -52 2.5 -8.75 -52 2.5 -8.75 -58 2.5
4 16 -8.75 -52 2 -8.75 -52 2.5 -8.75 -58 2.5 -8.75 -58 2
1 16 -4 -55 2.5 0 0 2 2 0 0 0 0.5 0 4-8sphe.dat
1 16 -4 -55 2.5 0 0 2 2 0 0 0 1 0 4-4edge.dat 

2 24 -8.75 58 2.5 -128 58 2.5
2 24 -128 58 2.5 -128 62 2.5
2 24 -128 62 2.5 0 62 2.5
2 24 0 62 2.5 0 52 2.5
2 24 -8.75 58 2.5 -8.75 52 2.5
2 24 -8.75 52 2.5 0 52 2.5
4 16 0 58 2.5 0 62 2.5 -128 62 2.5 -128 58 2.5
4 16 0 58 2.5 0 52 2.5 -8.75 52 2.5 -8.75 58 2.5
4 16 -8.75 52 2 -8.75 52 2.5 -8.75 58 2.5 -8.75 58 2
1 16 -4 55 2.5 0 0 2 2 0 0 0 0.5 0 4-8sphe.dat
1 16 -4 55 2.5 0 0 2 2 0 0 0 1 0 4-4edge.dat 

1 16 -22 -50 1.5  1.5 0 0  0 0 4  0 3 0 box5.dat
1 16 -22 50 1.5  1.5 0 0  0 0 4  0 3 0 box5.dat

0 rib edges
2 24 -18 16 -1.5 -17.6956 17.5308 -1.5
2 24 -17.6956 17.5308 -1.5 -16.8284 18.8284 -1.5
2 24 -16.8284 18.8284 -1.5 -15.75 19.5491 -1.5
2 24 -15.75 19.5491 -1.5 -15.75 19.5491 -2
2 24 -15.75 19.5491 -2 -15.5308 19.6956 -2
2 24 -15.5308 19.6956 -2 -14 20 -2
2 24 -18 16 -1.5 -18 -16 -1.5
2 24 -18 -16 -1.5 -17.6956 -17.5308 -1.5
2 24 -17.6956 -17.5308 -1.5 -16.8284 -18.8284 -1.5
2 24 -16.8284 -18.8284 -1.5 -15.75 -19.5491 -1.5
2 24 -15.75 -19.5491 -1.5 -15.75 -19.5491 -2
2 24 -15.75 -19.5491 -2 -15.5308 -19.6956 -2
2 24 -15.5308 -19.6956 -2 -14 -20 -2

2 24 -8 58 -1.5 -8 20 -1.5
2 24 -8 20 -1.5 -8.75 20 -1.5
2 24 -8.75 20 -1.5 -8.75 20 -2
2 24 -8.75 20 -2 -14 20 -2
2 24 -4 12 -1.5 -8.75 12 -1.5
2 24 -8.75 12 -1.5 -8.75 12 -2
2 24 -8.75 12 -2 -10 12 -2
2 24 -10 12 -2 -10 -12 -2
2 24 0 16 -1.5 0 -16 -1.5
2 24 -4 -12 -1.5 -8.75 -12 -1.5
2 24 -8.75 -12 -1.5 -8.75 -12 -2
2 24 -8.75 -12 -2 -10 -12 -2
2 24 -8 -20 -1.5 -8.75 -20 -1.5
2 24 -8.75 -20 -1.5 -8.75 -20 -2
2 24 -8.75 -20 -2 -14 -20 -2

2 24 -8 -58 -1.5 -8 -20 -1.5
2 24 0 -58 -2.5 0 -58 -4
2 24 -8 -58 -1.5 -8 -58 -4
2 24 -8 -20 -1.5 -8 -20 -4
2 24 -10 -12 -2 -10 -12 -4
2 24 -10 12 -2 -10 12 -4
2 24 -8 20 -1.5 -8 20 -4
2 24 0 58 -2.5 0 58 -4
2 24 -8 58 -1.5 -8 58 -4
1 16 -4 58 -4 4 0 0 0 1 0 0 0 -4 2-4edge.dat
1 16 -4 16 -4 -4 0 0 4 1 0 0 0 -4 1-4edge.dat
1 16 -14 16 -4 4 0 0 -4 1 0 0 0 -4 1-4edge.dat
1 16 -14 -16 -4 4 0 0 4 1 0 0 0 -4 1-4edge.dat
1 16 -4 -16 -4 -4 0 0 -4 1 0 0 0 -4 1-4edge.dat
1 16 -4 -58 -4 4 0 0 0 1 0 0 0 -4 2-4edge.dat

0 latch edges
2 24 -10 2 -2 -10 2 -4
2 24 -10 8 -2 -10 8 -4
2 24 -10 2 -4 -10 8 -4
2 24 -10 2 -2 -8.75 2 -2
2 24 -8.75 2 -2 -8.75 2 -1.5
2 24 -8.75 2 -1.5 5 2 -1.5
2 24 -10 8 -2 -8.75 8 -2
2 24 -8.75 8 -2 -8.75 8 -1.5
2 24 -8.75 8 -1.5 5 8 -2
2 24 -10 2 -4 5 2 -4
2 24 -10 8 -4 5 8 -4
1 16 5 5 -1.5 0 0 3 3 0 0 0 1 0 2-4edge.dat
1 16 5 5 -4 0 0 3 3 0 0 0 1 0 2-4edge.dat

0 main rim
4 16 0 -62 -2.5 0 -62 2.5 -128 -62 2.5 -128 -62 -2.5
2 24 0 -62 -2.5 0 -62 2.5
2 24 -128 -62 -2.5 -128 -62 2.5
4 16 0 62 -2.5 0 62 2.5 -128 62 2.5 -128 62 -2.5
2 24 0 62 -2.5 0 62 2.5
2 24 -128 62 -2.5 -128 62 2.5
4 16 -128 -62 -2.5 -128 -62 2.5 -128 -58 2.5 -128 -58 -2.5
4 16 -128 62 -2.5 -128 62 2.5 -128 58 2.5 -128 58 -2.5
4 16 -128 58 -2 -128 58 2 -128 -58 2 -128 -58 -2
4 16 0 -62 -2.5 0 -62 2.5 0 -58 2.5 0 -58 -2.5
4 16 0 62 -2.5 0 62 2.5 0 58 2.5 0 58 -2.5
4 16 0 -58 -1.5 0 -52 -1.5 0 -52 2.5 0 -58 2.5     
4 16 0 58 -1.5 0 52 -1.5 0 52 2.5 0 58 2.5     
4 16 0 52 -1.5 0 52 1.5 0 -52 1.5 0 -52 -1.5

0 non-curved edges to rib
4 16 0 58 -2.5 0 58 -4 -8 58 -4 -8 58 -2.5
4 16 -8 58 -1.5 -8 58 -4 -8 20 -4 -8 20 -1.5
4 16 -8 20 -1.5 -8 20 -4 -9 20 -4 -9 20 -1.5
4 16 -9 20 -2 -9 20 -4 -14 20 -4 -14 20 -2
1 16 -14 16 -1.5 -4 0 0 0 0 4 0 -2.5 0 1-4cyli.dat
4 16 -18 16 -1.5 -18 16 -4 -18 -16 -4 -18 -16 -1.5
1 16 -14 -16 -1.5 -4 0 0 0 0 -4 0 -2.5 0 1-4cyli.dat
4 16 -14 -20 -2 -14 -20 -4 -9 -20 -4 -9 -20 -2
4 16 -9 -20 -1.5 -9 -20 -4 -8 -20 -4 -8 -20 -1.5
4 16 -8 -20 -1.5 -8 -20 -4 -8 -58 -4 -8 -58 -1.5
4 16 -8 -58 -2.5 -8 -58 -4 0 -58 -4 0 -58 -2.5
4 16 0 -58 -1.5 0 -58 -4 0 -16 -4 0 -16 -1.5
1 16 -4 -16 -1.5 4 0 0 0 0 4 0 -2.5 0 1-4cyli.dat
4 16 -4 -12 -1.5 -4 -12 -4 -9 -12 -4 -9 -12 -1.5
4 16 -9 -12 -2 -9 -12 -4 -10 -12 -4 -10 -12 -2
4 16 -10 -12 -2 -10 -12 -4 -10 12 -4 -10 12 -2
4 16 -10 12 -2 -10 12 -4 -9 12 -4 -9 12 -2
4 16 -9 12 -1.5 -9 12 -4 -4 12 -4 -4 12 -1.5
1 16 -4 16 -1.5 4 0 0 0 0 -4 0 -2.5 0 1-4cyli.dat
4 16 0 16 -1.5 0 16 -4 0 58 -4 0 58 -1.5

0 latch
4 16 0 2 -1.5 5 2 -1.5 5 8 -1.5 0 8 -1.5
4 16 -10 2 -4 5 2 -4 5 8 -4 -10 8 -4
4 16 -10 2 -2 -9 2 -2 -9 2 -4 -10 2 -4
4 16 -9 2 -1.5 5 2 -1.5 5 2 -4 -9 2 -4
4 16 -10 8 -2 -9 8 -2 -9 8 -4 -10 8 -4
4 16 -9 8 -1.5 5 8 -1.5 5 8 -4 -9 8 -4
1 16 5 5 -1.5 0 0 3 3 0 0 0 1 0 2-4disc.dat
1 16 5 5 -4 0 0 3 3 0 0 0 1 0 2-4disc.dat
1 16 5 5 -4 0 0 3 3 0 0 0 2.5 0 2-4cyli.dat
1 16 5 5 -1.5 0 0 2 2 0 0 0 0.5 0 4-8sphe.dat
1 16 5 5 -1.5 0 0 2 2 0 0 0 1 0 4-4edge.dat

0 curved rib
1 16 -4 58 -4 4 0 0 0 1 0 0 0 -4 2-4disc.dat
1 16 -4 16 -4 4 0 0 0 42 0 0 0 -4 2-4cyli.dat
1 16 -4 16 -4 4 0 0 0 -4 0 0 0 -4 1-8sphe.dat
1 16 -14 16 -4 0 10 0 4 0 0 0 0 -4 2-4cyli.dat
1 16 -14 16 -4 -4 0 0 0 4 0 0 0 -4 1-8sphe.dat
1 16 -14 -16 -4 4 0 0 0 32 0 0 0 -4 2-4cyli.dat
1 16 -14 -16 -4 -4 0 0 0 -4 0 0 0 -4 1-8sphe.dat
1 16 -14 -16 -4 0 10 0 4 0 0 0 0 -4 2-4cyli.dat
1 16 -4 -16 -4 4 0 0 0 4 0 0 0 -4 1-8sphe.dat
1 16 -4 -58 -4 4 0 0 0 42 0 0 0 -4 2-4cyli.dat
1 16 -4 -58 -4 4 0 0 0 1 0 0 0 -4 2-4disc.dat
0
