0 Slope Brick 10  6 x  8 with Slate Roof Pattern
0 Name: 4515p03.dat
0 Author: Imre Papp [ampi]
0 !LDRAW_ORG Part UPDATE 2010-02
0 !LICENSE Redistributable under CCAL version 2.0 : see CAreadme.txt

0 BFC CERTIFY CW

0 !HISTORY 2000-09-30 [PTadmin] Official Update 2000-02
0 !HISTORY 2007-10-12 [PTadmin] Header formatted for Contributor Agreement
0 !HISTORY 2008-07-01 [PTadmin] Official Update 2008-01
0 !HISTORY 2008-07-07 [Steffen] BFC'ed; made use of subfile (2003-07-06)
0 !HISTORY 2008-07-08 [guyvivan] Fix pattern with new subpart and vertices not coplanar (2006-01-08)
0 !HISTORY 2010-07-05 [PTadmin] Official Update 2010-02

1 16 0 0 0 1 0 0 0 1 0 0 0 1 s\4515s01.dat
0 Slate Roof Pattern:
4 16 -72.41 0.0918 59.42 -69.3 0.2375 58.5 -68.96 1.6752 49.42 -78.26 0.4924 56.89
4 16 -78.26 0.4924 56.89 -68.96 1.6752 49.42 -70.8 2.1312 46.54 -80 1.0751 53.21
4 16 -80 1.0751 53.21 -70.8 2.1312 46.54 -72.06 2.8405 42.06 -80 1.8763 48.15
4 16 -80 1.8763 48.15 -72.06 2.8405 42.06 -76.31 3.1857 39.88 -80 2.6774 43.09
3 16 -80 2.6774 43.09 -76.31 3.1857 39.88 -78.38 3.1493 40.11
4 16 -60.34 0.3658 57.69 -52.42 0.2565 58.38 -48.97 0.5652 56.43 -52.3 1.1843 52.52
4 16 -60.34 0.3658 57.69 -52.3 1.1843 52.52 -54.03 1.7306 49.07 -63.91 0.2011 58.73
4 16 -63.91 0.2011 58.73 -54.03 1.7306 49.07 -56.9 1.8763 48.15 -67.81 0.2929 58.15
3 16 -67.81 0.2929 58.15 -56.9 1.8763 48.15 -67.12 1.8398 48.38
4 16 -45.07 0.2739 58.27 -40.47 0.1837 58.84 -38.29 0.4386 57.23 -37.26 1.5849 49.99
3 16 -45.07 0.2739 58.27 -37.26 1.5849 49.99 -46.91 0.4924 56.89
4 16 -46.91 0.4924 56.89 -37.26 1.5849 49.99 -35.65 2.0029 47.35 -52.07 1.6578 49.53
3 16 -52.07 1.6578 49.53 -35.65 2.0029 47.35 -37.14 2.8231 42.17
4 16 -52.07 1.6578 49.53 -37.14 2.8231 42.17 -44.49 2.5318 44.01 -50.81 2.2404 45.85
4 16 -44.49 2.5318 44.01 -37.14 2.8231 42.17 -38.41 2.9672 41.26 -41.28 2.9323 41.48
4 16 -35.88 0.2929 58.15 -32.2 0 60 -26.69 0.2375 58.5 -26.81 1.5485 50.22
4 16 -35.88 0.2929 58.15 -26.81 1.5485 50.22 -28.87 1.7306 49.07 -33.81 1.6213 49.76
3 16 -35.88 0.2929 58.15 -33.81 1.6213 49.76 -35.65 1.33 51.6
4 16 -15.78 0.2201 58.61 -14.06 0.475 57 -14.17 0.893 54.36 -19.11 0.2929 58.15
4 16 -22.67 0.1473 59.07 -19.11 0.2929 58.15 -14.17 0.893 54.36 -26.12 0.7299 55.39
4 16 -26.12 0.7299 55.39 -14.17 0.893 54.36 -15.66 1.4218 51.02 -23.59 1.9665 47.58
4 16 -23.59 1.9665 47.58 -15.66 1.4218 51.02 -15.2 2.8231 42.17 -22.44 3.04 40.8
4 16 -22.44 3.04 40.8 -15.2 2.8231 42.17 -13.94 3.2411 39.53 -19.45 3.4042 38.5
3 16 -19.45 3.4042 38.5 -13.94 3.2411 39.53 -14.86 3.4596 38.15
4 16 -9.15 0.5462 56.55 0.04 0.5652 56.43 1.99 0.7473 55.28 2.22 1.6213 49.76
4 16 -9.15 0.5462 56.55 2.22 1.6213 49.76 -1.23 2.0948 46.77 -11.91 0.874 54.48
4 16 -11.91 0.874 54.48 -1.23 2.0948 46.77 -3.29 2.8769 41.83 -13.4 1.33 51.6
4 16 -13.4 1.33 51.6 -3.29 2.8769 41.83 -5.13 3.0764 40.57 -9.15 2.8215 42.18
3 16 -13.4 1.33 51.6 -9.15 2.8215 42.18 -13.63 2.2404 45.85
4 16 3.71 0.3293 57.92 16.23 0.2565 58.38 21.06 1.1653 52.64 21.06 1.5121 50.45
4 16 3.71 0.3293 57.92 21.06 1.5121 50.45 20.02 2.0568 47.01 4.29 1.4931 50.57
4 16 4.29 1.4931 50.57 20.02 2.0568 47.01 10.38 1.9491 47.69 5.55 1.8573 48.27
4 16 10.38 1.9491 47.69 20.02 2.0568 47.01 18.07 2.2753 45.63 14.28 2.2753 45.63
4 16 28.84 0 60 31.37 0 60 40.56 0.3467 57.81 26.66 0.4196 57.35
4 16 26.66 0.4196 57.35 40.56 0.3467 57.81 45.5 1.4377 50.92 26.43 0.8202 54.82
4 16 26.43 0.8202 54.82 45.5 1.4377 50.92 45.5 1.8573 48.27 22.75 1.4377 50.92
4 16 22.75 1.4377 50.92 45.5 1.8573 48.27 33.44 2.8943 41.72 22.87 1.6562 49.54
3 16 22.87 1.6562 49.54 33.44 2.8943 41.72 31.25 2.8389 42.07
4 16 48.34 0 60 52.36 0 60 59.14 0.4908 56.9 45.81 0.2739 58.27
4 16 45.81 0.2739 58.27 59.14 0.4908 56.9 59.83 1.729 49.08 46.16 0.855 54.6
4 16 46.16 0.855 54.6 59.83 1.729 49.08 58.1 2.3655 45.06 56.84 2.4019 44.83
3 16 46.16 0.855 54.6 56.84 2.4019 44.83 48.68 1.4203 51.03
4 16 64.19 0.8012 54.94 69.24 0.6555 55.86 72.58 0.8186 54.83 72.58 1.2192 52.3
4 16 64.19 0.8012 54.94 72.58 1.2192 52.3 70.28 3.0036 41.03 62.58 1.1099 52.99
4 16 62.58 1.1099 52.99 70.28 3.0036 41.03 68.78 3.1493 40.11 59.71 2.4383 44.6
3 16 59.71 2.4383 44.6 68.78 3.1493 40.11 60.17 2.7123 42.87
4 16 73.38 0 60 76.14 0 60 78.89 0.3816 57.59 71.77 0.3642 57.7
3 16 71.77 0.3642 57.7 78.89 0.3816 57.59 73.72 0.7822 55.06
4 16 73.72 0.7822 55.06 78.89 0.3816 57.59 80 2.147 46.44 73.95 1.1653 52.64
4 16 73.95 1.1653 52.64 80 2.147 46.44 80 2.9308 41.49 72.58 2.7487 42.64
4 16 72.58 2.7487 42.64 80 2.9308 41.49 78.78 3.1667 40 74.41 3.0764 40.57
4 16 -62.12 2.2388 45.86 -55.43 2.1423 46.47 -52.99 2.7202 42.82 -51.05 3.5688 37.46
4 16 -62.12 2.2388 45.86 -51.05 3.5688 37.46 -51.78 3.8 36 -67.35 2.1233 46.59
4 16 -67.35 2.1233 46.59 -51.78 3.8 36 -54.82 3.9346 35.15 -69.79 2.4114 44.77
4 16 -69.79 2.4114 44.77 -54.82 3.9346 35.15 -63.34 3.7034 36.61 -65.04 3.4913 37.95
4 16 -48.61 2.6822 43.06 -39.97 3.1635 40.02 -38.63 3.4533 38.19 -50.07 2.8358 42.09
4 16 -50.07 2.8358 42.09 -38.63 3.4533 38.19 -38.76 3.9156 35.27 -50.56 3.9932 34.78
4 16 -50.56 3.9932 34.78 -38.76 3.9156 35.27 -40.34 4.3589 32.47 -48.73 4.2813 32.96
4 16 -29.63 2.0647 46.96 -25.01 2.546 43.92 -25.86 4.4935 31.62 -32.31 2.1027 46.72
4 16 -32.31 2.1027 46.72 -25.86 4.4935 31.62 -27.44 4.6677 30.52 -35.35 2.6616 43.19
3 16 -35.35 2.6616 43.19 -27.44 4.6677 30.52 -36.69 3.5103 37.83
4 16 -36.69 3.5103 37.83 -27.44 4.6677 30.52 -37.17 4.0898 34.17 -37.78 3.819 35.88
4 16 -22.45 3.4913 37.95 -15.76 3.838 35.76 -11.98 4.7453 30.03 -24.88 4.4365 31.98
4 16 -24.88 4.4365 31.98 -11.98 4.7453 30.03 -11.98 5.0144 28.33 -14.91 5.1696 27.35
3 16 -24.88 4.4365 31.98 -14.91 5.1696 27.35 -23.91 4.8988 29.06
4 16 -11.98 2.9513 41.36 -5.17 3.5103 37.83 -4.8 4.2053 33.44 -12.96 3.1445 40.14
4 16 -12.96 3.1445 40.14 -4.8 4.2053 33.44 -5.9 4.7833 29.79 -12.23 4.3019 32.83
3 16 -12.23 4.3019 32.83 -5.9 4.7833 29.79 -7.97 4.9368 28.82
4 16 3.1 2.2183 45.99 8.34 2.3338 45.26 9.92 2.5856 43.67 0.79 2.47 44.4
4 16 0.79 2.47 44.4 9.92 2.5856 43.67 8.34 4.6867 30.4 -3.1 4.8023 29.67
4 16 -3.1 4.8023 29.67 8.34 4.6867 30.4 7 5.0144 28.33 0.43 5.073 27.96
4 16 20.21 2.3354 45.25 22.04 2.2578 45.74 28.25 2.9719 41.23 16.93 2.6426 43.31
4 16 16.93 2.6426 43.31 28.25 2.9719 41.23 29.71 3.3567 38.8 29.58 4.2053 33.44
4 16 16.93 2.6426 43.31 29.58 4.2053 33.44 27.27 5.149 27.48 14.13 2.508 44.16
4 16 14.13 2.508 44.16 27.27 5.149 27.48 13.4 4.6487 30.64 11.82 2.8753 41.84
3 16 11.82 2.8753 41.84 13.4 4.6487 30.64 11.21 4.3399 32.59
4 16 41.39 2.6632 43.18 42.85 2.7582 42.58 43.34 5.1886 27.23 34.45 3.2791 39.29
4 16 34.45 3.2791 39.29 43.34 5.1886 27.23 42.36 5.3422 26.26 33.23 3.4913 37.95
4 16 33.23 3.4913 37.95 42.36 5.3422 26.26 33.6 5.2662 26.74 31.65 4.2243 33.32
3 16 31.65 4.2243 33.32 33.6 5.2662 26.74 31.65 5.0144 28.33
4 16 48.81 1.9681 47.57 50.15 1.9681 47.57 56.72 2.7788 42.45 46.01 2.2958 45.5
4 16 46.01 2.2958 45.5 56.72 2.7788 42.45 57.94 3.1445 40.14 45.28 2.6236 43.43
4 16 45.28 2.6236 43.43 57.94 3.1445 40.14 58.55 4.3209 32.71 46.5 4.6107 30.88
4 16 46.5 4.6107 30.88 58.55 4.3209 32.71 57.57 4.4745 31.74 53.44 4.6107 30.88
4 16 46.5 4.6107 30.88 53.44 4.6107 30.88 52.58 4.7453 30.03 48.2 4.8213 29.55
4 16 74.69 3.4738 38.06 77.61 3.6274 37.09 79.31 4.1293 33.92 72.01 3.6274 37.09
4 16 72.01 3.6274 37.09 79.31 4.1293 33.92 77 5.2092 27.1 68.36 3.6084 37.21
4 16 68.36 3.6084 37.21 77 5.2092 27.1 65.81 5.2662 26.74 61.91 3.2427 39.52
4 16 61.91 3.2427 39.52 65.81 5.2662 26.74 63.01 4.6693 30.51 59.48 3.4928 37.94
4 16 -69.67 3.3947 38.56 -66.26 3.5308 37.7 -65.41 4.5141 31.49 -75.99 3.819 35.88
4 16 -75.99 3.819 35.88 -65.41 4.5141 31.49 -63.09 5.111 27.72 -80 4.3795 32.34
4 16 -80 4.3795 32.34 -63.09 5.111 27.72 -63.7 5.6905 24.06 -72.71 5.054 28.08
4 16 -80 4.3795 32.34 -72.71 5.054 28.08 -74.53 5.1316 27.59 -80 4.6107 30.88
4 16 -50.68 4.5141 31.49 -43.26 4.5917 31 -40.95 4.9764 28.57 -40.7 6.3064 20.17
4 16 -50.68 4.5141 31.49 -40.7 6.3064 20.17 -45.33 6.4616 19.19 -60.78 4.0708 34.29
4 16 -60.78 4.0708 34.29 -45.33 6.4616 19.19 -51.05 6.2494 20.53 -63.22 4.2623 33.08
3 16 -63.22 4.2623 33.08 -51.05 6.2494 20.53 -55.43 6.2098 20.78
3 16 -63.22 4.2623 33.08 -55.43 6.2098 20.78 -60.9 5.4973 25.28
3 16 -60.9 5.4973 25.28 -55.43 6.2098 20.78 -60.54 5.9993 22.11
4 16 -36.47 4.6107 30.88 -28.68 4.9004 29.05 -26.61 5.1506 27.47 -38.54 4.9384 28.81
4 16 -38.54 4.9384 28.81 -26.61 5.1506 27.47 -26.25 5.5749 24.79 -37.93 6.1338 21.26
4 16 -26.25 5.5749 24.79 -23.81 6.1528 21.14 -40.12 6.8083 17 -37.93 6.1338 21.26
4 16 -23.81 6.1528 21.14 -24.3 6.6738 17.85 -38.29 6.9825 15.9 -40.12 6.8083 17
4 16 -24.3 6.6738 17.85 -26.13 6.9049 16.39 -32.45 7.0601 15.41 -38.29 6.9825 15.9
4 16 -8.97 5.1126 27.71 -7.38 5.4973 25.28 -4.34 7.5034 12.61 -11.89 5.3248 26.37
4 16 -11.89 5.3248 26.37 -4.34 7.5034 12.61 -6.65 8.0228 9.33 -20.41 5.3438 26.25
4 16 -20.41 5.3438 26.25 -6.65 8.0228 9.33 -9.7 8.1969 8.23 -23.45 5.4973 25.28
4 16 -23.45 5.4973 25.28 -9.7 8.1969 8.23 -11.89 8.0433 9.2 -21.99 6.346 19.92
4 16 -21.99 6.346 19.92 -11.89 8.0433 9.2 -21.62 8.0228 9.33 -24.66 7.3293 13.71
3 16 -24.66 7.3293 13.71 -21.62 8.0228 9.33 -24.42 7.7536 11.03
4 16 1.47 5.4403 25.64 11.45 5.5559 24.91 20.09 7.0395 15.54 22.04 7.8122 10.66
4 16 1.47 5.4403 25.64 22.04 7.8122 10.66 19.72 7.9658 9.69 -4.13 5.1696 27.35
4 16 -4.13 5.1696 27.35 19.72 7.9658 9.69 14 7.7726 10.91 -5.47 5.3628 26.13
3 16 -5.47 5.3628 26.13 14 7.7726 10.91 9.38 7.4448 12.98
4 16 -5.47 5.3628 26.13 9.38 7.4448 12.98 5.24 7.5034 12.61 -3.03 7.0015 15.78
3 16 -3.03 7.0015 15.78 5.24 7.5034 12.61 -0.36 7.3673 13.47
4 16 11.93 4.9764 28.57 16.32 4.997 28.44 27.63 5.4973 25.28 12.42 5.1886 27.23
4 16 27.63 5.4973 25.28 27.15 7.8122 10.66 25.81 7.9262 9.94 23.5 7.4638 12.86
3 16 27.63 5.4973 25.28 23.5 7.4638 12.86 18.26 6.1924 20.89
3 16 27.63 5.4973 25.28 18.26 6.1924 20.89 12.42 5.1886 27.23
4 16 37.58 5.5749 24.79 41.84 5.4783 25.4 43.3 5.6715 24.18 43.3 6.3064 20.17
4 16 37.58 5.5749 24.79 43.3 6.3064 20.17 42.21 6.5186 18.83 31.86 5.3818 26.01
4 16 31.86 5.3818 26.01 42.21 6.5186 18.83 40.87 7.3863 13.35 29.92 5.5749 24.79
4 16 29.92 5.5749 24.79 40.87 7.3863 13.35 35.39 7.5018 12.62 29.07 7.0395 15.54
3 16 29.07 7.0395 15.54 35.39 7.5018 12.62 30.77 7.3863 13.35
4 16 46.95 5.073 27.96 50.12 5.092 27.84 51.21 5.2076 27.11 45.25 5.3042 26.5
4 16 45.25 5.3042 26.5 51.21 5.2076 27.11 53.16 6.5962 18.34 45.01 6.1148 21.38
4 16 45.01 6.1148 21.38 53.16 6.5962 18.34 54.26 8.2349 7.99 43.06 7.7916 10.79
4 16 43.06 7.7916 10.79 54.26 8.2349 7.99 52.19 8.3125 7.5 44.88 8.0813 8.96
4 16 53.63 4.8798 29.18 58.74 4.7073 30.27 64.34 5.4593 25.52 52.9 5.111 27.72
4 16 52.9 5.111 27.72 64.34 5.4593 25.52 67.75 5.6699 24.19 54.48 5.4593 25.52
4 16 67.75 5.6699 24.19 75.29 5.5353 25.04 79.06 6.422 19.44 78.82 6.7893 17.12
4 16 54.48 5.4593 25.52 67.75 5.6699 24.19 78.82 6.7893 17.12 75.9 7.0205 15.66
3 16 54.48 5.4593 25.52 75.9 7.0205 15.66 71.64 6.9429 16.15
4 16 54.48 5.4593 25.52 71.64 6.9429 16.15 58.74 7.0395 15.54 56.67 6.8273 16.88
4 16 -78.67 5.3596 26.15 -74.29 5.3406 26.27 -63.46 6.2463 20.55 -80 6.3824 19.69
4 16 -80 6.3824 19.69 -63.46 6.2463 20.55 -63.95 7.2691 14.09 -80 7.3071 13.85
4 16 -80 7.3071 13.85 -63.95 7.2691 14.09 -66.14 8.1178 8.73 -78.91 8.2903 7.64
4 16 -78.91 8.2903 7.64 -66.14 8.1178 8.73 -72.46 8.4645 6.54 -75.51 8.4645 6.54
4 16 -59.44 6.4394 19.33 -58.1 6.4014 19.57 -46.79 6.9223 16.28 -62.12 6.7862 17.14
4 16 -62.12 6.7862 17.14 -46.79 6.9223 16.28 -50.2 8.2713 7.76 -62.97 8.0782 8.98
4 16 -62.97 8.0782 8.98 -50.2 8.2713 7.76 -51.9 8.5421 6.05 -61.27 8.2903 7.64
3 16 -61.27 8.2903 7.64 -51.9 8.5421 6.05 -55.31 8.6181 5.57
4 16 -44.72 6.8448 16.77 -42.16 6.8258 16.89 -40.34 7.2105 14.46 -47.27 8.1178 8.73
3 16 -47.27 8.1178 8.73 -40.34 7.2105 14.46 -42.53 8.8303 4.23
4 16 -47.27 8.1178 8.73 -42.53 8.8303 4.23 -42.16 9.6979 -1.25 -49.1 8.4645 6.54
4 16 -49.1 8.4645 6.54 -42.16 9.6979 -1.25 -43.5 10.0067 -3.2 -49.47 9.6789 -1.13
3 16 -49.47 9.6789 -1.13 -43.5 10.0067 -3.2 -47.15 9.9687 -2.96
4 16 -38.51 7.3847 13.36 -28.78 7.3071 13.85 -26.47 7.4227 13.12 -26.34 8.5801 5.81
4 16 -38.51 7.3847 13.36 -26.34 8.5801 5.81 -38.27 8.5991 5.69 -39.12 7.5778 12.14
3 16 -39.12 7.5778 12.14 -38.27 8.5991 5.69 -40.34 8.2903 7.64
4 16 0.15 7.7504 11.05 7.57 7.9832 9.58 11.59 9.6029 -0.65 -6.42 8.3679 7.15
4 16 -6.42 8.3679 7.15 11.59 9.6029 -0.65 10.86 9.8341 -2.11 -7.16 8.5801 5.81
4 16 -7.16 8.5801 5.81 10.86 9.8341 -2.11 7.08 9.6979 -1.25 -5.94 8.7733 4.59
4 16 12.92 8.0592 9.1 21.93 8.3679 7.15 24.97 9.7375 -1.5 10.86 8.0402 9.22
4 16 10.86 8.0402 9.22 24.97 9.7375 -1.5 24.85 9.9101 -2.59 10.13 8.3109 7.51
4 16 10.13 8.3109 7.51 24.85 9.9101 -2.59 18.28 9.8721 -2.35 15.36 9.5443 -0.28
4 16 31.03 7.7314 11.17 34.19 7.7314 11.17 48.19 8.5801 5.81 24.22 8.3109 7.51
4 16 24.22 8.3109 7.51 48.19 8.5801 5.81 49.4 8.7923 4.47 27.01 9.6219 -0.77
4 16 27.01 9.6219 -0.77 49.4 8.7923 4.47 49.4 9.2942 1.3 28.59 9.8721 -2.35
3 16 28.59 9.8721 -2.35 49.4 9.2942 1.3 46.12 10.1998 -4.42
4 16 57.89 7.5383 12.39 59.71 7.3847 13.36 63 7.5778 12.14 59.95 10.0257 -3.32
3 16 57.89 7.5383 12.39 59.95 10.0257 -3.32 54.84 8.7733 4.59
4 16 54.84 8.7733 4.59 59.95 10.0257 -3.32 60.32 10.7018 -7.59 52.17 9.158 2.16
4 16 52.17 9.158 2.16 60.32 10.7018 -7.59 58.74 11.0865 -10.02 47.42 10.5466 -6.61
4 16 47.42 10.5466 -6.61 58.74 11.0865 -10.02 55.57 11.1641 -10.51 48.64 10.8363 -8.44
4 16 64.94 7.2501 14.21 68.84 7.2105 14.46 71.27 7.4227 13.12 63.97 7.5778 12.14
4 16 63.97 7.5778 12.14 71.27 7.4227 13.12 72.61 8.1368 8.61 65.19 8.0592 9.1
4 16 65.19 8.0592 9.1 72.61 8.1368 8.61 72 9.0424 2.89 64.94 8.9078 3.74
4 16 64.94 8.9078 3.74 72 9.0424 2.89 69.81 10.3154 -5.15 62.51 9.4288 0.45
4 16 62.51 9.4288 0.45 69.81 10.3154 -5.15 67.26 10.2584 -4.79 63.36 9.9497 -2.84
4 16 74.19 7.3071 13.85 77.23 7.0949 15.19 78.94 7.1725 14.7 80 7.5588 12.26
4 16 74.19 7.3071 13.85 80 7.5588 12.26 80 8.1953 8.24 75.17 8.4645 6.54
4 16 74.33 8.8841 3.89 76.16 8.6909 5.11 78.22 9.0187 3.04 79.2 9.9053 -2.56
4 16 74.33 8.8841 3.89 79.2 9.9053 -2.56 78.22 10.9076 -8.89 71.29 10.3297 -5.24
3 16 71.29 10.3297 -5.24 78.22 10.9076 -8.89 72.75 10.6194 -7.07
4 16 -80 8.5975 5.7 -78.55 8.5595 5.94 -76.36 8.9443 3.51 -80 9.9861 -3.07
4 16 -80 9.9861 -3.07 -76.36 8.9443 3.51 -74.78 9.6773 -1.12 -78.06 11.7024 -13.91
4 16 -78.06 11.7024 -13.91 -74.78 9.6773 -1.12 -71.61 10.2173 -4.53 -73.68 12.4545 -18.66
4 16 -73.68 12.4545 -18.66 -71.61 10.2173 -4.53 -67.84 10.6606 -7.33 -68.45 12.4925 -18.9
3 16 -68.45 12.4925 -18.9 -67.84 10.6606 -7.33 -67.6 12.3959 -18.29
4 16 -65.04 8.5199 6.19 -61.88 8.5009 6.31 -59.56 8.7511 4.73 -70.76 8.7321 4.85
4 16 -70.76 8.7321 4.85 -59.56 8.7511 4.73 -56.64 8.9443 3.51 -73.44 8.8873 3.87
4 16 -56.64 8.9443 3.51 -52.02 8.8873 3.87 -50.56 9.0598 2.78 -51.41 9.8895 -2.46
4 16 -73.44 8.8873 3.87 -56.64 8.9443 3.51 -51.41 9.8895 -2.46 -61.39 10.1587 -4.16
4 16 -73.44 8.8873 3.87 -61.39 10.1587 -4.16 -67.84 10.0827 -3.68 -74.17 9.5428 -0.27
3 16 -74.17 9.5428 -0.27 -67.84 10.0827 -3.68 -71.37 9.9085 -2.58
4 16 -38.15 8.8097 4.36 -31.94 8.9063 3.75 -29.26 9.1374 2.29 -40.46 9.3306 1.07
3 16 -40.46 9.3306 1.07 -29.26 9.1374 2.29 -29.63 9.6188 -0.75
3 16 -40.46 9.3306 1.07 -29.63 9.6188 -0.75 -33.4 10.1207 -3.92
4 16 -40.46 9.3306 1.07 -33.4 10.1207 -3.92 -33.65 10.6416 -7.21 -38.88 10.6226 -7.09
4 16 -38.88 10.6226 -7.09 -33.65 10.6416 -7.21 -34.86 10.8142 -8.3 -37.54 10.8142 -8.3
4 16 -19.89 8.4043 6.92 -13.2 8.4043 6.92 -10.28 8.5785 5.82 -24.27 8.5595 5.94
4 16 -24.27 8.5595 5.94 -10.28 8.5785 5.82 -10.28 9.291 1.32 -27.32 9.7153 -1.36
4 16 -27.32 9.7153 -1.36 -10.28 9.291 1.32 -11.5 9.9275 -2.7 -31.09 10.4294 -5.87
4 16 -31.09 10.4294 -5.87 -11.5 9.9275 -2.7 -14.66 10.4864 -6.23 -30.12 10.7572 -7.94
3 16 -30.12 10.7572 -7.94 -14.66 10.4864 -6.23 -20.38 10.7572 -7.94
4 16 -8.54 8.8651 4.01 -4.28 9.0773 2.67 4.72 10.0209 -3.29 -9.51 10.0399 -3.41
4 16 4.72 10.0209 -3.29 10.57 10.0795 -3.66 12.15 10.3297 -5.24 11.66 11.1783 -10.6
4 16 -9.51 10.0399 -3.41 4.72 10.0209 -3.29 11.66 11.1783 -10.6 10.45 11.4095 -12.06
4 16 -9.51 10.0399 -3.41 10.45 11.4095 -12.06 6.55 11.3319 -11.57 -8.54 10.2331 -4.63
4 16 13.61 9.9829 -3.05 15.43 9.9243 -2.68 23.95 10.3107 -5.12 12.88 10.2331 -4.63
4 16 23.95 10.3107 -5.12 33.44 10.3487 -5.36 34.66 10.5418 -6.58 36.49 11.3905 -11.94
4 16 12.88 10.2331 -4.63 23.95 10.3107 -5.12 36.49 11.3905 -11.94 38.43 11.7943 -14.49
4 16 12.88 10.2331 -4.63 38.43 11.7943 -14.49 35.76 12.9913 -22.05 15.19 10.9852 -9.38
4 16 35.76 12.9913 -22.05 32.96 13.319 -24.12 29.79 13.2604 -23.75 27.24 12.8757 -21.32
4 16 20.3 12.1236 -16.57 16.89 11.8718 -14.98 14.95 11.4681 -12.43 15.19 10.9852 -9.38
4 16 15.19 10.9852 -9.38 35.76 12.9913 -22.05 27.24 12.8757 -21.32 20.3 12.1236 -16.57
4 16 37.7 10.3297 -5.24 39.89 10.3487 -5.36 46.1 10.9662 -9.26 36.73 10.5228 -6.46
4 16 46.1 10.9662 -9.26 56.2 11.3129 -11.45 58.63 11.5061 -12.67 59.24 11.9684 -15.59
4 16 36.73 10.5228 -6.46 46.1 10.9662 -9.26 59.24 11.9684 -15.59 58.51 12.3358 -17.91
4 16 36.73 10.5228 -6.46 58.51 12.3358 -17.91 56.81 12.5083 -19 51.58 12.2582 -17.42
3 16 36.73 10.5228 -6.46 51.58 12.2582 -17.42 39.41 11.4681 -12.43
4 16 61.31 10.1761 -4.27 63.99 10.1555 -4.14 77.25 11.1593 -10.48 60.82 12.027 -15.96
4 16 60.82 12.027 -15.96 77.25 11.1593 -10.48 78.83 11.4475 -12.3 63.26 12.4513 -18.64
4 16 63.26 12.4513 -18.64 78.83 11.4475 -12.3 78.1 12.3152 -17.78 69.34 12.9517 -21.8
3 16 69.34 12.9517 -21.8 78.1 12.3152 -17.78 74.7 12.8757 -21.32
4 16 -64.92 10.4484 -5.99 -57.98 10.3898 -5.62 -55.55 10.4278 -5.86 -55.55 10.8522 -8.54
4 16 -64.92 10.4484 -5.99 -55.55 10.8522 -8.54 -58.47 11.5473 -12.93 -65.65 10.621 -7.08
4 16 -65.65 10.621 -7.08 -58.47 11.5473 -12.93 -58.47 12.0476 -16.09 -65.53 11.7594 -14.27
4 16 -65.53 11.7594 -14.27 -58.47 12.0476 -16.09 -60.54 12.3753 -18.16 -64.31 12.1062 -16.46
4 16 -50.8 10.1777 -4.28 -45.21 10.2173 -4.53 -43.02 10.3313 -5.25 -52.26 10.2933 -5.01
4 16 -52.26 10.2933 -5.01 -43.02 10.3313 -5.25 -41.68 10.7952 -8.18 -53.24 11.0833 -10
4 16 -53.24 11.0833 -10 -41.68 10.7952 -8.18 -37.66 12.2408 -17.31 -57.01 11.894 -15.12
4 16 -57.01 11.894 -15.12 -37.66 12.2408 -17.31 -37.78 12.9358 -21.7 -57.86 12.2408 -17.31
4 16 -57.86 12.2408 -17.31 -37.78 12.9358 -21.7 -39 13.1084 -22.79 -43.62 12.9738 -21.94
3 16 -57.86 12.2408 -17.31 -43.62 12.9738 -21.94 -48.13 13.1464 -23.03
4 16 -57.86 12.2408 -17.31 -48.13 13.1464 -23.03 -49.47 13.2636 -23.77 -55.43 13.224 -23.52
4 16 -29.17 11.1419 -10.37 -20.9 10.9488 -9.15 -18.95 11.1609 -10.49 -20.29 12.2408 -17.31
4 16 -29.17 11.1419 -10.37 -20.29 12.2408 -17.31 -22.36 12.7617 -20.6 -35.01 11.0453 -9.76
4 16 -35.01 11.0453 -9.76 -22.36 12.7617 -20.6 -26.49 13.1084 -22.79 -37.81 11.2765 -11.22
4 16 -14.59 10.8142 -8.3 -10.82 10.3518 -5.38 -3.64 10.9678 -9.27 -2.91 11.2955 -11.34
4 16 -14.59 10.8142 -8.3 -2.91 11.2955 -11.34 -8.63 12.0682 -16.22 -16.9 10.9108 -8.91
4 16 -16.9 10.9108 -8.91 -8.63 12.0682 -16.22 -15.57 12.3753 -18.16 -16.42 12.2218 -17.19
4 16 0.5 11.2575 -11.1 5.73 11.5663 -13.05 7.07 11.951 -15.48 -0.96 11.6628 -13.66
4 16 -0.96 11.6628 -13.66 7.07 11.951 -15.48 8.77 13.1084 -22.79 -11.43 12.5495 -19.26
4 16 -11.43 12.5495 -19.26 8.77 13.1084 -22.79 8.65 13.4362 -24.86 -12.28 12.8773 -21.33
4 16 -12.28 12.8773 -21.33 8.65 13.4362 -24.86 6.7 13.6483 -26.2 -5.95 13.7639 -26.93
4 16 -5.95 13.7639 -26.93 6.7 13.6483 -26.2 4.63 14.3418 -30.58 1.23 14.4384 -31.19
4 16 8.39 11.932 -15.36 9 11.7198 -14.02 14.72 12.0476 -16.09 18 12.4133 -18.4
4 16 18 12.4133 -18.4 23.23 12.6461 -19.87 26.52 13.1844 -23.27 27.37 13.3966 -24.61
4 16 8.39 11.932 -15.36 18 12.4133 -18.4 27.37 13.3966 -24.61 26.52 13.6483 -26.2
4 16 8.39 11.932 -15.36 26.52 13.6483 -26.2 24.09 13.7053 -26.56 19.95 13.3966 -24.61
4 16 8.39 11.932 -15.36 19.95 13.3966 -24.61 12.28 13.3396 -24.25 10.34 13.224 -23.52
4 16 41.08 11.8924 -15.11 42.55 11.8544 -14.87 51.79 12.6065 -19.62 39.14 12.1822 -16.94
4 16 39.14 12.1822 -16.94 51.79 12.6065 -19.62 52.52 12.9153 -21.57 35.61 13.7829 -27.05
4 16 35.61 13.7829 -27.05 52.52 12.9153 -21.57 51.31 13.7433 -26.8 37.07 14.2643 -30.09
4 16 37.07 14.2643 -30.09 51.31 13.7433 -26.8 48.87 14.1867 -29.6 41.08 14.7852 -33.38
4 16 41.08 14.7852 -33.38 48.87 14.1867 -29.6 48.02 14.7076 -32.89 45.83 14.9578 -34.47
4 16 56.78 12.8187 -20.96 62.87 12.9343 -21.69 64.33 13.1844 -23.27 54.71 13.0688 -22.54
4 16 54.71 13.0688 -22.54 64.33 13.1844 -23.27 61.41 14.3988 -30.94 49.85 14.9768 -34.59
4 16 49.85 14.9768 -34.59 61.41 14.3988 -30.94 62.26 15.5753 -38.37 49.97 15.3251 -36.79
4 16 49.97 15.3251 -36.79 62.26 15.5753 -38.37 61.53 15.846 -40.08 58.49 15.903 -40.44
3 16 49.97 15.3251 -36.79 58.49 15.903 -40.44 54.59 16.1342 -41.9
4 16 67.49 13.1258 -22.9 72.24 13.1068 -22.78 73.82 13.3 -24 65.79 13.5122 -25.34
4 16 65.79 13.5122 -25.34 73.82 13.3 -24 75.03 14.3608 -30.7 64.33 14.7456 -33.13
4 16 64.33 14.7456 -33.13 75.03 14.3608 -30.7 77.23 15.0163 -34.84 62.5 14.9768 -34.59
4 16 62.5 14.9768 -34.59 77.23 15.0163 -34.84 77.83 15.6323 -38.73 63.23 15.5373 -38.13
4 16 63.23 15.5373 -38.13 77.83 15.6323 -38.73 76.25 15.846 -40.08 65.06 15.7684 -39.59
4 16 -80 12.6841 -20.11 -77.58 12.3563 -18.04 -73.19 12.9343 -21.69 -75.02 13.3966 -24.61
4 16 -80 12.6841 -20.11 -75.02 13.3966 -24.61 -77.58 13.6483 -26.2 -80 13.3206 -24.13
4 16 -65.04 12.5685 -19.38 -62.61 12.6445 -19.86 -57.86 13.0308 -22.3 -57.5 13.262 -23.76
4 16 -65.04 12.5685 -19.38 -57.5 13.262 -23.76 -60.54 13.6278 -26.07 -67.72 12.7601 -20.59
3 16 -67.72 12.7601 -20.59 -60.54 13.6278 -26.07 -64.43 13.7829 -27.05
4 16 -67.72 12.7601 -20.59 -64.43 13.7829 -27.05 -73.56 14.7282 -33.02 -78.43 14.1677 -29.48
4 16 -78.43 14.1677 -29.48 -73.56 14.7282 -33.02 -75.99 15.3061 -36.67 -78.31 14.7662 -33.26
4 16 -59.2 13.6863 -26.44 -43.87 13.6278 -26.07 -41.68 13.7433 -26.8 -59.56 14.6316 -32.41
4 16 -59.56 14.6316 -32.41 -41.68 13.7433 -26.8 -41.43 14.3228 -30.46 -57.13 15.2285 -36.18
4 16 -57.13 15.2285 -36.18 -41.43 14.3228 -30.46 -42.41 14.8628 -33.87 -44.35 15.0749 -35.21
4 16 -39.97 13.262 -23.76 -28.53 13.4932 -25.22 -27.2 13.7243 -26.68 -40.58 13.4552 -24.98
4 16 -40.58 13.4552 -24.98 -27.2 13.7243 -26.68 -27.44 14.1677 -29.48 -39 14.1883 -29.61
4 16 -39 14.1883 -29.61 -27.44 14.1677 -29.48 -31.09 15.4217 -37.4 -43.02 16.5585 -44.58
3 16 -43.02 16.5585 -44.58 -31.09 15.4217 -37.4 -33.77 15.865 -40.2
4 16 -43.02 16.5585 -44.58 -33.77 15.865 -40.2 -33.89 16.1342 -41.9 -36.69 16.5395 -44.46
4 16 -20.05 12.7997 -20.84 -17.74 12.5875 -19.5 -14.21 12.9533 -21.81 -12.38 13.5122 -25.34
4 16 -20.05 12.7997 -20.84 -12.38 13.5122 -25.34 -18.71 14.4764 -31.43 -24.19 13.5518 -25.59
3 16 -24.19 13.5518 -25.59 -18.71 14.4764 -31.43 -24.31 13.9761 -28.27
4 16 -24.31 13.9761 -28.27 -18.71 14.4764 -31.43 -24.07 14.535 -31.8 -25.65 14.3038 -30.34
4 16 -11.53 13.8779 -27.65 -8.37 13.9729 -28.25 -4.35 14.3593 -30.69 -15.67 14.4748 -31.42
4 16 -15.67 14.4748 -31.42 -4.35 14.3593 -30.69 -1.92 14.744 -33.12 -19.07 14.8802 -33.98
4 16 -19.07 14.8802 -33.98 -1.92 14.744 -33.12 -6.78 15.6513 -38.85 -18.34 15.1493 -35.68
3 16 -18.34 15.1493 -35.68 -6.78 15.6513 -38.85 -10.68 15.8444 -40.07
4 16 -0.36 14.782 -33.36 1.22 14.6284 -32.39 3.17 14.6854 -32.75 15.21 15.6497 -38.84
4 16 -0.36 14.782 -33.36 15.21 15.6497 -38.84 17.4 15.9014 -40.43 -4.75 15.8808 -40.3
4 16 -4.75 15.8808 -40.3 17.4 15.9014 -40.43 8.4 16.2482 -42.62 1.34 16.1136 -41.77
3 16 -4.75 15.8808 -40.3 1.34 16.1136 -41.77 -3.16 16.1136 -41.77
4 16 8.4 16.2482 -42.62 17.4 15.9014 -40.43 14.97 16.3638 -43.35 12.66 16.5173 -44.32
4 16 30.43 13.6278 -26.07 32.5 13.5518 -25.59 34.81 13.8399 -27.41 33.1 14.9973 -34.72
4 16 30.43 13.6278 -26.07 33.1 14.9973 -34.72 31.89 15.3631 -37.03 27.51 14.0711 -28.87
4 16 27.51 14.0711 -28.87 31.89 15.3631 -37.03 28.11 15.9616 -40.81 24.22 14.0331 -28.63
4 16 24.22 14.0331 -28.63 28.11 15.9616 -40.81 25.32 16.0186 -41.17 18.75 13.6863 -26.44
4 16 18.75 13.6863 -26.44 25.32 16.0186 -41.17 9.86 14.7472 -33.14 13.88 13.5708 -25.71
4 16 13.88 13.5708 -25.71 9.86 14.7472 -33.14 8.64 14.3228 -30.46 11.81 13.5518 -25.59
3 16 11.81 13.5518 -25.59 8.64 14.3228 -30.46 9.74 13.8209 -27.29
4 16 44.63 15.2665 -36.42 46.45 15.2475 -36.3 49.01 15.5167 -38 51.93 16.1342 -41.9
4 16 44.63 15.2665 -36.42 51.93 16.1342 -41.9 51.68 16.4619 -43.97 48.64 16.7517 -45.8
4 16 44.63 15.2665 -36.42 48.64 16.7517 -45.8 38.3 16.8087 -46.16 40.85 14.9198 -34.23
4 16 40.85 14.9198 -34.23 38.3 16.8087 -46.16 36.59 16.6741 -45.31 36.72 14.7266 -33.01
3 16 36.72 14.7266 -33.01 36.59 16.6741 -45.31 35.87 15.884 -40.32
4 16 36.72 14.7266 -33.01 35.87 15.884 -40.32 33.8 15.0923 -35.32 34.28 14.8042 -33.5
4 16 -63.82 14.1661 -29.47 -62.12 14.1281 -29.23 -60.78 14.4748 -31.42 -67.35 14.4938 -31.54
4 16 -67.35 14.4938 -31.54 -60.78 14.4748 -31.42 -59.81 15.0148 -34.83 -74.05 15.4011 -37.27
4 16 -74.05 15.4011 -37.27 -59.81 15.0148 -34.83 -59.69 15.7668 -39.58 -75.26 15.8238 -39.94
4 16 -75.26 15.8238 -39.94 -59.69 15.7668 -39.58 -71.98 16.2482 -42.62 -74.29 16.1136 -41.77
3 16 -71.98 16.2482 -42.62 -59.69 15.7668 -39.58 -62 16.5379 -44.45
4 16 -56.52 15.7858 -39.7 -44.6 15.2649 -36.41 -43.14 15.4011 -37.27 -58.23 15.9014 -40.43
4 16 -58.23 15.9014 -40.43 -43.14 15.4011 -37.27 -43.87 16.2878 -42.87 -59.56 16.2482 -42.62
4 16 -59.56 16.2482 -42.62 -43.87 16.2878 -42.87 -45.81 16.5379 -44.45 -58.59 16.5379 -44.45
3 16 -58.59 16.5379 -44.45 -45.81 16.5379 -44.45 -56.28 16.7311 -45.67
4 16 -26.74 14.8802 -33.98 -21.02 14.8026 -33.49 -21.02 15.0528 -35.07 -27.96 15.0733 -35.2
4 16 -27.96 15.0733 -35.2 -21.02 15.0528 -35.07 -23.94 15.4581 -37.63 -28.81 15.6117 -38.6
4 16 -28.81 15.6117 -38.6 -23.94 15.4581 -37.63 -25.28 15.9014 -40.43 -30.88 15.9014 -40.43
3 16 -37.81 11.2765 -11.22 -26.49 13.1084 -22.79 -35.38 11.932 -15.36
4 16 -35.38 11.932 -15.36 -26.49 13.1084 -22.79 -33.43 12.9548 -21.82 -35.01 12.5875 -19.5
3 16 -30.88 15.9014 -40.43 -25.28 15.9014 -40.43 -29.05 16.1136 -41.77
4 16 -77.21 16.4223 -43.72 -75.87 16.3463 -43.24 -68.94 16.5965 -44.82 -79.28 17.4832 -50.42
4 16 -79.28 17.4832 -50.42 -68.94 16.5965 -44.82 -66.38 16.8087 -46.16 -78.43 18.4284 -56.39
4 16 -78.43 18.4284 -56.39 -66.38 16.8087 -46.16 -66.14 17.214 -48.72 -77.58 18.6786 -57.97
4 16 -77.58 18.6786 -57.97 -66.14 17.214 -48.72 -70.27 18.525 -57 -71.98 18.6786 -57.97
4 16 -55.06 16.9828 -47.26 -46.67 16.8863 -46.65 -44.84 17.5022 -50.54 -44.84 18.7372 -58.34
4 16 -55.06 16.9828 -47.26 -44.84 18.7372 -58.34 -46.79 19 -60 -63.09 16.7897 -46.04
4 16 -63.09 16.7897 -46.04 -46.79 19 -60 -54.82 19 -60 -56.77 18.62 -57.6
4 16 -63.09 16.7897 -46.04 -56.77 18.62 -57.6 -65.77 18.1577 -54.68 -66.02 17.7919 -52.37
4 16 -30.85 16.2878 -42.87 -29.02 16.2498 -42.63 -28.41 16.4413 -43.84 -41.19 17.1364 -48.23
4 16 -41.19 17.1364 -48.23 -28.41 16.4413 -43.84 -33.65 17.5608 -50.91 -42.89 17.3866 -49.81
4 16 -42.89 17.3866 -49.81 -33.65 17.5608 -50.91 -34.13 17.8695 -52.86 -42.65 18.7372 -58.34
4 16 -42.65 18.7372 -58.34 -34.13 17.8695 -52.86 -32.79 18.7166 -58.21 -40.46 19 -60
3 16 -40.46 19 -60 -32.79 18.7166 -58.21 -34.74 19 -60
4 16 -19.41 15.5547 -38.24 -15.39 15.7288 -39.34 -11.86 16.2308 -42.51 -22.57 15.7098 -39.22
4 16 -22.57 15.7098 -39.22 -11.86 16.2308 -42.51 -12.11 16.4413 -43.84 -25.37 16.5775 -44.7
3 16 -25.37 16.5775 -44.7 -12.11 16.4413 -43.84 -17.7 17.0208 -47.5
4 16 -25.37 16.5775 -44.7 -17.7 17.0208 -47.5 -26.71 18.3508 -55.9 -27.93 17.0588 -47.74
4 16 -27.93 17.0588 -47.74 -26.71 18.3508 -55.9 -29.63 18.4094 -56.27 -31.33 17.5798 -51.03
3 16 -31.33 17.5798 -51.03 -29.63 18.4094 -56.27 -31.94 18.0041 -53.71
4 16 -24.64 18.2543 -55.29 -4.8 18.1007 -54.32 -2.74 18.3318 -55.78 -25.74 18.7166 -58.21
4 16 -25.74 18.7166 -58.21 -2.74 18.3318 -55.78 -3.1 18.563 -57.24 -24.15 19 -60
4 16 -24.15 19 -60 -3.1 18.563 -57.24 -5.54 18.8132 -58.82 -17.22 19 -60
4 16 -10.08 16.1722 -42.14 -8.86 16.0186 -41.17 -7.28 16.0756 -41.53 -1.93 16.4809 -44.09
4 16 9.76 16.6535 -45.18 12.92 16.7121 -45.55 12.92 17.252 -48.96 8.05 18.2733 -55.41
4 16 9.76 16.6535 -45.18 8.05 18.2733 -55.41 0.99 18.3128 -55.66 -1.93 16.4809 -44.09
4 16 -10.81 16.8863 -46.65 -10.08 16.1722 -42.14 -1.93 16.4809 -44.09 -10.69 17.233 -48.84
3 16 -1.93 16.4809 -44.09 0.99 18.3128 -55.66 -2.66 17.8695 -52.86
3 16 -1.93 16.4809 -44.09 -2.66 17.8695 -52.86 -10.69 17.233 -48.84
4 16 19.37 16.0186 -41.17 21.07 16.0376 -41.29 25.94 16.6931 -45.43 17.54 16.2688 -42.75
3 16 17.54 16.2688 -42.75 25.94 16.6931 -45.43 17.3 16.5965 -44.82
4 16 17.3 16.5965 -44.82 25.94 16.6931 -45.43 17.91 18.7562 -58.46 11.46 17.9851 -53.59
3 16 11.46 17.9851 -53.59 17.91 18.7562 -58.46 12.55 18.4094 -56.27
4 16 31.63 15.6513 -38.85 33.58 15.6703 -38.97 34.06 16.6535 -45.18 22.63 18.3318 -55.78
4 16 22.63 18.3318 -55.78 34.06 16.6535 -45.18 35.89 17.1934 -48.59 22.87 18.6596 -57.85
4 16 22.87 18.6596 -57.85 35.89 17.1934 -48.59 38.32 18.2923 -55.53 27.74 19 -60
4 16 27.74 19 -60 38.32 18.2923 -55.53 37.96 18.7752 -58.58 36.13 19 -60
4 16 38.19 17.252 -48.96 41.23 17.0778 -47.86 47.68 17.214 -48.72 49.99 18.582 -57.36
4 16 38.19 17.252 -48.96 49.99 18.582 -57.36 44.76 19 -60 39.89 18.3698 -56.02
3 16 39.89 18.3698 -56.02 44.76 19 -60 41.6 18.7562 -58.46
4 16 -24.64 18.2543 -55.29 -19.29 17.5798 -51.03 -15.15 17.214 -48.72 -13.32 17.3676 -49.69
3 16 -24.64 18.2543 -55.29 -13.32 17.3676 -49.69 -4.8 18.1007 -54.32
4 16 56.81 16.3463 -43.24 62.16 16.0946 -41.65 64.84 16.4033 -43.6 64.6 17.5988 -51.15
4 16 56.81 16.3463 -43.24 64.6 17.5988 -51.15 63.62 18.2733 -55.41 54.01 16.5189 -44.33
4 16 54.01 16.5189 -44.33 63.62 18.2733 -55.41 59.73 18.8132 -58.82 52.06 16.9433 -47.01
4 16 52.06 16.9433 -47.01 59.73 18.8132 -58.82 55.47 18.8718 -59.19 49.75 17.233 -48.84
3 16 49.75 17.233 -48.84 55.47 18.8718 -59.19 52.31 18.582 -57.36
4 16 68.25 16.2102 -42.38 77.25 16.1912 -42.26 80 16.5379 -44.45 66.06 16.3843 -43.48
4 16 66.06 16.3843 -43.48 80 16.5379 -44.45 80 18.4284 -56.39 66.3 17.7539 -52.13
4 16 66.3 17.7539 -52.13 80 18.4284 -56.39 73.84 18.7752 -58.58 67.27 18.3318 -55.78
3 16 67.27 18.3318 -55.78 73.84 18.7752 -58.58 68.86 18.62 -57.6
3 15 -80 0 60 -78.26 0.4924 56.89 -80 1.0751 53.21
4 15 -80 0 60 -72.5 0 60 -72.41 0.0918 59.42 -78.26 0.4924 56.89
4 15 -72.5 0 60 -68.23 0 60 -69.3 0.2375 58.5 -72.41 0.0918 59.42
4 15 -68.23 0 60 -65.42 0 60 -67.81 0.2929 58.15 -69.3 0.2375 58.5
4 15 -65.42 0 60 -63.14 0.0032 59.98 -63.91 0.2011 58.73 -67.81 0.2929 58.15
4 15 -63.14 0.0032 59.98 -59.25 0 60 -60.34 0.3658 57.69 -63.91 0.2011 58.73
4 15 -59.25 0 60 -52.87 0 60 -52.42 0.2565 58.38 -60.34 0.3658 57.69
4 15 -52.87 0 60 -47.98 0 60 -48.97 0.5652 56.43 -52.42 0.2565 58.38
4 15 -47.98 0 60 -45.74 0 60 -46.91 0.4924 56.89 -48.97 0.5652 56.43
4 15 -45.74 0 60 -44.21 0 60 -45.07 0.2739 58.27 -46.91 0.4924 56.89
4 15 -44.21 0 60 -40.45 0 60 -40.47 0.1837 58.84 -45.07 0.2739 58.27
4 15 -40.45 0 60 -32.2 0 60 -35.88 0.2929 58.15 -40.47 0.1837 58.84
4 15 -32.2 0 60 -22.24 0 60 -22.67 0.1473 59.07 -26.69 0.2375 58.5
4 15 -22.24 0 60 -18.58 0 60 -19.11 0.2929 58.15 -22.67 0.1473 59.07
4 15 -18.58 0 60 -15.15 0 60 -15.78 0.2201 58.61 -19.11 0.2929 58.15
4 15 -15.15 0 60 -9.07 0 60 -9.15 0.5462 56.55 -15.78 0.2201 58.61
4 15 -9.07 0 60 0.78 0 60 0.04 0.5652 56.43 -9.15 0.5462 56.55
4 15 0.78 0 60 3.71 0.3293 57.92 1.99 0.7473 55.28 0.04 0.5652 56.43
4 15 0.78 0 60 17 0 60 16.23 0.2565 58.38 3.71 0.3293 57.92
4 15 17 0 60 28.84 0 60 26.66 0.4196 57.35 16.23 0.2565 58.38
4 15 31.37 0 60 48.34 0 60 45.81 0.2739 58.27 40.56 0.3467 57.81
4 15 52.36 0 60 73.38 0 60 71.77 0.3642 57.7 59.14 0.4908 56.9
3 15 76.14 0 60 80 0 60 78.89 0.3816 57.59
3 15 80 0 60 80 2.147 46.44 78.89 0.3816 57.59
4 15 80 2.9308 41.49 80 4.1658 33.69 79.31 4.1293 33.92 78.78 3.1667 40
4 15 80 4.1658 33.69 80 5.3232 26.38 77 5.2092 27.1 79.31 4.1293 33.92
4 15 80 5.3232 26.38 80 5.8884 22.81 75.29 5.5353 25.04 77 5.2092 27.1
4 15 80 5.8884 22.81 80 6.4394 19.33 79.06 6.422 19.44 75.29 5.5353 25.04
4 15 80 6.4394 19.33 80 6.8416 16.79 78.82 6.7893 17.12 79.06 6.422 19.44
4 15 80 6.8416 16.79 80 7.5588 12.26 78.94 7.1725 14.7 78.82 6.7893 17.12
4 15 80 8.1953 8.24 80 9.9766 -3.01 79.2 9.9053 -2.56 78.22 9.0187 3.04
4 15 80 9.9766 -3.01 79.95 11.0453 -9.76 78.22 10.9076 -8.89 79.2 9.9053 -2.56
4 15 79.95 11.0453 -9.76 80 11.4982 -12.62 78.83 11.4475 -12.3 78.22 10.9076 -8.89
4 15 80 11.4982 -12.62 80 12.4181 -18.43 78.1 12.3152 -17.78 78.83 11.4475 -12.3
4 15 80 12.4181 -18.43 80 13.1353 -22.96 74.7 12.8757 -21.32 78.1 12.3152 -17.78
4 15 80 13.1353 -22.96 80 13.4742 -25.1 73.82 13.3 -24 74.7 12.8757 -21.32
4 15 80 13.4742 -25.1 80 14.3735 -30.78 75.03 14.3608 -30.7 73.82 13.3 -24
4 15 80 14.3735 -30.78 80 15.0369 -34.97 77.23 15.0163 -34.84 75.03 14.3608 -30.7
4 15 80 15.0369 -34.97 80 15.7542 -39.5 77.83 15.6323 -38.73 77.23 15.0163 -34.84
4 15 80 15.7542 -39.5 80 16.5379 -44.45 77.25 16.1912 -42.26 77.83 15.6323 -38.73
4 15 80 18.4284 -56.39 80 19 -60 73.86 19 -60 73.84 18.7752 -58.58
4 15 73.86 19 -60 68.96 19 -60 68.86 18.62 -57.6 73.84 18.7752 -58.58
4 15 68.96 19 -60 59.96 19 -60 59.73 18.8132 -58.82 68.86 18.62 -57.6
4 15 59.96 19 -60 55.53 19 -60 55.47 18.8718 -59.19 59.73 18.8132 -58.82
4 15 55.53 19 -60 51.68 19 -60 52.31 18.582 -57.36 55.47 18.8718 -59.19
4 15 51.68 19 -60 49.49 19 -60 49.99 18.582 -57.36 52.31 18.582 -57.36
3 15 49.49 19 -60 44.76 19 -60 49.99 18.582 -57.36
4 15 44.76 19 -60 36.13 19 -60 37.96 18.7752 -58.58 41.6 18.7562 -58.46
4 15 27.74 19 -60 17.86 19 -60 17.91 18.7562 -58.46 22.87 18.6596 -57.85
4 15 17.86 19 -60 12.48 19 -60 12.55 18.4094 -56.27 17.91 18.7562 -58.46
4 15 12.48 19 -60 7.81 19 -60 8.05 18.2733 -55.41 12.55 18.4094 -56.27
4 15 7.81 19 -60 0.27 19 -60 0.99 18.3128 -55.66 8.05 18.2733 -55.41
4 15 0.27 19 -60 -3.69 19 -60 -3.1 18.563 -57.24 0.99 18.3128 -55.66
3 15 -3.69 19 -60 -5.54 18.8132 -58.82 -3.1 18.563 -57.24
3 15 -3.69 19 -60 -17.22 19 -60 -5.54 18.8132 -58.82
4 15 -24.15 19 -60 -34.74 19 -60 -32.79 18.7166 -58.21 -25.74 18.7166 -58.21
4 15 -40.46 19 -60 -46.79 19 -60 -44.84 18.7372 -58.34 -42.65 18.7372 -58.34
4 15 -54.82 19 -60 -65.8 19 -60 -65.77 18.1577 -54.68 -56.77 18.62 -57.6
4 15 -65.8 19 -60 -70.23 19 -60 -70.27 18.525 -57 -65.77 18.1577 -54.68
4 15 -70.23 19 -60 -72.37 19 -60 -71.98 18.6786 -57.97 -70.27 18.525 -57
4 15 -72.37 19 -60 -80 19 -60 -77.58 18.6786 -57.97 -71.98 18.6786 -57.97
4 15 -80 19 -60 -80 18.316 -55.68 -78.43 18.4284 -56.39 -77.58 18.6786 -57.97
4 15 -80 18.316 -55.68 -80 17.4784 -50.39 -79.28 17.4832 -50.42 -78.43 18.4284 -56.39
4 15 -80 17.4784 -50.39 -80 16.3875 -43.5 -77.21 16.4223 -43.72 -79.28 17.4832 -50.42
4 15 -80 16.3875 -43.5 -80 14.7583 -33.21 -78.31 14.7662 -33.26 -77.21 16.4223 -43.72
4 15 -80 14.7583 -33.21 -80 14.1202 -29.18 -78.43 14.1677 -29.48 -78.31 14.7662 -33.26
4 15 -80 14.1202 -29.18 -80 13.3206 -24.13 -77.58 13.6483 -26.2 -78.43 14.1677 -29.48
4 15 -80 12.6841 -20.11 -80 9.9861 -3.07 -78.06 11.7024 -13.91 -77.58 12.3563 -18.04
4 15 -80 8.5975 5.7 -80 7.3071 13.85 -78.91 8.2903 7.64 -78.55 8.5595 5.94
3 15 -80 6.3824 19.69 -80 4.6107 30.88 -78.67 5.3596 26.15
4 15 -80 4.3795 32.34 -80 2.6774 43.09 -78.38 3.1493 40.11 -75.99 3.819 35.88
4 15 -69.3 0.2375 58.5 -67.81 0.2929 58.15 -67.12 1.8398 48.38 -68.96 1.6752 49.42
4 15 -68.96 1.6752 49.42 -67.12 1.8398 48.38 -67.35 2.1233 46.59 -70.8 2.1312 46.54
4 15 -67.12 1.8398 48.38 -56.9 1.8763 48.15 -62.12 2.2388 45.86 -67.35 2.1233 46.59
4 15 -56.9 1.8763 48.15 -54.03 1.7306 49.07 -55.43 2.1423 46.47 -62.12 2.2388 45.86
4 15 -48.97 0.5652 56.43 -46.91 0.4924 56.89 -52.07 1.6578 49.53 -52.3 1.1843 52.52
3 15 -54.03 1.7306 49.07 -52.3 1.1843 52.52 -52.07 1.6578 49.53
4 15 -54.03 1.7306 49.07 -52.07 1.6578 49.53 -50.81 2.2404 45.85 -55.43 2.1423 46.47
4 15 -55.43 2.1423 46.47 -50.81 2.2404 45.85 -48.61 2.6822 43.06 -52.99 2.7202 42.82
3 15 -50.81 2.2404 45.85 -44.49 2.5318 44.01 -48.61 2.6822 43.06
4 15 -48.61 2.6822 43.06 -44.49 2.5318 44.01 -41.28 2.9323 41.48 -39.97 3.1635 40.02
3 15 -40.47 0.1837 58.84 -35.88 0.2929 58.15 -38.29 0.4386 57.23
4 15 -38.29 0.4386 57.23 -35.88 0.2929 58.15 -35.65 1.33 51.6 -37.26 1.5849 49.99
4 15 -35.65 1.33 51.6 -33.81 1.6213 49.76 -35.65 2.0029 47.35 -37.26 1.5849 49.99
3 15 -41.28 2.9323 41.48 -38.41 2.9672 41.26 -39.97 3.1635 40.02
4 15 -38.41 2.9672 41.26 -37.14 2.8231 42.17 -38.63 3.4533 38.19 -39.97 3.1635 40.02
4 15 -37.14 2.8231 42.17 -35.35 2.6616 43.19 -36.69 3.5103 37.83 -38.63 3.4533 38.19
4 15 -35.65 2.0029 47.35 -32.31 2.1027 46.72 -35.35 2.6616 43.19 -37.14 2.8231 42.17
4 15 -33.81 1.6213 49.76 -28.87 1.7306 49.07 -32.31 2.1027 46.72 -35.65 2.0029 47.35
3 15 -26.69 0.2375 58.5 -22.67 0.1473 59.07 -26.12 0.7299 55.39
3 15 -26.69 0.2375 58.5 -26.12 0.7299 55.39 -26.81 1.5485 50.22
3 15 -28.87 1.7306 49.07 -29.63 2.0647 46.96 -32.31 2.1027 46.72
4 15 -28.87 1.7306 49.07 -26.81 1.5485 50.22 -25.01 2.546 43.92 -29.63 2.0647 46.96
4 15 -26.12 0.7299 55.39 -23.59 1.9665 47.58 -25.01 2.546 43.92 -26.81 1.5485 50.22
4 15 -23.59 1.9665 47.58 -22.44 3.04 40.8 -22.45 3.4913 37.95 -25.01 2.546 43.92
3 15 -22.44 3.04 40.8 -19.45 3.4042 38.5 -22.45 3.4913 37.95
4 15 -19.45 3.4042 38.5 -14.86 3.4596 38.15 -15.76 3.838 35.76 -22.45 3.4913 37.95
4 15 -14.17 0.893 54.36 -11.91 0.874 54.48 -13.4 1.33 51.6 -15.66 1.4218 51.02
4 15 -15.66 1.4218 51.02 -13.4 1.33 51.6 -13.63 2.2404 45.85 -15.2 2.8231 42.17
4 15 -13.63 2.2404 45.85 -9.15 2.8215 42.18 -11.98 2.9513 41.36 -15.2 2.8231 42.17
4 15 -15.2 2.8231 42.17 -11.98 2.9513 41.36 -12.96 3.1445 40.14 -13.94 3.2411 39.53
4 15 -14.86 3.4596 38.15 -13.94 3.2411 39.53 -12.96 3.1445 40.14 -12.23 4.3019 32.83
4 15 -9.15 2.8215 42.18 -5.13 3.0764 40.57 -5.17 3.5103 37.83 -11.98 2.9513 41.36
4 15 -5.13 3.0764 40.57 -3.29 2.8769 41.83 -4.8 4.2053 33.44 -5.17 3.5103 37.83
4 15 -3.29 2.8769 41.83 0.79 2.47 44.4 -3.1 4.8023 29.67 -4.8 4.2053 33.44
4 15 -1.23 2.0948 46.77 2.22 1.6213 49.76 0.79 2.47 44.4 -3.29 2.8769 41.83
4 15 1.99 0.7473 55.28 3.71 0.3293 57.92 4.29 1.4931 50.57 2.22 1.6213 49.76
4 15 2.22 1.6213 49.76 4.29 1.4931 50.57 3.1 2.2183 45.99 0.79 2.47 44.4
3 15 4.29 1.4931 50.57 5.55 1.8573 48.27 3.1 2.2183 45.99
4 15 5.55 1.8573 48.27 10.38 1.9491 47.69 8.34 2.3338 45.26 3.1 2.2183 45.99
4 15 10.38 1.9491 47.69 14.28 2.2753 45.63 9.92 2.5856 43.67 8.34 2.3338 45.26
4 15 14.28 2.2753 45.63 14.13 2.508 44.16 11.82 2.8753 41.84 9.92 2.5856 43.67
4 15 14.28 2.2753 45.63 18.07 2.2753 45.63 16.93 2.6426 43.31 14.13 2.508 44.16
4 15 18.07 2.2753 45.63 20.02 2.0568 47.01 20.21 2.3354 45.25 16.93 2.6426 43.31
4 15 16.23 0.2565 58.38 26.66 0.4196 57.35 26.43 0.8202 54.82 21.06 1.1653 52.64
4 15 21.06 1.1653 52.64 26.43 0.8202 54.82 22.75 1.4377 50.92 21.06 1.5121 50.45
4 15 21.06 1.5121 50.45 22.75 1.4377 50.92 20.21 2.3354 45.25 20.02 2.0568 47.01
4 15 22.75 1.4377 50.92 22.87 1.6562 49.54 22.04 2.2578 45.74 20.21 2.3354 45.25
4 15 22.87 1.6562 49.54 31.25 2.8389 42.07 28.25 2.9719 41.23 22.04 2.2578 45.74
4 15 31.25 2.8389 42.07 33.44 2.8943 41.72 29.71 3.3567 38.8 28.25 2.9719 41.23
4 15 33.44 2.8943 41.72 34.45 3.2791 39.29 33.23 3.4913 37.95 29.71 3.3567 38.8
4 15 33.44 2.8943 41.72 45.5 1.8573 48.27 41.39 2.6632 43.18 34.45 3.2791 39.29
4 15 40.56 0.3467 57.81 45.81 0.2739 58.27 46.16 0.855 54.6 45.5 1.4377 50.92
4 15 46.16 0.855 54.6 48.68 1.4203 51.03 45.5 1.8573 48.27 45.5 1.4377 50.92
4 15 45.5 1.8573 48.27 46.01 2.2958 45.5 42.85 2.7582 42.58 41.39 2.6632 43.18
4 15 48.68 1.4203 51.03 48.81 1.9681 47.57 46.01 2.2958 45.5 45.5 1.8573 48.27
3 15 48.68 1.4203 51.03 50.15 1.9681 47.57 48.81 1.9681 47.57
4 15 48.68 1.4203 51.03 56.84 2.4019 44.83 56.72 2.7788 42.45 50.15 1.9681 47.57
4 15 56.84 2.4019 44.83 58.1 2.3655 45.06 59.71 2.4383 44.6 56.72 2.7788 42.45
4 15 59.83 1.729 49.08 62.58 1.1099 52.99 59.71 2.4383 44.6 58.1 2.3655 45.06
3 15 59.14 0.4908 56.9 62.58 1.1099 52.99 59.83 1.729 49.08
3 15 59.14 0.4908 56.9 64.19 0.8012 54.94 62.58 1.1099 52.99
4 15 59.14 0.4908 56.9 71.77 0.3642 57.7 69.24 0.6555 55.86 64.19 0.8012 54.94
4 15 71.77 0.3642 57.7 73.72 0.7822 55.06 72.58 0.8186 54.83 69.24 0.6555 55.86
4 15 72.58 0.8186 54.83 73.72 0.7822 55.06 73.95 1.1653 52.64 72.58 1.2192 52.3
4 15 72.58 1.2192 52.3 73.95 1.1653 52.64 72.58 2.7487 42.64 70.28 3.0036 41.03
4 15 56.72 2.7788 42.45 59.71 2.4383 44.6 60.17 2.7123 42.87 57.94 3.1445 40.14
4 15 57.94 3.1445 40.14 60.17 2.7123 42.87 61.91 3.2427 39.52 59.48 3.4928 37.94
4 15 60.17 2.7123 42.87 68.78 3.1493 40.11 68.36 3.6084 37.21 61.91 3.2427 39.52
4 15 68.78 3.1493 40.11 70.28 3.0036 41.03 72.01 3.6274 37.09 68.36 3.6084 37.21
4 15 70.28 3.0036 41.03 72.58 2.7487 42.64 74.41 3.0764 40.57 72.01 3.6274 37.09
3 15 72.01 3.6274 37.09 74.41 3.0764 40.57 74.69 3.4738 38.06
4 15 74.41 3.0764 40.57 78.78 3.1667 40 77.61 3.6274 37.09 74.69 3.4738 38.06
3 15 78.78 3.1667 40 79.31 4.1293 33.92 77.61 3.6274 37.09
4 15 65.81 5.2662 26.74 77 5.2092 27.1 75.29 5.5353 25.04 67.75 5.6699 24.19
3 15 65.81 5.2662 26.74 67.75 5.6699 24.19 64.34 5.4593 25.52
4 15 63.01 4.6693 30.51 65.81 5.2662 26.74 64.34 5.4593 25.52 58.74 4.7073 30.27
4 15 58.55 4.3209 32.71 59.48 3.4928 37.94 63.01 4.6693 30.51 58.74 4.7073 30.27
3 15 57.94 3.1445 40.14 59.48 3.4928 37.94 58.55 4.3209 32.71
3 15 57.57 4.4745 31.74 58.55 4.3209 32.71 58.74 4.7073 30.27
4 15 53.44 4.6107 30.88 57.57 4.4745 31.74 58.74 4.7073 30.27 53.63 4.8798 29.18
4 15 52.58 4.7453 30.03 53.44 4.6107 30.88 53.63 4.8798 29.18 52.9 5.111 27.72
4 15 52.58 4.7453 30.03 52.9 5.111 27.72 51.21 5.2076 27.11 50.12 5.092 27.84
4 15 48.2 4.8213 29.55 52.58 4.7453 30.03 50.12 5.092 27.84 46.95 5.073 27.96
4 15 46.5 4.6107 30.88 48.2 4.8213 29.55 46.95 5.073 27.96 45.25 5.3042 26.5
3 15 42.85 2.7582 42.58 46.01 2.2958 45.5 45.28 2.6236 43.43
4 15 42.85 2.7582 42.58 45.28 2.6236 43.43 46.5 4.6107 30.88 43.34 5.1886 27.23
3 15 43.34 5.1886 27.23 46.5 4.6107 30.88 45.25 5.3042 26.5
4 15 43.34 5.1886 27.23 45.25 5.3042 26.5 43.3 5.6715 24.18 42.36 5.3422 26.26
3 15 42.36 5.3422 26.26 43.3 5.6715 24.18 41.84 5.4783 25.4
4 15 33.6 5.2662 26.74 42.36 5.3422 26.26 41.84 5.4783 25.4 37.58 5.5749 24.79
3 15 31.86 5.3818 26.01 33.6 5.2662 26.74 37.58 5.5749 24.79
3 15 31.65 5.0144 28.33 33.6 5.2662 26.74 31.86 5.3818 26.01
4 15 29.71 3.3567 38.8 33.23 3.4913 37.95 31.65 4.2243 33.32 29.58 4.2053 33.44
4 15 29.58 4.2053 33.44 31.65 4.2243 33.32 31.65 5.0144 28.33 27.27 5.149 27.48
4 15 27.27 5.149 27.48 31.65 5.0144 28.33 31.86 5.3818 26.01 29.92 5.5749 24.79
3 15 27.27 5.149 27.48 29.92 5.5749 24.79 27.63 5.4973 25.28
4 15 13.4 4.6487 30.64 27.27 5.149 27.48 27.63 5.4973 25.28 16.32 4.997 28.44
3 15 13.4 4.6487 30.64 16.32 4.997 28.44 11.93 4.9764 28.57
4 15 9.92 2.5856 43.67 11.82 2.8753 41.84 11.21 4.3399 32.59 8.34 4.6867 30.4
4 15 11.21 4.3399 32.59 13.4 4.6487 30.64 11.93 4.9764 28.57 8.34 4.6867 30.4
4 15 8.34 4.6867 30.4 11.93 4.9764 28.57 12.42 5.1886 27.23 7 5.0144 28.33
4 15 7 5.0144 28.33 12.42 5.1886 27.23 11.45 5.5559 24.91 1.47 5.4403 25.64
3 15 0.43 5.073 27.96 7 5.0144 28.33 1.47 5.4403 25.64
4 15 -3.1 4.8023 29.67 0.43 5.073 27.96 1.47 5.4403 25.64 -4.13 5.1696 27.35
4 15 -4.8 4.2053 33.44 -3.1 4.8023 29.67 -4.13 5.1696 27.35 -5.9 4.7833 29.79
4 15 -7.97 4.9368 28.82 -5.9 4.7833 29.79 -4.13 5.1696 27.35 -5.47 5.3628 26.13
4 15 -7.97 4.9368 28.82 -5.47 5.3628 26.13 -7.38 5.4973 25.28 -8.97 5.1126 27.71
4 15 -12.23 4.3019 32.83 -7.97 4.9368 28.82 -8.97 5.1126 27.71 -11.98 4.7453 30.03
4 15 -14.86 3.4596 38.15 -12.23 4.3019 32.83 -11.98 4.7453 30.03 -15.76 3.838 35.76
3 15 -11.98 4.7453 30.03 -8.97 5.1126 27.71 -11.98 5.0144 28.33
4 15 -14.91 5.1696 27.35 -11.98 5.0144 28.33 -8.97 5.1126 27.71 -11.89 5.3248 26.37
4 15 -23.91 4.8988 29.06 -14.91 5.1696 27.35 -11.89 5.3248 26.37 -20.41 5.3438 26.25
3 15 -23.91 4.8988 29.06 -20.41 5.3438 26.25 -23.45 5.4973 25.28
4 15 -25.01 2.546 43.92 -22.45 3.4913 37.95 -24.88 4.4365 31.98 -25.86 4.4935 31.62
4 15 -25.86 4.4935 31.62 -24.88 4.4365 31.98 -23.91 4.8988 29.06 -27.44 4.6677 30.52
4 15 -23.91 4.8988 29.06 -23.45 5.4973 25.28 -26.25 5.5749 24.79 -26.61 5.1506 27.47
4 15 -27.44 4.6677 30.52 -23.91 4.8988 29.06 -26.61 5.1506 27.47 -28.68 4.9004 29.05
4 15 -37.17 4.0898 34.17 -27.44 4.6677 30.52 -28.68 4.9004 29.05 -36.47 4.6107 30.88
4 15 -38.63 3.4533 38.19 -36.69 3.5103 37.83 -37.78 3.819 35.88 -38.76 3.9156 35.27
4 15 -38.76 3.9156 35.27 -37.78 3.819 35.88 -37.17 4.0898 34.17 -40.34 4.3589 32.47
4 15 -40.34 4.3589 32.47 -37.17 4.0898 34.17 -36.47 4.6107 30.88 -38.54 4.9384 28.81
4 15 -40.34 4.3589 32.47 -38.54 4.9384 28.81 -40.95 4.9764 28.57 -43.26 4.5917 31
4 15 -48.73 4.2813 32.96 -40.34 4.3589 32.47 -43.26 4.5917 31 -50.68 4.5141 31.49
3 15 -52.99 2.7202 42.82 -48.61 2.6822 43.06 -50.07 2.8358 42.09
3 15 -52.99 2.7202 42.82 -50.07 2.8358 42.09 -51.05 3.5688 37.46
3 15 -50.07 2.8358 42.09 -50.56 3.9932 34.78 -51.05 3.5688 37.46
3 15 -51.05 3.5688 37.46 -50.56 3.9932 34.78 -51.78 3.8 36
3 15 -50.56 3.9932 34.78 -48.73 4.2813 32.96 -50.68 4.5141 31.49
4 15 -51.78 3.8 36 -50.56 3.9932 34.78 -50.68 4.5141 31.49 -54.82 3.9346 35.15
4 15 -63.34 3.7034 36.61 -54.82 3.9346 35.15 -50.68 4.5141 31.49 -60.78 4.0708 34.29
4 15 -65.04 3.4913 37.95 -63.34 3.7034 36.61 -60.78 4.0708 34.29 -63.22 4.2623 33.08
4 15 -66.26 3.5308 37.7 -65.04 3.4913 37.95 -63.22 4.2623 33.08 -65.41 4.5141 31.49
3 15 -70.8 2.1312 46.54 -67.35 2.1233 46.59 -69.79 2.4114 44.77
3 15 -70.8 2.1312 46.54 -69.79 2.4114 44.77 -72.06 2.8405 42.06
4 15 -69.79 2.4114 44.77 -65.04 3.4913 37.95 -66.26 3.5308 37.7 -72.06 2.8405 42.06
3 15 -72.06 2.8405 42.06 -66.26 3.5308 37.7 -69.67 3.3947 38.56
4 15 -76.31 3.1857 39.88 -72.06 2.8405 42.06 -69.67 3.3947 38.56 -75.99 3.819 35.88
3 15 -78.38 3.1493 40.11 -76.31 3.1857 39.88 -75.99 3.819 35.88
4 15 -80 4.6107 30.88 -74.53 5.1316 27.59 -74.29 5.3406 26.27 -78.67 5.3596 26.15
3 15 -74.53 5.1316 27.59 -72.71 5.054 28.08 -74.29 5.3406 26.27
4 15 -72.71 5.054 28.08 -63.7 5.6905 24.06 -63.46 6.2463 20.55 -74.29 5.3406 26.27
4 15 -65.41 4.5141 31.49 -63.22 4.2623 33.08 -60.9 5.4973 25.28 -63.09 5.111 27.72
4 15 -63.09 5.111 27.72 -60.9 5.4973 25.28 -60.54 5.9993 22.11 -63.7 5.6905 24.06
4 15 -63.7 5.6905 24.06 -60.54 5.9993 22.11 -59.44 6.4394 19.33 -63.46 6.2463 20.55
4 15 -60.54 5.9993 22.11 -55.43 6.2098 20.78 -58.1 6.4014 19.57 -59.44 6.4394 19.33
4 15 -55.43 6.2098 20.78 -51.05 6.2494 20.53 -46.79 6.9223 16.28 -58.1 6.4014 19.57
4 15 -51.05 6.2494 20.53 -45.33 6.4616 19.19 -44.72 6.8448 16.77 -46.79 6.9223 16.28
4 15 -45.33 6.4616 19.19 -40.7 6.3064 20.17 -42.16 6.8258 16.89 -44.72 6.8448 16.77
4 15 -40.95 4.9764 28.57 -38.54 4.9384 28.81 -37.93 6.1338 21.26 -40.7 6.3064 20.17
4 15 -40.7 6.3064 20.17 -37.93 6.1338 21.26 -40.12 6.8083 17 -42.16 6.8258 16.89
4 15 -42.16 6.8258 16.89 -40.12 6.8083 17 -38.29 6.9825 15.9 -40.34 7.2105 14.46
4 15 -38.29 6.9825 15.9 -32.45 7.0601 15.41 -38.51 7.3847 13.36 -40.34 7.2105 14.46
4 15 -32.45 7.0601 15.41 -26.13 6.9049 16.39 -28.78 7.3071 13.85 -38.51 7.3847 13.36
4 15 -26.25 5.5749 24.79 -23.45 5.4973 25.28 -21.99 6.346 19.92 -23.81 6.1528 21.14
4 15 -23.81 6.1528 21.14 -21.99 6.346 19.92 -24.66 7.3293 13.71 -24.3 6.6738 17.85
4 15 -28.78 7.3071 13.85 -26.13 6.9049 16.39 -24.3 6.6738 17.85 -24.66 7.3293 13.71
3 15 -28.78 7.3071 13.85 -24.66 7.3293 13.71 -26.47 7.4227 13.12
4 15 -26.47 7.4227 13.12 -24.66 7.3293 13.71 -24.42 7.7536 11.03 -26.34 8.5801 5.81
4 15 -24.42 7.7536 11.03 -21.62 8.0228 9.33 -24.27 8.5595 5.94 -26.34 8.5801 5.81
4 15 -21.62 8.0228 9.33 -11.89 8.0433 9.2 -19.89 8.4043 6.92 -24.27 8.5595 5.94
4 15 -11.89 8.0433 9.2 -9.7 8.1969 8.23 -13.2 8.4043 6.92 -19.89 8.4043 6.92
4 15 -7.38 5.4973 25.28 -5.47 5.3628 26.13 -3.03 7.0015 15.78 -4.34 7.5034 12.61
4 15 -9.7 8.1969 8.23 -7.16 8.5801 5.81 -10.28 8.5785 5.82 -13.2 8.4043 6.92
4 15 -6.65 8.0228 9.33 -6.42 8.3679 7.15 -7.16 8.5801 5.81 -9.7 8.1969 8.23
4 15 -4.34 7.5034 12.61 0.15 7.7504 11.05 -6.42 8.3679 7.15 -6.65 8.0228 9.33
4 15 -3.03 7.0015 15.78 -0.36 7.3673 13.47 0.15 7.7504 11.05 -4.34 7.5034 12.61
4 15 -0.36 7.3673 13.47 5.24 7.5034 12.61 7.57 7.9832 9.58 0.15 7.7504 11.05
4 15 5.24 7.5034 12.61 9.38 7.4448 12.98 10.86 8.0402 9.22 7.57 7.9832 9.58
4 15 9.38 7.4448 12.98 14 7.7726 10.91 12.92 8.0592 9.1 10.86 8.0402 9.22
4 15 14 7.7726 10.91 19.72 7.9658 9.69 21.93 8.3679 7.15 12.92 8.0592 9.1
4 15 19.72 7.9658 9.69 22.04 7.8122 10.66 24.22 8.3109 7.51 21.93 8.3679 7.15
4 15 12.42 5.1886 27.23 18.26 6.1924 20.89 20.09 7.0395 15.54 11.45 5.5559 24.91
4 15 18.26 6.1924 20.89 23.5 7.4638 12.86 22.04 7.8122 10.66 20.09 7.0395 15.54
4 15 23.5 7.4638 12.86 25.81 7.9262 9.94 24.22 8.3109 7.51 22.04 7.8122 10.66
4 15 25.81 7.9262 9.94 27.15 7.8122 10.66 31.03 7.7314 11.17 24.22 8.3109 7.51
4 15 27.63 5.4973 25.28 29.92 5.5749 24.79 29.07 7.0395 15.54 27.15 7.8122 10.66
4 15 29.07 7.0395 15.54 30.77 7.3863 13.35 31.03 7.7314 11.17 27.15 7.8122 10.66
4 15 30.77 7.3863 13.35 35.39 7.5018 12.62 34.19 7.7314 11.17 31.03 7.7314 11.17
4 15 43.3 5.6715 24.18 45.25 5.3042 26.5 45.01 6.1148 21.38 43.3 6.3064 20.17
4 15 43.3 6.3064 20.17 45.01 6.1148 21.38 43.06 7.7916 10.79 42.21 6.5186 18.83
3 15 40.87 7.3863 13.35 42.21 6.5186 18.83 43.06 7.7916 10.79
4 15 35.39 7.5018 12.62 40.87 7.3863 13.35 43.06 7.7916 10.79 34.19 7.7314 11.17
3 15 34.19 7.7314 11.17 43.06 7.7916 10.79 44.88 8.0813 8.96
4 15 52.19 8.3125 7.5 54.26 8.2349 7.99 49.4 8.7923 4.47 48.19 8.5801 5.81
4 15 51.21 5.2076 27.11 52.9 5.111 27.72 54.48 5.4593 25.52 53.16 6.5962 18.34
4 15 54.48 5.4593 25.52 56.67 6.8273 16.88 54.26 8.2349 7.99 53.16 6.5962 18.34
4 15 54.26 8.2349 7.99 56.67 6.8273 16.88 57.89 7.5383 12.39 54.84 8.7733 4.59
4 15 56.67 6.8273 16.88 58.74 7.0395 15.54 59.71 7.3847 13.36 57.89 7.5383 12.39
4 15 58.74 7.0395 15.54 63.97 7.5778 12.14 63 7.5778 12.14 59.71 7.3847 13.36
3 15 58.74 7.0395 15.54 64.94 7.2501 14.21 63.97 7.5778 12.14
4 15 58.74 7.0395 15.54 71.64 6.9429 16.15 68.84 7.2105 14.46 64.94 7.2501 14.21
4 15 71.64 6.9429 16.15 75.9 7.0205 15.66 71.27 7.4227 13.12 68.84 7.2105 14.46
4 15 75.9 7.0205 15.66 78.82 6.7893 17.12 78.94 7.1725 14.7 77.23 7.0949 15.19
4 15 71.27 7.4227 13.12 75.9 7.0205 15.66 77.23 7.0949 15.19 74.19 7.3071 13.85
4 15 71.27 7.4227 13.12 74.19 7.3071 13.85 75.17 8.4645 6.54 72.61 8.1368 8.61
4 15 75.17 8.4645 6.54 80 8.1953 8.24 78.22 9.0187 3.04 76.16 8.6909 5.11
4 15 72.61 8.1368 8.61 75.17 8.4645 6.54 76.16 8.6909 5.11 74.33 8.8841 3.89
3 15 72.61 8.1368 8.61 74.33 8.8841 3.89 72 9.0424 2.89
4 15 72 9.0424 2.89 74.33 8.8841 3.89 71.29 10.3297 -5.24 69.81 10.3154 -5.15
3 15 78.22 10.9076 -8.89 78.83 11.4475 -12.3 77.25 11.1593 -10.48
3 15 69.81 10.3154 -5.15 71.29 10.3297 -5.24 72.75 10.6194 -7.07
3 15 67.26 10.2584 -4.79 69.81 10.3154 -5.15 72.75 10.6194 -7.07
3 15 72.75 10.6194 -7.07 78.22 10.9076 -8.89 77.25 11.1593 -10.48
3 15 67.26 10.2584 -4.79 72.75 10.6194 -7.07 77.25 11.1593 -10.48
4 15 63.36 9.9497 -2.84 67.26 10.2584 -4.79 77.25 11.1593 -10.48 63.99 10.1555 -4.14
3 15 63 7.5778 12.14 63.97 7.5778 12.14 65.19 8.0592 9.1
4 15 63 7.5778 12.14 65.19 8.0592 9.1 64.94 8.9078 3.74 62.51 9.4288 0.45
3 15 59.95 10.0257 -3.32 63 7.5778 12.14 62.51 9.4288 0.45
3 15 59.95 10.0257 -3.32 62.51 9.4288 0.45 63.36 9.9497 -2.84
4 15 59.95 10.0257 -3.32 63.36 9.9497 -2.84 63.99 10.1555 -4.14 61.31 10.1761 -4.27
3 15 59.95 10.0257 -3.32 61.31 10.1761 -4.27 60.32 10.7018 -7.59
3 15 60.32 10.7018 -7.59 61.31 10.1761 -4.27 60.82 12.027 -15.96
4 15 58.74 11.0865 -10.02 60.32 10.7018 -7.59 60.82 12.027 -15.96 58.63 11.5061 -12.67
4 15 55.57 11.1641 -10.51 58.74 11.0865 -10.02 58.63 11.5061 -12.67 56.2 11.3129 -11.45
4 15 48.64 10.8363 -8.44 55.57 11.1641 -10.51 56.2 11.3129 -11.45 46.1 10.9662 -9.26
4 15 39.89 10.3487 -5.36 47.42 10.5466 -6.61 48.64 10.8363 -8.44 46.1 10.9662 -9.26
4 15 49.4 8.7923 4.47 54.26 8.2349 7.99 54.84 8.7733 4.59 52.17 9.158 2.16
3 15 49.4 8.7923 4.47 52.17 9.158 2.16 49.4 9.2942 1.3
4 15 46.12 10.1998 -4.42 49.4 9.2942 1.3 52.17 9.158 2.16 47.42 10.5466 -6.61
4 15 28.59 9.8721 -2.35 46.12 10.1998 -4.42 47.42 10.5466 -6.61 39.89 10.3487 -5.36
3 15 28.59 9.8721 -2.35 39.89 10.3487 -5.36 37.7 10.3297 -5.24
4 15 33.44 10.3487 -5.36 37.7 10.3297 -5.24 36.73 10.5228 -6.46 34.66 10.5418 -6.58
4 15 24.97 9.7375 -1.5 21.93 8.3679 7.15 24.22 8.3109 7.51 27.01 9.6219 -0.77
4 15 24.97 9.7375 -1.5 27.01 9.6219 -0.77 28.59 9.8721 -2.35 24.85 9.9101 -2.59
4 15 24.85 9.9101 -2.59 28.59 9.8721 -2.35 37.7 10.3297 -5.24 33.44 10.3487 -5.36
4 15 24.85 9.9101 -2.59 33.44 10.3487 -5.36 23.95 10.3107 -5.12 18.28 9.8721 -2.35
3 15 15.43 9.9243 -2.68 18.28 9.8721 -2.35 23.95 10.3107 -5.12
3 15 7.57 7.9832 9.58 10.86 8.0402 9.22 10.13 8.3109 7.51
4 15 7.57 7.9832 9.58 10.13 8.3109 7.51 15.36 9.5443 -0.28 11.59 9.6029 -0.65
4 15 11.59 9.6029 -0.65 15.36 9.5443 -0.28 18.28 9.8721 -2.35 15.43 9.9243 -2.68
4 15 11.59 9.6029 -0.65 15.43 9.9243 -2.68 13.61 9.9829 -3.05 10.86 9.8341 -2.11
4 15 10.86 9.8341 -2.11 13.61 9.9829 -3.05 12.88 10.2331 -4.63 10.57 10.0795 -3.66
4 15 7.08 9.6979 -1.25 10.86 9.8341 -2.11 10.57 10.0795 -3.66 4.72 10.0209 -3.29
4 15 -5.94 8.7733 4.59 7.08 9.6979 -1.25 4.72 10.0209 -3.29 -4.28 9.0773 2.67
4 15 -7.16 8.5801 5.81 -5.94 8.7733 4.59 -4.28 9.0773 2.67 -8.54 8.8651 4.01
4 15 -10.28 9.291 1.32 -8.54 8.8651 4.01 -9.51 10.0399 -3.41 -11.5 9.9275 -2.7
4 15 -11.5 9.9275 -2.7 -9.51 10.0399 -3.41 -8.54 10.2331 -4.63 -10.82 10.3518 -5.38
4 15 -14.66 10.4864 -6.23 -11.5 9.9275 -2.7 -10.82 10.3518 -5.38 -14.59 10.8142 -8.3
4 15 -20.38 10.7572 -7.94 -14.66 10.4864 -6.23 -14.59 10.8142 -8.3 -16.9 10.9108 -8.91
4 15 -20.9 10.9488 -9.15 -20.38 10.7572 -7.94 -16.9 10.9108 -8.91 -18.95 11.1609 -10.49
4 15 -30.12 10.7572 -7.94 -20.38 10.7572 -7.94 -20.9 10.9488 -9.15 -29.17 11.1419 -10.37
4 15 -33.65 10.6416 -7.21 -30.12 10.7572 -7.94 -29.17 11.1419 -10.37 -34.86 10.8142 -8.3
4 15 -33.4 10.1207 -3.92 -31.09 10.4294 -5.87 -30.12 10.7572 -7.94 -33.65 10.6416 -7.21
4 15 -29.63 9.6188 -0.75 -27.32 9.7153 -1.36 -31.09 10.4294 -5.87 -33.4 10.1207 -3.92
4 15 -29.26 9.1374 2.29 -24.27 8.5595 5.94 -27.32 9.7153 -1.36 -29.63 9.6188 -0.75
4 15 -31.94 8.9063 3.75 -26.34 8.5801 5.81 -24.27 8.5595 5.94 -29.26 9.1374 2.29
4 15 -38.27 8.5991 5.69 -26.34 8.5801 5.81 -31.94 8.9063 3.75 -38.15 8.8097 4.36
3 15 -40.34 7.2105 14.46 -38.51 7.3847 13.36 -39.12 7.5778 12.14
4 15 -40.34 7.2105 14.46 -39.12 7.5778 12.14 -40.34 8.2903 7.64 -42.53 8.8303 4.23
4 15 -42.53 8.8303 4.23 -40.34 8.2903 7.64 -38.27 8.5991 5.69 -38.15 8.8097 4.36
4 15 -42.53 8.8303 4.23 -38.15 8.8097 4.36 -40.46 9.3306 1.07 -42.16 9.6979 -1.25
4 15 -42.16 9.6979 -1.25 -40.46 9.3306 1.07 -38.88 10.6226 -7.09 -43.02 10.3313 -5.25
3 15 -43.5 10.0067 -3.2 -42.16 9.6979 -1.25 -43.02 10.3313 -5.25
4 15 -47.15 9.9687 -2.96 -43.5 10.0067 -3.2 -43.02 10.3313 -5.25 -45.21 10.2173 -4.53
4 15 -50.8 10.1777 -4.28 -49.47 9.6789 -1.13 -47.15 9.9687 -2.96 -45.21 10.2173 -4.53
4 15 -51.41 9.8895 -2.46 -50.56 9.0598 2.78 -49.47 9.6789 -1.13 -50.8 10.1777 -4.28
3 15 -50.56 9.0598 2.78 -49.1 8.4645 6.54 -49.47 9.6789 -1.13
4 15 -46.79 6.9223 16.28 -44.72 6.8448 16.77 -47.27 8.1178 8.73 -50.2 8.2713 7.76
4 15 -50.2 8.2713 7.76 -47.27 8.1178 8.73 -49.1 8.4645 6.54 -51.9 8.5421 6.05
4 15 -51.9 8.5421 6.05 -49.1 8.4645 6.54 -50.56 9.0598 2.78 -52.02 8.8873 3.87
4 15 -55.31 8.6181 5.57 -51.9 8.5421 6.05 -52.02 8.8873 3.87 -56.64 8.9443 3.51
4 15 -61.27 8.2903 7.64 -55.31 8.6181 5.57 -56.64 8.9443 3.51 -59.56 8.7511 4.73
4 15 -62.97 8.0782 8.98 -61.27 8.2903 7.64 -59.56 8.7511 4.73 -61.88 8.5009 6.31
3 15 -63.46 6.2463 20.55 -59.44 6.4394 19.33 -62.12 6.7862 17.14
4 15 -63.46 6.2463 20.55 -62.12 6.7862 17.14 -62.97 8.0782 8.98 -63.95 7.2691 14.09
3 15 -66.14 8.1178 8.73 -63.95 7.2691 14.09 -62.97 8.0782 8.98
4 15 -66.14 8.1178 8.73 -62.97 8.0782 8.98 -61.88 8.5009 6.31 -65.04 8.5199 6.19
4 15 -72.46 8.4645 6.54 -66.14 8.1178 8.73 -65.04 8.5199 6.19 -70.76 8.7321 4.85
4 15 -75.51 8.4645 6.54 -72.46 8.4645 6.54 -70.76 8.7321 4.85 -73.44 8.8873 3.87
4 15 -78.91 8.2903 7.64 -75.51 8.4645 6.54 -76.36 8.9443 3.51 -78.55 8.5595 5.94
3 15 -75.51 8.4645 6.54 -73.44 8.8873 3.87 -76.36 8.9443 3.51
4 15 -76.36 8.9443 3.51 -73.44 8.8873 3.87 -74.17 9.5428 -0.27 -74.78 9.6773 -1.12
4 15 -74.78 9.6773 -1.12 -74.17 9.5428 -0.27 -71.37 9.9085 -2.58 -71.61 10.2173 -4.53
4 15 -71.37 9.9085 -2.58 -67.84 10.0827 -3.68 -67.84 10.6606 -7.33 -71.61 10.2173 -4.53
4 15 -67.84 10.0827 -3.68 -64.92 10.4484 -5.99 -65.65 10.621 -7.08 -67.84 10.6606 -7.33
4 15 -67.84 10.0827 -3.68 -61.39 10.1587 -4.16 -57.98 10.3898 -5.62 -64.92 10.4484 -5.99
4 15 -61.39 10.1587 -4.16 -51.41 9.8895 -2.46 -50.8 10.1777 -4.28 -57.98 10.3898 -5.62
4 15 -57.98 10.3898 -5.62 -50.8 10.1777 -4.28 -52.26 10.2933 -5.01 -55.55 10.4278 -5.86
4 15 -55.55 10.4278 -5.86 -52.26 10.2933 -5.01 -53.24 11.0833 -10 -55.55 10.8522 -8.54
4 15 -55.55 10.8522 -8.54 -53.24 11.0833 -10 -57.01 11.894 -15.12 -58.47 11.5473 -12.93
4 15 -60.54 12.3753 -18.16 -58.47 12.0476 -16.09 -57.86 12.2408 -17.31 -57.86 13.0308 -22.3
4 15 -62.61 12.6445 -19.86 -64.31 12.1062 -16.46 -60.54 12.3753 -18.16 -57.86 13.0308 -22.3
4 15 -67.84 10.6606 -7.33 -65.65 10.621 -7.08 -65.53 11.7594 -14.27 -67.6 12.3959 -18.29
4 15 -65.04 12.5685 -19.38 -65.53 11.7594 -14.27 -64.31 12.1062 -16.46 -62.61 12.6445 -19.86
4 15 -67.6 12.3959 -18.29 -65.53 11.7594 -14.27 -65.04 12.5685 -19.38 -67.72 12.7601 -20.59
3 15 -67.72 12.7601 -20.59 -68.45 12.4925 -18.9 -67.6 12.3959 -18.29
4 15 -78.06 11.7024 -13.91 -73.68 12.4545 -18.66 -73.19 12.9343 -21.69 -77.58 12.3563 -18.04
4 15 -73.68 12.4545 -18.66 -68.45 12.4925 -18.9 -67.72 12.7601 -20.59 -73.19 12.9343 -21.69
3 15 -77.58 13.6483 -26.2 -75.02 13.3966 -24.61 -78.43 14.1677 -29.48
3 15 -73.19 12.9343 -21.69 -67.72 12.7601 -20.59 -75.02 13.3966 -24.61
3 15 -78.43 14.1677 -29.48 -75.02 13.3966 -24.61 -67.72 12.7601 -20.59
4 15 -57.86 13.0308 -22.3 -57.86 12.2408 -17.31 -55.43 13.224 -23.52 -57.5 13.262 -23.76
4 15 -57.5 13.262 -23.76 -55.43 13.224 -23.52 -43.87 13.6278 -26.07 -59.2 13.6863 -26.44
3 15 -55.43 13.224 -23.52 -49.47 13.2636 -23.77 -43.87 13.6278 -26.07
4 15 -49.47 13.2636 -23.77 -48.13 13.1464 -23.03 -43.62 12.9738 -21.94 -43.87 13.6278 -26.07
4 15 -43.62 12.9738 -21.94 -39.97 13.262 -23.76 -40.58 13.4552 -24.98 -43.87 13.6278 -26.07
4 15 -43.62 12.9738 -21.94 -39 13.1084 -22.79 -28.53 13.4932 -25.22 -39.97 13.262 -23.76
4 15 -43.02 10.3313 -5.25 -38.88 10.6226 -7.09 -37.54 10.8142 -8.3 -37.81 11.2765 -11.22
4 15 -37.54 10.8142 -8.3 -34.86 10.8142 -8.3 -35.01 11.0453 -9.76 -37.81 11.2765 -11.22
3 15 -34.86 10.8142 -8.3 -29.17 11.1419 -10.37 -35.01 11.0453 -9.76
4 15 -43.02 10.3313 -5.25 -37.81 11.2765 -11.22 -35.38 11.932 -15.36 -37.66 12.2408 -17.31
4 15 -37.66 12.2408 -17.31 -35.38 11.932 -15.36 -35.01 12.5875 -19.5 -37.78 12.9358 -21.7
4 15 -37.78 12.9358 -21.7 -35.01 12.5875 -19.5 -33.43 12.9548 -21.82 -39 13.1084 -22.79
4 15 -33.43 12.9548 -21.82 -26.49 13.1084 -22.79 -28.53 13.4932 -25.22 -39 13.1084 -22.79
4 15 -26.49 13.1084 -22.79 -22.36 12.7617 -20.6 -27.2 13.7243 -26.68 -28.53 13.4932 -25.22
4 15 -27.2 13.7243 -26.68 -22.36 12.7617 -20.6 -20.05 12.7997 -20.84 -24.19 13.5518 -25.59
4 15 -20.29 12.2408 -17.31 -17.74 12.5875 -19.5 -20.05 12.7997 -20.84 -22.36 12.7617 -20.6
4 15 -18.95 11.1609 -10.49 -16.9 10.9108 -8.91 -16.42 12.2218 -17.19 -20.29 12.2408 -17.31
4 15 -20.29 12.2408 -17.31 -16.42 12.2218 -17.19 -15.57 12.3753 -18.16 -17.74 12.5875 -19.5
4 15 -15.57 12.3753 -18.16 -11.43 12.5495 -19.26 -14.21 12.9533 -21.81 -17.74 12.5875 -19.5
3 15 -15.57 12.3753 -18.16 -8.63 12.0682 -16.22 -11.43 12.5495 -19.26
4 15 -8.63 12.0682 -16.22 -2.91 11.2955 -11.34 -0.96 11.6628 -13.66 -11.43 12.5495 -19.26
4 15 -3.64 10.9678 -9.27 0.5 11.2575 -11.1 -0.96 11.6628 -13.66 -2.91 11.2955 -11.34
4 15 -8.54 10.2331 -4.63 6.55 11.3319 -11.57 -3.64 10.9678 -9.27 -10.82 10.3518 -5.38
4 15 -3.64 10.9678 -9.27 6.55 11.3319 -11.57 5.73 11.5663 -13.05 0.5 11.2575 -11.1
4 15 6.55 11.3319 -11.57 9 11.7198 -14.02 8.39 11.932 -15.36 5.73 11.5663 -13.05
3 15 10.57 10.0795 -3.66 12.88 10.2331 -4.63 12.15 10.3297 -5.24
4 15 12.15 10.3297 -5.24 12.88 10.2331 -4.63 15.19 10.9852 -9.38 11.66 11.1783 -10.6
4 15 11.66 11.1783 -10.6 15.19 10.9852 -9.38 14.95 11.4681 -12.43 10.45 11.4095 -12.06
4 15 6.55 11.3319 -11.57 10.45 11.4095 -12.06 14.72 12.0476 -16.09 9 11.7198 -14.02
4 15 10.45 11.4095 -12.06 14.95 11.4681 -12.43 16.89 11.8718 -14.98 14.72 12.0476 -16.09
4 15 14.72 12.0476 -16.09 16.89 11.8718 -14.98 20.3 12.1236 -16.57 18 12.4133 -18.4
3 15 20.3 12.1236 -16.57 23.23 12.6461 -19.87 18 12.4133 -18.4
4 15 20.3 12.1236 -16.57 27.24 12.8757 -21.32 29.79 13.2604 -23.75 23.23 12.6461 -19.87
3 15 26.52 13.1844 -23.27 23.23 12.6461 -19.87 29.79 13.2604 -23.75
4 15 26.52 13.1844 -23.27 29.79 13.2604 -23.75 30.43 13.6278 -26.07 27.37 13.3966 -24.61
4 15 29.79 13.2604 -23.75 32.96 13.319 -24.12 32.5 13.5518 -25.59 30.43 13.6278 -26.07
4 15 32.96 13.319 -24.12 35.61 13.7829 -27.05 34.81 13.8399 -27.41 32.5 13.5518 -25.59
3 15 35.76 12.9913 -22.05 35.61 13.7829 -27.05 32.96 13.319 -24.12
4 15 38.43 11.7943 -14.49 39.14 12.1822 -16.94 35.61 13.7829 -27.05 35.76 12.9913 -22.05
4 15 34.66 10.5418 -6.58 36.73 10.5228 -6.46 39.41 11.4681 -12.43 36.49 11.3905 -11.94
3 15 36.49 11.3905 -11.94 39.41 11.4681 -12.43 38.43 11.7943 -14.49
4 15 39.41 11.4681 -12.43 41.08 11.8924 -15.11 39.14 12.1822 -16.94 38.43 11.7943 -14.49
3 15 39.41 11.4681 -12.43 42.55 11.8544 -14.87 41.08 11.8924 -15.11
4 15 39.41 11.4681 -12.43 51.58 12.2582 -17.42 51.79 12.6065 -19.62 42.55 11.8544 -14.87
4 15 51.58 12.2582 -17.42 56.81 12.5083 -19 52.52 12.9153 -21.57 51.79 12.6065 -19.62
4 15 52.52 12.9153 -21.57 56.81 12.5083 -19 56.78 12.8187 -20.96 54.71 13.0688 -22.54
3 15 58.63 11.5061 -12.67 60.82 12.027 -15.96 59.24 11.9684 -15.59
4 15 59.24 11.9684 -15.59 60.82 12.027 -15.96 63.26 12.4513 -18.64 58.51 12.3358 -17.91
3 15 58.51 12.3358 -17.91 56.78 12.8187 -20.96 56.81 12.5083 -19
4 15 58.51 12.3358 -17.91 63.26 12.4513 -18.64 62.87 12.9343 -21.69 56.78 12.8187 -20.96
4 15 63.26 12.4513 -18.64 69.34 12.9517 -21.8 64.33 13.1844 -23.27 62.87 12.9343 -21.69
3 15 72.24 13.1068 -22.78 74.7 12.8757 -21.32 73.82 13.3 -24
4 15 67.49 13.1258 -22.9 69.34 12.9517 -21.8 74.7 12.8757 -21.32 72.24 13.1068 -22.78
3 15 64.33 13.1844 -23.27 69.34 12.9517 -21.8 67.49 13.1258 -22.9
3 15 64.33 13.1844 -23.27 67.49 13.1258 -22.9 65.79 13.5122 -25.34
4 15 64.33 13.1844 -23.27 65.79 13.5122 -25.34 64.33 14.7456 -33.13 61.41 14.3988 -30.94
3 15 61.41 14.3988 -30.94 64.33 14.7456 -33.13 62.5 14.9768 -34.59
4 15 61.41 14.3988 -30.94 62.5 14.9768 -34.59 63.23 15.5373 -38.13 62.26 15.5753 -38.37
4 15 61.53 15.846 -40.08 62.26 15.5753 -38.37 63.23 15.5373 -38.13 65.06 15.7684 -39.59
3 15 76.25 15.846 -40.08 77.83 15.6323 -38.73 77.25 16.1912 -42.26
4 15 65.06 15.7684 -39.59 76.25 15.846 -40.08 77.25 16.1912 -42.26 68.25 16.2102 -42.38
4 15 65.06 15.7684 -39.59 68.25 16.2102 -42.38 66.06 16.3843 -43.48 64.84 16.4033 -43.6
4 15 61.53 15.846 -40.08 65.06 15.7684 -39.59 64.84 16.4033 -43.6 62.16 16.0946 -41.65
4 15 58.49 15.903 -40.44 61.53 15.846 -40.08 62.16 16.0946 -41.65 56.81 16.3463 -43.24
4 15 54.59 16.1342 -41.9 58.49 15.903 -40.44 56.81 16.3463 -43.24 54.01 16.5189 -44.33
4 15 52.52 12.9153 -21.57 54.71 13.0688 -22.54 49.85 14.9768 -34.59 51.31 13.7433 -26.8
4 15 48.87 14.1867 -29.6 51.31 13.7433 -26.8 49.85 14.9768 -34.59 48.02 14.7076 -32.89
4 15 48.02 14.7076 -32.89 49.85 14.9768 -34.59 49.97 15.3251 -36.79 45.83 14.9578 -34.47
4 15 45.83 14.9578 -34.47 49.97 15.3251 -36.79 49.01 15.5167 -38 46.45 15.2475 -36.3
3 15 45.83 14.9578 -34.47 46.45 15.2475 -36.3 44.63 15.2665 -36.42
4 15 41.08 14.7852 -33.38 45.83 14.9578 -34.47 44.63 15.2665 -36.42 40.85 14.9198 -34.23
4 15 37.07 14.2643 -30.09 41.08 14.7852 -33.38 40.85 14.9198 -34.23 36.72 14.7266 -33.01
4 15 34.81 13.8399 -27.41 35.61 13.7829 -27.05 37.07 14.2643 -30.09 36.72 14.7266 -33.01
3 15 34.81 13.8399 -27.41 36.72 14.7266 -33.01 34.28 14.8042 -33.5
4 15 33.1 14.9973 -34.72 34.81 13.8399 -27.41 34.28 14.8042 -33.5 33.8 15.0923 -35.32
4 15 27.37 13.3966 -24.61 30.43 13.6278 -26.07 27.51 14.0711 -28.87 26.52 13.6483 -26.2
4 15 24.09 13.7053 -26.56 26.52 13.6483 -26.2 27.51 14.0711 -28.87 24.22 14.0331 -28.63
4 15 19.95 13.3966 -24.61 24.09 13.7053 -26.56 24.22 14.0331 -28.63 18.75 13.6863 -26.44
4 15 12.28 13.3396 -24.25 19.95 13.3966 -24.61 18.75 13.6863 -26.44 13.88 13.5708 -25.71
3 15 12.28 13.3396 -24.25 13.88 13.5708 -25.71 11.81 13.5518 -25.59
3 15 5.73 11.5663 -13.05 8.39 11.932 -15.36 7.07 11.951 -15.48
4 15 7.07 11.951 -15.48 8.39 11.932 -15.36 10.34 13.224 -23.52 8.77 13.1084 -22.79
4 15 10.34 13.224 -23.52 12.28 13.3396 -24.25 11.81 13.5518 -25.59 9.74 13.8209 -27.29
4 15 8.77 13.1084 -22.79 10.34 13.224 -23.52 9.74 13.8209 -27.29 8.65 13.4362 -24.86
4 15 6.7 13.6483 -26.2 8.65 13.4362 -24.86 9.74 13.8209 -27.29 4.63 14.3418 -30.58
3 15 4.63 14.3418 -30.58 9.74 13.8209 -27.29 8.64 14.3228 -30.46
4 15 1.23 14.4384 -31.19 4.63 14.3418 -30.58 8.64 14.3228 -30.46 9.86 14.7472 -33.14
4 15 1.23 14.4384 -31.19 9.86 14.7472 -33.14 3.17 14.6854 -32.75 1.22 14.6284 -32.39
4 15 -5.95 13.7639 -26.93 1.23 14.4384 -31.19 1.22 14.6284 -32.39 -4.35 14.3593 -30.69
4 15 -12.28 12.8773 -21.33 -5.95 13.7639 -26.93 -4.35 14.3593 -30.69 -8.37 13.9729 -28.25
3 15 -14.21 12.9533 -21.81 -11.43 12.5495 -19.26 -12.28 12.8773 -21.33
4 15 -14.21 12.9533 -21.81 -12.28 12.8773 -21.33 -8.37 13.9729 -28.25 -12.38 13.5122 -25.34
3 15 -12.38 13.5122 -25.34 -8.37 13.9729 -28.25 -11.53 13.8779 -27.65
4 15 -18.71 14.4764 -31.43 -12.38 13.5122 -25.34 -11.53 13.8779 -27.65 -15.67 14.4748 -31.42
4 15 -21.02 14.8026 -33.49 -18.71 14.4764 -31.43 -15.67 14.4748 -31.42 -19.07 14.8802 -33.98
4 15 -26.74 14.8802 -33.98 -24.07 14.535 -31.8 -18.71 14.4764 -31.43 -21.02 14.8026 -33.49
4 15 -27.2 13.7243 -26.68 -24.19 13.5518 -25.59 -24.31 13.9761 -28.27 -27.44 14.1677 -29.48
3 15 -27.44 14.1677 -29.48 -24.31 13.9761 -28.27 -25.65 14.3038 -30.34
4 15 -27.44 14.1677 -29.48 -25.65 14.3038 -30.34 -24.07 14.535 -31.8 -26.74 14.8802 -33.98
4 15 -27.44 14.1677 -29.48 -26.74 14.8802 -33.98 -27.96 15.0733 -35.2 -31.09 15.4217 -37.4
4 15 -31.09 15.4217 -37.4 -27.96 15.0733 -35.2 -28.81 15.6117 -38.6 -30.88 15.9014 -40.43
4 15 -33.77 15.865 -40.2 -31.09 15.4217 -37.4 -30.88 15.9014 -40.43 -33.89 16.1342 -41.9
4 15 -30.88 15.9014 -40.43 -29.05 16.1136 -41.77 -29.02 16.2498 -42.63 -30.85 16.2878 -42.87
3 15 -33.89 16.1342 -41.9 -30.88 15.9014 -40.43 -30.85 16.2878 -42.87
3 15 -43.02 16.5585 -44.58 -36.69 16.5395 -44.46 -41.19 17.1364 -48.23
3 15 -43.87 13.6278 -26.07 -40.58 13.4552 -24.98 -41.68 13.7433 -26.8
4 15 -41.68 13.7433 -26.8 -40.58 13.4552 -24.98 -39 14.1883 -29.61 -41.43 14.3228 -30.46
4 15 -41.43 14.3228 -30.46 -39 14.1883 -29.61 -43.02 16.5585 -44.58 -42.41 14.8628 -33.87
4 15 -44.35 15.0749 -35.21 -42.41 14.8628 -33.87 -43.14 15.4011 -37.27 -44.6 15.2649 -36.41
4 15 -43.87 16.2878 -42.87 -43.14 15.4011 -37.27 -42.41 14.8628 -33.87 -43.02 16.5585 -44.58
4 15 -57.13 15.2285 -36.18 -44.35 15.0749 -35.21 -44.6 15.2649 -36.41 -56.52 15.7858 -39.7
4 15 -64.43 13.7829 -27.05 -60.54 13.6278 -26.07 -62.12 14.1281 -29.23 -63.82 14.1661 -29.47
4 15 -73.56 14.7282 -33.02 -64.43 13.7829 -27.05 -63.82 14.1661 -29.47 -67.35 14.4938 -31.54
4 15 -73.56 14.7282 -33.02 -67.35 14.4938 -31.54 -74.05 15.4011 -37.27 -75.99 15.3061 -36.67
3 15 -78.31 14.7662 -33.26 -75.99 15.3061 -36.67 -77.21 16.4223 -43.72
4 15 -75.99 15.3061 -36.67 -74.05 15.4011 -37.27 -75.26 15.8238 -39.94 -77.21 16.4223 -43.72
4 15 -75.26 15.8238 -39.94 -74.29 16.1136 -41.77 -75.87 16.3463 -43.24 -77.21 16.4223 -43.72
4 15 -74.29 16.1136 -41.77 -71.98 16.2482 -42.62 -68.94 16.5965 -44.82 -75.87 16.3463 -43.24
4 15 -71.98 16.2482 -42.62 -62 16.5379 -44.45 -66.38 16.8087 -46.16 -68.94 16.5965 -44.82
4 15 -60.78 14.4748 -31.42 -59.56 14.6316 -32.41 -57.13 15.2285 -36.18 -59.81 15.0148 -34.83
4 15 -59.81 15.0148 -34.83 -57.13 15.2285 -36.18 -56.52 15.7858 -39.7 -59.69 15.7668 -39.58
3 15 -59.69 15.7668 -39.58 -56.52 15.7858 -39.7 -58.23 15.9014 -40.43
4 15 -59.69 15.7668 -39.58 -58.23 15.9014 -40.43 -59.56 16.2482 -42.62 -62 16.5379 -44.45
3 15 -70.27 18.525 -57 -66.02 17.7919 -52.37 -65.77 18.1577 -54.68
4 15 -66.14 17.214 -48.72 -63.09 16.7897 -46.04 -66.02 17.7919 -52.37 -70.27 18.525 -57
4 15 -66.38 16.8087 -46.16 -62 16.5379 -44.45 -63.09 16.7897 -46.04 -66.14 17.214 -48.72
4 15 -62 16.5379 -44.45 -59.56 16.2482 -42.62 -58.59 16.5379 -44.45 -63.09 16.7897 -46.04
4 15 -58.59 16.5379 -44.45 -56.28 16.7311 -45.67 -55.06 16.9828 -47.26 -63.09 16.7897 -46.04
4 15 -56.28 16.7311 -45.67 -45.81 16.5379 -44.45 -46.67 16.8863 -46.65 -55.06 16.9828 -47.26
4 15 -45.81 16.5379 -44.45 -43.87 16.2878 -42.87 -43.02 16.5585 -44.58 -46.67 16.8863 -46.65
4 15 -46.67 16.8863 -46.65 -43.02 16.5585 -44.58 -41.19 17.1364 -48.23 -44.84 17.5022 -50.54
3 15 -44.84 17.5022 -50.54 -41.19 17.1364 -48.23 -42.89 17.3866 -49.81
4 15 -44.84 17.5022 -50.54 -42.89 17.3866 -49.81 -42.65 18.7372 -58.34 -44.84 18.7372 -58.34
4 15 -21.02 14.8026 -33.49 -19.07 14.8802 -33.98 -18.34 15.1493 -35.68 -21.02 15.0528 -35.07
4 15 -21.02 15.0528 -35.07 -18.34 15.1493 -35.68 -19.41 15.5547 -38.24 -22.57 15.7098 -39.22
4 15 -23.94 15.4581 -37.63 -21.02 15.0528 -35.07 -22.57 15.7098 -39.22 -25.37 16.5775 -44.7
3 15 -25.28 15.9014 -40.43 -23.94 15.4581 -37.63 -25.37 16.5775 -44.7
4 15 -29.05 16.1136 -41.77 -25.28 15.9014 -40.43 -25.37 16.5775 -44.7 -29.02 16.2498 -42.63
3 15 -29.02 16.2498 -42.63 -25.37 16.5775 -44.7 -28.41 16.4413 -43.84
4 15 -33.65 17.5608 -50.91 -28.41 16.4413 -43.84 -25.37 16.5775 -44.7 -27.93 17.0588 -47.74
4 15 -33.65 17.5608 -50.91 -27.93 17.0588 -47.74 -31.33 17.5798 -51.03 -34.13 17.8695 -52.86
3 15 -34.13 17.8695 -52.86 -31.33 17.5798 -51.03 -31.94 18.0041 -53.71
4 15 -34.13 17.8695 -52.86 -31.94 18.0041 -53.71 -29.63 18.4094 -56.27 -32.79 18.7166 -58.21
4 15 -29.63 18.4094 -56.27 -26.71 18.3508 -55.9 -25.74 18.7166 -58.21 -32.79 18.7166 -58.21
3 15 -26.71 18.3508 -55.9 -24.64 18.2543 -55.29 -25.74 18.7166 -58.21
4 15 -26.71 18.3508 -55.9 -17.7 17.0208 -47.5 -19.29 17.5798 -51.03 -24.64 18.2543 -55.29
4 15 -17.7 17.0208 -47.5 -12.11 16.4413 -43.84 -15.15 17.214 -48.72 -19.29 17.5798 -51.03
4 15 -18.34 15.1493 -35.68 -10.68 15.8444 -40.07 -15.39 15.7288 -39.34 -19.41 15.5547 -38.24
3 15 -2.74 18.3318 -55.78 0.99 18.3128 -55.66 -3.1 18.563 -57.24
4 15 -4.8 18.1007 -54.32 -2.66 17.8695 -52.86 0.99 18.3128 -55.66 -2.74 18.3318 -55.78
4 15 -15.15 17.214 -48.72 -10.69 17.233 -48.84 -2.66 17.8695 -52.86 -4.8 18.1007 -54.32
4 15 -12.11 16.4413 -43.84 -10.81 16.8863 -46.65 -10.69 17.233 -48.84 -15.15 17.214 -48.72
4 15 -11.86 16.2308 -42.51 -10.08 16.1722 -42.14 -10.81 16.8863 -46.65 -12.11 16.4413 -43.84
4 15 -15.39 15.7288 -39.34 -10.68 15.8444 -40.07 -10.08 16.1722 -42.14 -11.86 16.2308 -42.51
4 15 -10.68 15.8444 -40.07 -6.78 15.6513 -38.85 -8.86 16.0186 -41.17 -10.08 16.1722 -42.14
4 15 -4.35 14.3593 -30.69 1.22 14.6284 -32.39 -0.36 14.782 -33.36 -1.92 14.744 -33.12
4 15 -1.92 14.744 -33.12 -0.36 14.782 -33.36 -4.75 15.8808 -40.3 -6.78 15.6513 -38.85
4 15 -6.78 15.6513 -38.85 -4.75 15.8808 -40.3 -7.28 16.0756 -41.53 -8.86 16.0186 -41.17
4 15 -4.75 15.8808 -40.3 -3.16 16.1136 -41.77 -1.93 16.4809 -44.09 -7.28 16.0756 -41.53
4 15 -3.16 16.1136 -41.77 1.34 16.1136 -41.77 9.76 16.6535 -45.18 -1.93 16.4809 -44.09
4 15 1.34 16.1136 -41.77 8.4 16.2482 -42.62 12.92 16.7121 -45.55 9.76 16.6535 -45.18
3 15 8.4 16.2482 -42.62 12.66 16.5173 -44.32 12.92 16.7121 -45.55
4 15 9.86 14.7472 -33.14 25.32 16.0186 -41.17 15.21 15.6497 -38.84 3.17 14.6854 -32.75
3 15 8.05 18.2733 -55.41 11.46 17.9851 -53.59 12.55 18.4094 -56.27
4 15 12.92 17.252 -48.96 17.3 16.5965 -44.82 11.46 17.9851 -53.59 8.05 18.2733 -55.41
3 15 12.92 16.7121 -45.55 17.3 16.5965 -44.82 12.92 17.252 -48.96
4 15 12.66 16.5173 -44.32 14.97 16.3638 -43.35 17.3 16.5965 -44.82 12.92 16.7121 -45.55
3 15 14.97 16.3638 -43.35 17.54 16.2688 -42.75 17.3 16.5965 -44.82
4 15 17.4 15.9014 -40.43 19.37 16.0186 -41.17 17.54 16.2688 -42.75 14.97 16.3638 -43.35
4 15 15.21 15.6497 -38.84 21.07 16.0376 -41.29 19.37 16.0186 -41.17 17.4 15.9014 -40.43
3 15 17.91 18.7562 -58.46 22.63 18.3318 -55.78 22.87 18.6596 -57.85
3 15 15.21 15.6497 -38.84 25.32 16.0186 -41.17 21.07 16.0376 -41.29
4 15 17.91 18.7562 -58.46 25.94 16.6931 -45.43 31.63 15.6513 -38.85 22.63 18.3318 -55.78
3 15 21.07 16.0376 -41.29 25.32 16.0186 -41.17 25.94 16.6931 -45.43
3 15 25.32 16.0186 -41.17 28.11 15.9616 -40.81 25.94 16.6931 -45.43
4 15 28.11 15.9616 -40.81 31.89 15.3631 -37.03 31.63 15.6513 -38.85 25.94 16.6931 -45.43
4 15 33.1 14.9973 -34.72 33.8 15.0923 -35.32 31.63 15.6513 -38.85 31.89 15.3631 -37.03
3 15 33.8 15.0923 -35.32 33.58 15.6703 -38.97 31.63 15.6513 -38.85
4 15 33.8 15.0923 -35.32 35.87 15.884 -40.32 36.59 16.6741 -45.31 33.58 15.6703 -38.97
4 15 33.58 15.6703 -38.97 36.59 16.6741 -45.31 35.89 17.1934 -48.59 34.06 16.6535 -45.18
4 15 38.32 18.2923 -55.53 39.89 18.3698 -56.02 41.6 18.7562 -58.46 37.96 18.7752 -58.58
4 15 35.89 17.1934 -48.59 38.19 17.252 -48.96 39.89 18.3698 -56.02 38.32 18.2923 -55.53
4 15 36.59 16.6741 -45.31 38.3 16.8087 -46.16 38.19 17.252 -48.96 35.89 17.1934 -48.59
4 15 49.97 15.3251 -36.79 54.59 16.1342 -41.9 51.93 16.1342 -41.9 49.01 15.5167 -38
4 15 51.93 16.1342 -41.9 54.59 16.1342 -41.9 54.01 16.5189 -44.33 51.68 16.4619 -43.97
4 15 51.68 16.4619 -43.97 54.01 16.5189 -44.33 52.06 16.9433 -47.01 49.75 17.233 -48.84
3 15 38.3 16.8087 -46.16 41.23 17.0778 -47.86 38.19 17.252 -48.96
4 15 38.3 16.8087 -46.16 48.64 16.7517 -45.8 47.68 17.214 -48.72 41.23 17.0778 -47.86
4 15 48.64 16.7517 -45.8 51.68 16.4619 -43.97 49.75 17.233 -48.84 47.68 17.214 -48.72
4 15 47.68 17.214 -48.72 49.75 17.233 -48.84 52.31 18.582 -57.36 49.99 18.582 -57.36
4 15 64.84 16.4033 -43.6 66.06 16.3843 -43.48 66.3 17.7539 -52.13 64.6 17.5988 -51.15
4 15 64.6 17.5988 -51.15 66.3 17.7539 -52.13 67.27 18.3318 -55.78 63.62 18.2733 -55.41
4 15 63.62 18.2733 -55.41 67.27 18.3318 -55.78 68.86 18.62 -57.6 59.73 18.8132 -58.82
4 15 -58.47 11.5473 -12.93 -57.01 11.894 -15.12 -57.86 12.2408 -17.31 -58.47 12.0476 -16.09
4 15 -57.5 13.262 -23.76 -59.2 13.6863 -26.44 -62.12 14.1281 -29.23 -60.54 13.6278 -26.07
4 15 -62.12 14.1281 -29.23 -59.2 13.6863 -26.44 -59.56 14.6316 -32.41 -60.78 14.4748 -31.42
4 15 -14.06 0.475 57 -9.15 0.5462 56.55 -11.91 0.874 54.48 -14.17 0.893 54.36
3 15 -15.78 0.2201 58.61 -9.15 0.5462 56.55 -14.06 0.475 57
3 15 34.19 7.7314 11.17 44.88 8.0813 8.96 48.19 8.5801 5.81
3 15 44.88 8.0813 8.96 52.19 8.3125 7.5 48.19 8.5801 5.81
3 15 -10.28 8.5785 5.82 -7.16 8.5801 5.81 -8.54 8.8651 4.01
3 15 -10.28 8.5785 5.82 -8.54 8.8651 4.01 -10.28 9.291 1.32
3 15 -36.69 16.5395 -44.46 -33.89 16.1342 -41.9 -30.85 16.2878 -42.87
3 15 -36.69 16.5395 -44.46 -30.85 16.2878 -42.87 -41.19 17.1364 -48.23
0
