0 Door  6 x  7 Barred
0 Name: 4611.dat
0 Author: Chris Dee [cwdee]
0 !LDRAW_ORG Part UPDATE 2000-01
0 !LICENSE Redistributable under CCAL version 2.0 : see CAreadme.txt

0 !HISTORY 2000-05-07 [PTadmin] Official Update 2000-01
0 !HISTORY 2007-07-08 [PTadmin] Header formatted for Contributor Agreement
0 !HISTORY 2008-07-01 [PTadmin] Official Update 2008-01

1 16 0 -76 0 2 0 0 0 -1 0 0 0 2 4-8sphe.dat
1 16 0 -76 0 2 0 0 0 1 0 0 0 2 4-4edge.dat
1 16 0 76 0 2 0 0 0 1 0 0 0 2 4-8sphe.dat
1 16 0 76 0 2 0 0 0 1 0 0 0 2 4-4edge.dat
1 16 -2 0 -49 0 4 0 76 0 0 0 0 51 box4.dat
2 24 2 68 -6 2 -68 -6
2 24 2 -68 -6 2 -68 -92
2 24 2 -68 -92 2 -1 -92
2 24 2 11 -92 2 68 -92
2 24 2 68 -92 2 68 -6
2 24 -2 68 -6 -2 -68 -6
2 24 -2 -68 -6 -2 -68 -92
2 24 -2 -68 -92 -2 68 -92
2 24 -2 68 -92 -2 68 -6
2 24 -2 68 -6 2 68 -6
2 24 -2 -68 -6 2 -68 -6
2 24 -2 68 -92 2 68 -92
2 24 -2 -68 -92 2 -68 -92
4 16 2 68 -6 -2 68 -6 -2 -68 -6 2 -68 -6
4 16 2 -68 -6 -2 -68 -6 -2 -68 -92 2 -68 -92
4 16 2 -68 -92 -2 -68 -92 -2 68 -92 2 68 -92
4 16 2 68 -92 -2 68 -92 -2 68 -6 2 68 -6
4 16 2 68 -6 2 76 2 2 -76 2 2 -68 -6
4 16 2 -68 -6 2 -76 2 2 -76 -100 2 -68 -92
4 16 2 -68 -92 2 -76 -100 2 76 -100 2 68 -92
4 16 2 68 -92 2 76 -100 2 76 2 2 68 -6
4 16 -2 68 -6 -2 76 2 -2 -76 2 -2 -68 -6
4 16 -2 -68 -6 -2 -76 2 -2 -76 -100 -2 -68 -92
4 16 -2 -68 -92 -2 -76 -100 -2 76 -100 -2 68 -92
4 16 -2 68 -92 -2 76 -100 -2 76 2 -2 68 -6
2 24 0 -68 -22 1.531 -68 -21.696
2 24 1.531 -68 -21.696 2 -68 -21.382
2 24 2 -68 -21.382 2 -71 -21.382
2 24 2 -71 -21.382 2.828 -71 -20.828
2 24 2.828 -71 -20.828 3.696 -71 -19.531
2 24 3.696 -71 -19.531 4 -71 -18
2 24 0 -68 -14 1.531 -68 -14.304
2 24 1.531 -68 -14.304 2 -68 -14.618
2 24 2 -68 -14.618 2 -71 -14.618
2 24 2 -71 -14.618 2.828 -71 -15.172
2 24 2.828 -71 -15.172 3.696 -71 -16.469
2 24 3.696 -71 -16.469 4 -71 -18
2 24 2 -71 -21.382 2 -71 -14.618
4 16 2 -71 -21.382 2 -71 -14.618 2.828 -71 -15.172 2.828 -71 -20.828
4 16 2.828 -71 -20.828 2.828 -71 -15.172 3.696 -71 -16.469 3.696 -71 -19.531
3 16 3.696 -71 -19.531 3.696 -71 -16.469 4 -71 -18
4 16 2 -68 -21.382 2 -71 -21.382 2.828 -71 -20.828 2.828 -68 -20.828
4 16 2.828 -68 -20.828 2.828 -71 -20.828 3.696 -71 -19.531 3.696 -68 -19.531
4 16 3.696 -68 -19.531 3.696 -71 -19.531 4 -71 -18 4 -68 -18
4 16 2 -68 -14.618 2 -71 -14.618 2.828 -71 -15.172 2.828 -68 -15.172
4 16 2.828 -68 -15.172 2.828 -71 -15.172 3.696 -71 -16.469 3.696 -68 -16.469
4 16 3.696 -68 -16.469 3.696 -71 -16.469 4 -71 -18 4 -68 -18
2 24 0 -68 -22 -1.531 -68 -21.696
2 24 -1.531 -68 -21.696 -2 -68 -21.382
2 24 -2 -68 -21.382 -2 -71 -21.382
2 24 -2 -71 -21.382 -2.828 -71 -20.828
2 24 -2.828 -71 -20.828 -3.696 -71 -19.531
2 24 -3.696 -71 -19.531 -4 -71 -18
2 24 0 -68 -14 -1.531 -68 -14.304
2 24 -1.531 -68 -14.304 -2 -68 -14.618
2 24 -2 -68 -14.618 -2 -71 -14.618
2 24 -2 -71 -14.618 -2.828 -71 -15.172
2 24 -2.828 -71 -15.172 -3.696 -71 -16.469
2 24 -3.696 -71 -16.469 -4 -71 -18
2 24 -2 -71 -21.382 -2 -71 -14.618
4 16 -2 -71 -21.382 -2 -71 -14.618 -2.828 -71 -15.172 -2.828 -71 -20.828
4 16 -2.828 -71 -20.828 -2.828 -71 -15.172 -3.696 -71 -16.469 -3.696 -71 -19.531
3 16 -3.696 -71 -19.531 -3.696 -71 -16.469 -4 -71 -18
4 16 -2 -68 -21.382 -2 -71 -21.382 -2.828 -71 -20.828 -2.828 -68 -20.828
4 16 -2.828 -68 -20.828 -2.828 -71 -20.828 -3.696 -71 -19.531 -3.696 -68 -19.531
4 16 -3.696 -68 -19.531 -3.696 -71 -19.531 -4 -71 -18 -4 -68 -18
4 16 -2 -68 -14.618 -2 -71 -14.618 -2.828 -71 -15.172 -2.828 -68 -15.172
4 16 -2.828 -68 -15.172 -2.828 -71 -15.172 -3.696 -71 -16.469 -3.696 -68 -16.469
4 16 -3.696 -68 -16.469 -3.696 -71 -16.469 -4 -71 -18 -4 -68 -18
1 16 0 -68 -18 4 0 0 0 16 0 0 0 4 4-4cyli.dat
1 16 0 -44 -18 4 0 0 0 40 0 0 0 4 4-4cyli.dat
1 16 0  44 -18 4 0 0 0 -40 0 0 0 4 4-4cyli.dat
1 16 0  68 -18 4 0 0 0 -16 0 0 0 4 4-4cyli.dat
2 24 0 68 -22 1.531 68 -21.696
2 24 1.531 68 -21.696 2 68 -21.382
2 24 2 68 -21.382 2 71 -21.382
2 24 2 71 -21.382 2.828 71 -20.828
2 24 2.828 71 -20.828 3.696 71 -19.531
2 24 3.696 71 -19.531 4 71 -18
2 24 0 68 -14 1.531 68 -14.304
2 24 1.531 68 -14.304 2 68 -14.618
2 24 2 68 -14.618 2 71 -14.618
2 24 2 71 -14.618 2.828 71 -15.172
2 24 2.828 71 -15.172 3.696 71 -16.469
2 24 3.696 71 -16.469 4 71 -18
2 24 2 71 -21.382 2 71 -14.618
4 16 2 71 -21.382 2 71 -14.618 2.828 71 -15.172 2.828 71 -20.828
4 16 2.828 71 -20.828 2.828 71 -15.172 3.696 71 -16.469 3.696 71 -19.531
3 16 3.696 71 -19.531 3.696 71 -16.469 4 71 -18
4 16 2 68 -21.382 2 71 -21.382 2.828 71 -20.828 2.828 68 -20.828
4 16 2.828 68 -20.828 2.828 71 -20.828 3.696 71 -19.531 3.696 68 -19.531
4 16 3.696 68 -19.531 3.696 71 -19.531 4 71 -18 4 68 -18
4 16 2 68 -14.618 2 71 -14.618 2.828 71 -15.172 2.828 68 -15.172
4 16 2.828 68 -15.172 2.828 71 -15.172 3.696 71 -16.469 3.696 68 -16.469
4 16 3.696 68 -16.469 3.696 71 -16.469 4 71 -18 4 68 -18
2 24 0 68 -22 -1.531 68 -21.696
2 24 -1.531 68 -21.696 -2 68 -21.382
2 24 -2 68 -21.382 -2 71 -21.382
2 24 -2 71 -21.382 -2.828 71 -20.828
2 24 -2.828 71 -20.828 -3.696 71 -19.531
2 24 -3.696 71 -19.531 -4 71 -18
2 24 0 68 -14 -1.531 68 -14.304
2 24 -1.531 68 -14.304 -2 68 -14.618
2 24 -2 68 -14.618 -2 71 -14.618
2 24 -2 71 -14.618 -2.828 71 -15.172
2 24 -2.828 71 -15.172 -3.696 71 -16.469
2 24 -3.696 71 -16.469 -4 71 -18
2 24 -2 71 -21.382 -2 71 -14.618
4 16 -2 71 -21.382 -2 71 -14.618 -2.828 71 -15.172 -2.828 71 -20.828
4 16 -2.828 71 -20.828 -2.828 71 -15.172 -3.696 71 -16.469 -3.696 71 -19.531
3 16 -3.696 71 -19.531 -3.696 71 -16.469 -4 71 -18
4 16 -2 68 -21.382 -2 71 -21.382 -2.828 71 -20.828 -2.828 68 -20.828
4 16 -2.828 68 -20.828 -2.828 71 -20.828 -3.696 71 -19.531 -3.696 68 -19.531
4 16 -3.696 68 -19.531 -3.696 71 -19.531 -4 71 -18 -4 68 -18
4 16 -2 68 -14.618 -2 71 -14.618 -2.828 71 -15.172 -2.828 68 -15.172
4 16 -2.828 68 -15.172 -2.828 71 -15.172 -3.696 71 -16.469 -3.696 68 -16.469
4 16 -3.696 68 -16.469 -3.696 71 -16.469 -4 71 -18 -4 68 -18
2 24 0 -68 -53 1.531 -68 -52.696
2 24 1.531 -68 -52.696 2 -68 -52.382
2 24 2 -68 -52.382 2 -71 -52.382
2 24 2 -71 -52.382 2.828 -71 -51.828
2 24 2.828 -71 -51.828 3.696 -71 -50.531
2 24 3.696 -71 -50.531 4 -71 -49
2 24 0 -68 -45 1.531 -68 -45.304
2 24 1.531 -68 -45.304 2 -68 -45.618
2 24 2 -68 -45.618 2 -71 -45.618
2 24 2 -71 -45.618 2.828 -71 -46.172
2 24 2.828 -71 -46.172 3.696 -71 -47.469
2 24 3.696 -71 -47.469 4 -71 -49
2 24 2 -71 -52.382 2 -71 -45.618
4 16 2 -71 -52.382 2 -71 -45.618 2.828 -71 -46.172 2.828 -71 -51.828
4 16 2.828 -71 -51.828 2.828 -71 -46.172 3.696 -71 -47.469 3.696 -71 -50.531
3 16 3.696 -71 -50.531 3.696 -71 -47.469 4 -71 -49
4 16 2 -68 -52.382 2 -71 -52.382 2.828 -71 -51.828 2.828 -68 -51.828
4 16 2.828 -68 -51.828 2.828 -71 -51.828 3.696 -71 -50.531 3.696 -68 -50.531
4 16 3.696 -68 -50.531 3.696 -71 -50.531 4 -71 -49 4 -68 -49
4 16 2 -68 -45.618 2 -71 -45.618 2.828 -71 -46.172 2.828 -68 -46.172
4 16 2.828 -68 -46.172 2.828 -71 -46.172 3.696 -71 -47.469 3.696 -68 -47.469
4 16 3.696 -68 -47.469 3.696 -71 -47.469 4 -71 -49 4 -68 -49
2 24 0 -68 -53 -1.531 -68 -52.696
2 24 -1.531 -68 -52.696 -2 -68 -52.382
2 24 -2 -68 -52.382 -2 -71 -52.382
2 24 -2 -71 -52.382 -2.828 -71 -51.828
2 24 -2.828 -71 -51.828 -3.696 -71 -50.531
2 24 -3.696 -71 -50.531 -4 -71 -49
2 24 0 -68 -45 -1.531 -68 -45.304
2 24 -1.531 -68 -45.304 -2 -68 -45.618
2 24 -2 -68 -45.618 -2 -71 -45.618
2 24 -2 -71 -45.618 -2.828 -71 -46.172
2 24 -2.828 -71 -46.172 -3.696 -71 -47.469
2 24 -3.696 -71 -47.469 -4 -71 -49
2 24 -2 -71 -52.382 -2 -71 -45.618
4 16 -2 -71 -52.382 -2 -71 -45.618 -2.828 -71 -46.172 -2.828 -71 -51.828
4 16 -2.828 -71 -51.828 -2.828 -71 -46.172 -3.696 -71 -47.469 -3.696 -71 -50.531
3 16 -3.696 -71 -50.531 -3.696 -71 -47.469 -4 -71 -49
4 16 -2 -68 -52.382 -2 -71 -52.382 -2.828 -71 -51.828 -2.828 -68 -51.828
4 16 -2.828 -68 -51.828 -2.828 -71 -51.828 -3.696 -71 -50.531 -3.696 -68 -50.531
4 16 -3.696 -68 -50.531 -3.696 -71 -50.531 -4 -71 -49 -4 -68 -49
4 16 -2 -68 -45.618 -2 -71 -45.618 -2.828 -71 -46.172 -2.828 -68 -46.172
4 16 -2.828 -68 -46.172 -2.828 -71 -46.172 -3.696 -71 -47.469 -3.696 -68 -47.469
4 16 -3.696 -68 -47.469 -3.696 -71 -47.469 -4 -71 -49 -4 -68 -49
1 16 0 -68 -49 4 0 0 0 16 0 0 0 4 4-4cyli.dat
1 16 0 -44 -49 4 0 0 0 40 0 0 0 4 4-4cyli.dat
1 16 0  44 -49 4 0 0 0 -40 0 0 0 4 4-4cyli.dat
1 16 0  68 -49 4 0 0 0 -16 0 0 0 4 4-4cyli.dat
2 24 0 68 -53 1.531 68 -52.696
2 24 1.531 68 -52.696 2 68 -52.382
2 24 2 68 -52.382 2 71 -52.382
2 24 2 71 -52.382 2.828 71 -51.828
2 24 2.828 71 -51.828 3.696 71 -50.531
2 24 3.696 71 -50.531 4 71 -49
2 24 0 68 -45 1.531 68 -45.304
2 24 1.531 68 -45.304 2 68 -45.618
2 24 2 68 -45.618 2 71 -45.618
2 24 2 71 -45.618 2.828 71 -46.172
2 24 2.828 71 -46.172 3.696 71 -47.469
2 24 3.696 71 -47.469 4 71 -49
2 24 2 71 -52.382 2 71 -45.618
4 16 2 71 -52.382 2 71 -45.618 2.828 71 -46.172 2.828 71 -51.828
4 16 2.828 71 -51.828 2.828 71 -46.172 3.696 71 -47.469 3.696 71 -50.531
3 16 3.696 71 -50.531 3.696 71 -47.469 4 71 -49
4 16 2 68 -52.382 2 71 -52.382 2.828 71 -51.828 2.828 68 -51.828
4 16 2.828 68 -51.828 2.828 71 -51.828 3.696 71 -50.531 3.696 68 -50.531
4 16 3.696 68 -50.531 3.696 71 -50.531 4 71 -49 4 68 -49
4 16 2 68 -45.618 2 71 -45.618 2.828 71 -46.172 2.828 68 -46.172
4 16 2.828 68 -46.172 2.828 71 -46.172 3.696 71 -47.469 3.696 68 -47.469
4 16 3.696 68 -47.469 3.696 71 -47.469 4 71 -49 4 68 -49
2 24 0 68 -53 -1.531 68 -52.696
2 24 -1.531 68 -52.696 -2 68 -52.382
2 24 -2 68 -52.382 -2 71 -52.382
2 24 -2 71 -52.382 -2.828 71 -51.828
2 24 -2.828 71 -51.828 -3.696 71 -50.531
2 24 -3.696 71 -50.531 -4 71 -49
2 24 0 68 -45 -1.531 68 -45.304
2 24 -1.531 68 -45.304 -2 68 -45.618
2 24 -2 68 -45.618 -2 71 -45.618
2 24 -2 71 -45.618 -2.828 71 -46.172
2 24 -2.828 71 -46.172 -3.696 71 -47.469
2 24 -3.696 71 -47.469 -4 71 -49
2 24 -2 71 -52.382 -2 71 -45.618
4 16 -2 71 -52.382 -2 71 -45.618 -2.828 71 -46.172 -2.828 71 -51.828
4 16 -2.828 71 -51.828 -2.828 71 -46.172 -3.696 71 -47.469 -3.696 71 -50.531
3 16 -3.696 71 -50.531 -3.696 71 -47.469 -4 71 -49
4 16 -2 68 -52.382 -2 71 -52.382 -2.828 71 -51.828 -2.828 68 -51.828
4 16 -2.828 68 -51.828 -2.828 71 -51.828 -3.696 71 -50.531 -3.696 68 -50.531
4 16 -3.696 68 -50.531 -3.696 71 -50.531 -4 71 -49 -4 68 -49
4 16 -2 68 -45.618 -2 71 -45.618 -2.828 71 -46.172 -2.828 68 -46.172
4 16 -2.828 68 -46.172 -2.828 71 -46.172 -3.696 71 -47.469 -3.696 68 -47.469
4 16 -3.696 68 -47.469 -3.696 71 -47.469 -4 71 -49 -4 68 -49
2 24 0 -68 -84 1.531 -68 -83.696
2 24 1.531 -68 -83.696 2 -68 -83.382
2 24 2 -68 -83.382 2 -71 -83.382
2 24 2 -71 -83.382 2.828 -71 -82.828
2 24 2.828 -71 -82.828 3.696 -71 -81.531
2 24 3.696 -71 -81.531 4 -71 -80
2 24 0 -68 -76 1.531 -68 -76.304
2 24 1.531 -68 -76.304 2 -68 -76.618
2 24 2 -68 -76.618 2 -71 -76.618
2 24 2 -71 -76.618 2.828 -71 -77.172
2 24 2.828 -71 -77.172 3.696 -71 -78.469
2 24 3.696 -71 -78.469 4 -71 -80
2 24 2 -71 -83.382 2 -71 -76.618
4 16 2 -71 -83.382 2 -71 -76.618 2.828 -71 -77.172 2.828 -71 -82.828
4 16 2.828 -71 -82.828 2.828 -71 -77.172 3.696 -71 -78.469 3.696 -71 -81.531
3 16 3.696 -71 -81.531 3.696 -71 -78.469 4 -71 -80
4 16 2 -68 -83.382 2 -71 -83.382 2.828 -71 -82.828 2.828 -68 -82.828
4 16 2.828 -68 -82.828 2.828 -71 -82.828 3.696 -71 -81.531 3.696 -68 -81.531
4 16 3.696 -68 -81.531 3.696 -71 -81.531 4 -71 -80 4 -68 -80
4 16 2 -68 -76.618 2 -71 -76.618 2.828 -71 -77.172 2.828 -68 -77.172
4 16 2.828 -68 -77.172 2.828 -71 -77.172 3.696 -71 -78.469 3.696 -68 -78.469
4 16 3.696 -68 -78.469 3.696 -71 -78.469 4 -71 -80 4 -68 -80
2 24 0 -68 -84 -1.531 -68 -83.696
2 24 -1.531 -68 -83.696 -2 -68 -83.382
2 24 -2 -68 -83.382 -2 -71 -83.382
2 24 -2 -71 -83.382 -2.828 -71 -82.828
2 24 -2.828 -71 -82.828 -3.696 -71 -81.531
2 24 -3.696 -71 -81.531 -4 -71 -80
2 24 0 -68 -76 -1.531 -68 -76.304
2 24 -1.531 -68 -76.304 -2 -68 -76.618
2 24 -2 -68 -76.618 -2 -71 -76.618
2 24 -2 -71 -76.618 -2.828 -71 -77.172
2 24 -2.828 -71 -77.172 -3.696 -71 -78.469
2 24 -3.696 -71 -78.469 -4 -71 -80
2 24 -2 -71 -83.382 -2 -71 -76.618
4 16 -2 -71 -83.382 -2 -71 -76.618 -2.828 -71 -77.172 -2.828 -71 -82.828
4 16 -2.828 -71 -82.828 -2.828 -71 -77.172 -3.696 -71 -78.469 -3.696 -71 -81.531
3 16 -3.696 -71 -81.531 -3.696 -71 -78.469 -4 -71 -80
4 16 -2 -68 -83.382 -2 -71 -83.382 -2.828 -71 -82.828 -2.828 -68 -82.828
4 16 -2.828 -68 -82.828 -2.828 -71 -82.828 -3.696 -71 -81.531 -3.696 -68 -81.531
4 16 -3.696 -68 -81.531 -3.696 -71 -81.531 -4 -71 -80 -4 -68 -80
4 16 -2 -68 -76.618 -2 -71 -76.618 -2.828 -71 -77.172 -2.828 -68 -77.172
4 16 -2.828 -68 -77.172 -2.828 -71 -77.172 -3.696 -71 -78.469 -3.696 -68 -78.469
4 16 -3.696 -68 -78.469 -3.696 -71 -78.469 -4 -71 -80 -4 -68 -80
1 16 0 -68 -80 4 0 0 0 16 0 0 0 4 4-4cyli.dat
1 16 0 -44 -80 4 0 0 0 40 0 0 0 4 4-4cyli.dat
1 16 0  44 -80 4 0 0 0 -40 0 0 0 4 4-4cyli.dat
1 16 0  68 -80 4 0 0 0 -16 0 0 0 4 4-4cyli.dat
2 24 0 68 -84 1.531 68 -83.696
2 24 1.531 68 -83.696 2 68 -83.382
2 24 2 68 -83.382 2 71 -83.382
2 24 2 71 -83.382 2.828 71 -82.828
2 24 2.828 71 -82.828 3.696 71 -81.531
2 24 3.696 71 -81.531 4 71 -80
2 24 0 68 -76 1.531 68 -76.304
2 24 1.531 68 -76.304 2 68 -76.618
2 24 2 68 -76.618 2 71 -76.618
2 24 2 71 -76.618 2.828 71 -77.172
2 24 2.828 71 -77.172 3.696 71 -78.469
2 24 3.696 71 -78.469 4 71 -80
2 24 2 71 -83.382 2 71 -76.618
4 16 2 71 -83.382 2 71 -76.618 2.828 71 -77.172 2.828 71 -82.828
4 16 2.828 71 -82.828 2.828 71 -77.172 3.696 71 -78.469 3.696 71 -81.531
3 16 3.696 71 -81.531 3.696 71 -78.469 4 71 -80
4 16 2 68 -83.382 2 71 -83.382 2.828 71 -82.828 2.828 68 -82.828
4 16 2.828 68 -82.828 2.828 71 -82.828 3.696 71 -81.531 3.696 68 -81.531
4 16 3.696 68 -81.531 3.696 71 -81.531 4 71 -80 4 68 -80
4 16 2 68 -76.618 2 71 -76.618 2.828 71 -77.172 2.828 68 -77.172
4 16 2.828 68 -77.172 2.828 71 -77.172 3.696 71 -78.469 3.696 68 -78.469
4 16 3.696 68 -78.469 3.696 71 -78.469 4 71 -80 4 68 -80
2 24 0 68 -84 -1.531 68 -83.696
2 24 -1.531 68 -83.696 -2 68 -83.382
2 24 -2 68 -83.382 -2 71 -83.382
2 24 -2 71 -83.382 -2.828 71 -82.828
2 24 -2.828 71 -82.828 -3.696 71 -81.531
2 24 -3.696 71 -81.531 -4 71 -80
2 24 0 68 -76 -1.531 68 -76.304
2 24 -1.531 68 -76.304 -2 68 -76.618
2 24 -2 68 -76.618 -2 71 -76.618
2 24 -2 71 -76.618 -2.828 71 -77.172
2 24 -2.828 71 -77.172 -3.696 71 -78.469
2 24 -3.696 71 -78.469 -4 71 -80
2 24 -2 71 -83.382 -2 71 -76.618
4 16 -2 71 -83.382 -2 71 -76.618 -2.828 71 -77.172 -2.828 71 -82.828
4 16 -2.828 71 -82.828 -2.828 71 -77.172 -3.696 71 -78.469 -3.696 71 -81.531
3 16 -3.696 71 -81.531 -3.696 71 -78.469 -4 71 -80
4 16 -2 68 -83.382 -2 71 -83.382 -2.828 71 -82.828 -2.828 68 -82.828
4 16 -2.828 68 -82.828 -2.828 71 -82.828 -3.696 71 -81.531 -3.696 68 -81.531
4 16 -3.696 68 -81.531 -3.696 71 -81.531 -4 71 -80 -4 68 -80
4 16 -2 68 -76.618 -2 71 -76.618 -2.828 71 -77.172 -2.828 68 -77.172
4 16 -2.828 68 -77.172 -2.828 71 -77.172 -3.696 71 -78.469 -3.696 68 -78.469
4 16 -3.696 68 -78.469 -3.696 71 -78.469 -4 71 -80 -4 68 -80
1 16 0 -48 -6 4 0 0 0 0 -4 0 1 0 4-4disc.dat
1 16 0 -48 -6 4 0 0 0 0 -4 0 1 0 4-4edge.dat
1 16 0 -48 -6 4 0 0 0 0 -4 0 -8 0 4-4cyli.dat
1 16 0 -48 -22 4 0 0 0 0 -4 0 -23 0 4-4cyli.dat
1 16 0 -48 -53 4 0 0 0 0 -4 0 -23 0 4-4cyli.dat
1 16 0 -48 -84 4 0 0 0 0 -4 0 -8 0 4-4cyli.dat
1 16 0 -48 -92 4 0 0 0 0 -4 0 1 0 4-4disc.dat
1 16 0 -48 -92 4 0 0 0 0 -4 0 1 0 4-4edge.dat
1 16 0 0 -6 4 0 0 0 0 -4 0 1 0 4-4disc.dat
1 16 0 0 -6 4 0 0 0 0 -4 0 1 0 4-4edge.dat
1 16 0 0 -6 4 0 0 0 0 -4 0 -8 0 4-4cyli.dat
1 16 0 0 -22 4 0 0 0 0 -4 0 -23 0 4-4cyli.dat
1 16 0 0 -53 4 0 0 0 0 -4 0 -23 0 4-4cyli.dat
1 16 0 48 -6 4 0 0 0 0 -4 0 1 0 4-4disc.dat
1 16 0 48 -6 4 0 0 0 0 -4 0 1 0 4-4edge.dat
1 16 0 48 -6 4 0 0 0 0 -4 0 -8 0 4-4cyli.dat
1 16 0 48 -22 4 0 0 0 0 -4 0 -23 0 4-4cyli.dat
1 16 0 48 -53 4 0 0 0 0 -4 0 -23 0 4-4cyli.dat
1 16 0 48 -84 4 0 0 0 0 -4 0 -8 0 4-4cyli.dat
1 16 0 48 -92 4 0 0 0 0 -4 0 1 0 4-4disc.dat
1 16 0 48 -92 4 0 0 0 0 -4 0 1 0 4-4edge.dat
1 16 0 -44 -18 0 0 -4 0 -4 0 -4 0 0 1-4cyls.dat
1 16 0 -44 -18 0 0 4 0 -4 0 -4 0 0 1-4cyls.dat
1 16 0 -44 -18 0 0 -4 0 -4 0 4 0 0 1-4cyls.dat
1 16 0 -44 -18 0 0 4 0 -4 0 4 0 0 1-4cyls.dat
1 16 0 -52 -18 0 0 -4 0 4 0 -4 0 0 1-4cyls.dat
1 16 0 -52 -18 0 0 4 0 4 0 -4 0 0 1-4cyls.dat
1 16 0 -52 -18 0 0 -4 0 4 0 4 0 0 1-4cyls.dat
1 16 0 -52 -18 0 0 4 0 4 0 4 0 0 1-4cyls.dat
1 16 0 -48 -14 0 0 -4 -4 0 0 0 -4 0 1-4cyls.dat
1 16 0 -48 -14 0 0 4 -4 0 0 0 -4 0 1-4cyls.dat
1 16 0 -48 -14 0 0 -4 4 0 0 0 -4 0 1-4cyls.dat
1 16 0 -48 -14 0 0 4 4 0 0 0 -4 0 1-4cyls.dat
1 16 0 -48 -22 0 0 -4 -4 0 0 0 4 0 1-4cyls.dat
1 16 0 -48 -22 0 0 4 -4 0 0 0 4 0 1-4cyls.dat
1 16 0 -48 -22 0 0 -4 4 0 0 0 4 0 1-4cyls.dat
1 16 0 -48 -22 0 0 4 4 0 0 0 4 0 1-4cyls.dat
1 16 0 -48 -18 4 0 0 0 0.707 -4 0 0.707 4 4-4edge.dat
1 16 0 -48 -18 4 0 0 0 -0.707 4 0 0.707 4 4-4edge.dat
1 16 0 4 -18 0 0 -4 0 -4 0 -4 0 0 1-4cyls.dat
1 16 0 4 -18 0 0 4 0 -4 0 -4 0 0 1-4cyls.dat
1 16 0 4 -18 0 0 -4 0 -4 0 4 0 0 1-4cyls.dat
1 16 0 4 -18 0 0 4 0 -4 0 4 0 0 1-4cyls.dat
1 16 0 -4 -18 0 0 -4 0 4 0 -4 0 0 1-4cyls.dat
1 16 0 -4 -18 0 0 4 0 4 0 -4 0 0 1-4cyls.dat
1 16 0 -4 -18 0 0 -4 0 4 0 4 0 0 1-4cyls.dat
1 16 0 -4 -18 0 0 4 0 4 0 4 0 0 1-4cyls.dat
1 16 0 0 -14 0 0 -4 -4 0 0 0 -4 0 1-4cyls.dat
1 16 0 0 -14 0 0 4 -4 0 0 0 -4 0 1-4cyls.dat
1 16 0 0 -14 0 0 -4 4 0 0 0 -4 0 1-4cyls.dat
1 16 0 0 -14 0 0 4 4 0 0 0 -4 0 1-4cyls.dat
1 16 0 0 -22 0 0 -4 -4 0 0 0 4 0 1-4cyls.dat
1 16 0 0 -22 0 0 4 -4 0 0 0 4 0 1-4cyls.dat
1 16 0 0 -22 0 0 -4 4 0 0 0 4 0 1-4cyls.dat
1 16 0 0 -22 0 0 4 4 0 0 0 4 0 1-4cyls.dat
1 16 0 0 -18 4 0 0 0 0.707 -4 0 0.707 4 4-4edge.dat
1 16 0 0 -18 4 0 0 0 -0.707 4 0 0.707 4 4-4edge.dat
1 16 0 52 -18 0 0 -4 0 -4 0 -4 0 0 1-4cyls.dat
1 16 0 52 -18 0 0 4 0 -4 0 -4 0 0 1-4cyls.dat
1 16 0 52 -18 0 0 -4 0 -4 0 4 0 0 1-4cyls.dat
1 16 0 52 -18 0 0 4 0 -4 0 4 0 0 1-4cyls.dat
1 16 0 44 -18 0 0 -4 0 4 0 -4 0 0 1-4cyls.dat
1 16 0 44 -18 0 0 4 0 4 0 -4 0 0 1-4cyls.dat
1 16 0 44 -18 0 0 -4 0 4 0 4 0 0 1-4cyls.dat
1 16 0 44 -18 0 0 4 0 4 0 4 0 0 1-4cyls.dat
1 16 0 48 -14 0 0 -4 -4 0 0 0 -4 0 1-4cyls.dat
1 16 0 48 -14 0 0 4 -4 0 0 0 -4 0 1-4cyls.dat
1 16 0 48 -14 0 0 -4 4 0 0 0 -4 0 1-4cyls.dat
1 16 0 48 -14 0 0 4 4 0 0 0 -4 0 1-4cyls.dat
1 16 0 48 -22 0 0 -4 -4 0 0 0 4 0 1-4cyls.dat
1 16 0 48 -22 0 0 4 -4 0 0 0 4 0 1-4cyls.dat
1 16 0 48 -22 0 0 -4 4 0 0 0 4 0 1-4cyls.dat
1 16 0 48 -22 0 0 4 4 0 0 0 4 0 1-4cyls.dat
1 16 0 48 -18 4 0 0 0 0.707 -4 0 0.707 4 4-4edge.dat
1 16 0 48 -18 4 0 0 0 -0.707 4 0 0.707 4 4-4edge.dat
1 16 0 -44 -49 0 0 -4 0 -4 0 -4 0 0 1-4cyls.dat
1 16 0 -44 -49 0 0 4 0 -4 0 -4 0 0 1-4cyls.dat
1 16 0 -44 -49 0 0 -4 0 -4 0 4 0 0 1-4cyls.dat
1 16 0 -44 -49 0 0 4 0 -4 0 4 0 0 1-4cyls.dat
1 16 0 -52 -49 0 0 -4 0 4 0 -4 0 0 1-4cyls.dat
1 16 0 -52 -49 0 0 4 0 4 0 -4 0 0 1-4cyls.dat
1 16 0 -52 -49 0 0 -4 0 4 0 4 0 0 1-4cyls.dat
1 16 0 -52 -49 0 0 4 0 4 0 4 0 0 1-4cyls.dat
1 16 0 -48 -45 0 0 -4 -4 0 0 0 -4 0 1-4cyls.dat
1 16 0 -48 -45 0 0 4 -4 0 0 0 -4 0 1-4cyls.dat
1 16 0 -48 -45 0 0 -4 4 0 0 0 -4 0 1-4cyls.dat
1 16 0 -48 -45 0 0 4 4 0 0 0 -4 0 1-4cyls.dat
1 16 0 -48 -53 0 0 -4 -4 0 0 0 4 0 1-4cyls.dat
1 16 0 -48 -53 0 0 4 -4 0 0 0 4 0 1-4cyls.dat
1 16 0 -48 -53 0 0 -4 4 0 0 0 4 0 1-4cyls.dat
1 16 0 -48 -53 0 0 4 4 0 0 0 4 0 1-4cyls.dat
1 16 0 -48 -49 4 0 0 0 0.707 -4 0 0.707 4 4-4edge.dat
1 16 0 -48 -49 4 0 0 0 -0.707 4 0 0.707 4 4-4edge.dat
1 16 0 4 -49 0 0 -4 0 -4 0 -4 0 0 1-4cyls.dat
1 16 0 4 -49 0 0 4 0 -4 0 -4 0 0 1-4cyls.dat
1 16 0 4 -49 0 0 -4 0 -4 0 4 0 0 1-4cyls.dat
1 16 0 4 -49 0 0 4 0 -4 0 4 0 0 1-4cyls.dat
1 16 0 -4 -49 0 0 -4 0 4 0 -4 0 0 1-4cyls.dat
1 16 0 -4 -49 0 0 4 0 4 0 -4 0 0 1-4cyls.dat
1 16 0 -4 -49 0 0 -4 0 4 0 4 0 0 1-4cyls.dat
1 16 0 -4 -49 0 0 4 0 4 0 4 0 0 1-4cyls.dat
1 16 0 0 -45 0 0 -4 -4 0 0 0 -4 0 1-4cyls.dat
1 16 0 0 -45 0 0 4 -4 0 0 0 -4 0 1-4cyls.dat
1 16 0 0 -45 0 0 -4 4 0 0 0 -4 0 1-4cyls.dat
1 16 0 0 -45 0 0 4 4 0 0 0 -4 0 1-4cyls.dat
1 16 0 0 -53 0 0 -4 -4 0 0 0 4 0 1-4cyls.dat
1 16 0 0 -53 0 0 4 -4 0 0 0 4 0 1-4cyls.dat
1 16 0 0 -53 0 0 -4 4 0 0 0 4 0 1-4cyls.dat
1 16 0 0 -53 0 0 4 4 0 0 0 4 0 1-4cyls.dat
1 16 0 0 -49 4 0 0 0 0.707 -4 0 0.707 4 4-4edge.dat
1 16 0 0 -49 4 0 0 0 -0.707 4 0 0.707 4 4-4edge.dat
1 16 0 52 -49 0 0 -4 0 -4 0 -4 0 0 1-4cyls.dat
1 16 0 52 -49 0 0 4 0 -4 0 -4 0 0 1-4cyls.dat
1 16 0 52 -49 0 0 -4 0 -4 0 4 0 0 1-4cyls.dat
1 16 0 52 -49 0 0 4 0 -4 0 4 0 0 1-4cyls.dat
1 16 0 44 -49 0 0 -4 0 4 0 -4 0 0 1-4cyls.dat
1 16 0 44 -49 0 0 4 0 4 0 -4 0 0 1-4cyls.dat
1 16 0 44 -49 0 0 -4 0 4 0 4 0 0 1-4cyls.dat
1 16 0 44 -49 0 0 4 0 4 0 4 0 0 1-4cyls.dat
1 16 0 48 -45 0 0 -4 -4 0 0 0 -4 0 1-4cyls.dat
1 16 0 48 -45 0 0 4 -4 0 0 0 -4 0 1-4cyls.dat
1 16 0 48 -45 0 0 -4 4 0 0 0 -4 0 1-4cyls.dat
1 16 0 48 -45 0 0 4 4 0 0 0 -4 0 1-4cyls.dat
1 16 0 48 -53 0 0 -4 -4 0 0 0 4 0 1-4cyls.dat
1 16 0 48 -53 0 0 4 -4 0 0 0 4 0 1-4cyls.dat
1 16 0 48 -53 0 0 -4 4 0 0 0 4 0 1-4cyls.dat
1 16 0 48 -53 0 0 4 4 0 0 0 4 0 1-4cyls.dat
1 16 0 48 -49 4 0 0 0 0.707 -4 0 0.707 4 4-4edge.dat
1 16 0 48 -49 4 0 0 0 -0.707 4 0 0.707 4 4-4edge.dat
1 16 0 -44 -80 0 0 -4 0 -4 0 -4 0 0 1-4cyls.dat
1 16 0 -44 -80 0 0 4 0 -4 0 -4 0 0 1-4cyls.dat
1 16 0 -44 -80 0 0 -4 0 -4 0 4 0 0 1-4cyls.dat
1 16 0 -44 -80 0 0 4 0 -4 0 4 0 0 1-4cyls.dat
1 16 0 -52 -80 0 0 -4 0 4 0 -4 0 0 1-4cyls.dat
1 16 0 -52 -80 0 0 4 0 4 0 -4 0 0 1-4cyls.dat
1 16 0 -52 -80 0 0 -4 0 4 0 4 0 0 1-4cyls.dat
1 16 0 -52 -80 0 0 4 0 4 0 4 0 0 1-4cyls.dat
1 16 0 -48 -76 0 0 -4 -4 0 0 0 -4 0 1-4cyls.dat
1 16 0 -48 -76 0 0 4 -4 0 0 0 -4 0 1-4cyls.dat
1 16 0 -48 -76 0 0 -4 4 0 0 0 -4 0 1-4cyls.dat
1 16 0 -48 -76 0 0 4 4 0 0 0 -4 0 1-4cyls.dat
1 16 0 -48 -84 0 0 -4 -4 0 0 0 4 0 1-4cyls.dat
1 16 0 -48 -84 0 0 4 -4 0 0 0 4 0 1-4cyls.dat
1 16 0 -48 -84 0 0 -4 4 0 0 0 4 0 1-4cyls.dat
1 16 0 -48 -84 0 0 4 4 0 0 0 4 0 1-4cyls.dat
1 16 0 -48 -80 4 0 0 0 0.707 -4 0 0.707 4 4-4edge.dat
1 16 0 -48 -80 4 0 0 0 -0.707 4 0 0.707 4 4-4edge.dat
1 16 0 52 -80 0 0 -4 0 -4 0 -4 0 0 1-4cyls.dat
1 16 0 52 -80 0 0 4 0 -4 0 -4 0 0 1-4cyls.dat
1 16 0 52 -80 0 0 -4 0 -4 0 4 0 0 1-4cyls.dat
1 16 0 52 -80 0 0 4 0 -4 0 4 0 0 1-4cyls.dat
1 16 0 44 -80 0 0 -4 0 4 0 -4 0 0 1-4cyls.dat
1 16 0 44 -80 0 0 4 0 4 0 -4 0 0 1-4cyls.dat
1 16 0 44 -80 0 0 -4 0 4 0 4 0 0 1-4cyls.dat
1 16 0 44 -80 0 0 4 0 4 0 4 0 0 1-4cyls.dat
1 16 0 48 -76 0 0 -4 -4 0 0 0 -4 0 1-4cyls.dat
1 16 0 48 -76 0 0 4 -4 0 0 0 -4 0 1-4cyls.dat
1 16 0 48 -76 0 0 -4 4 0 0 0 -4 0 1-4cyls.dat
1 16 0 48 -76 0 0 4 4 0 0 0 -4 0 1-4cyls.dat
1 16 0 48 -84 0 0 -4 -4 0 0 0 4 0 1-4cyls.dat
1 16 0 48 -84 0 0 4 -4 0 0 0 4 0 1-4cyls.dat
1 16 0 48 -84 0 0 -4 4 0 0 0 4 0 1-4cyls.dat
1 16 0 48 -84 0 0 4 4 0 0 0 4 0 1-4cyls.dat
1 16 0 48 -80 4 0 0 0 0.707 -4 0 0.707 4 4-4edge.dat
1 16 0 48 -80 4 0 0 0 -0.707 4 0 0.707 4 4-4edge.dat
1 16 0 4 -80 0 0 -4 0 -4 0 4 0 0 1-4cyls.dat
1 16 0 4 -80 0 0 4 0 -4 0 4 0 0 1-4cyls.dat
1 16 0 -4 -80 0 0 -4 0 4 0 4 0 0 1-4cyls.dat
1 16 0 -4 -80 0 0 4 0 4 0 4 0 0 1-4cyls.dat
1 16 0 0 -76 0 0 -4 -4 0 0 0 -4 0 1-4cyls.dat
1 16 0 0 -76 0 0 4 -4 0 0 0 -4 0 1-4cyls.dat
1 16 0 0 -76 0 0 -4 4 0 0 0 -4 0 1-4cyls.dat
1 16 0 0 -76 0 0 4 4 0 0 0 -4 0 1-4cyls.dat
1 16 0 0 -80 4 0 0 0 0.707 -4 0 0.707 4 2-4edge.dat
1 16 0 0 -80 4 0 0 0 -0.707 4 0 0.707 4 2-4edge.dat
1 16 0 -4 -80 4 0 0 0 8 0 0 0 -4 2-4cyli.dat
1 16 11 5 -92 0 1 0 6 0 0 0 0 6 4-4disc.dat
1 16 11 5 -92 0 1 0 6 0 0 0 0 6 4-4edge.dat
1 16 11 5 -92 0 -5 0 6 0 0 0 0 6 4-4cyli.dat
1 16 6 5 -92 0 -1 0 6 0 0 0 0 6 2-4disc.dat
1 16 6 5 -92 0 -1 0 6 0 0 0 0 6 2-4edge.dat
1 16 6 5 -92 0 -4 0 6 0 0 0 0 -6 2-4cyli.dat
1 16 2 5 -92 0 -4 0 6 0 0 0 0 -6 2-4edge.dat
4 16 2 -1 -92 2 11 -92 6 11 -92 6 -1 -92 
2 24 2 11 -92 6 11 -92
2 24 2 -1 -92 6 -1 -92
2 24 6 -1 -92 6 11 -92

2 24 -2 -2 -93 -2 12 -93
2 24 -2 12 -93 -2 12 -95.5
2 24 -2 12 -95.5 -2 -2 -95.5
2 24 -2 -2 -95.5 -2 -2 -93
1 16 -4 5 -93 0.765 0 1.848 1.848 0 -0.765 0 1 0 3-8edge.dat
1 16 -4 5 -93 -0.765 0 1.847 1.847 0 0.765 0 1 0 1-8edge.dat
1 16 -4 5 -93 -0.765 0 1.847 -1.847 0 -0.765 0 1 0 1-8edge.dat
1 16 -7.5 9 -93 0 0 -1.5 1.5 0 0 0 1 0 2-4edge.dat
1 16 -7.5 1 -93 0 0 -1.5 1.5 0 0 0 1 0 2-4edge.dat
2 24 -2 -2 -93 -7.5 -0.5 -93
2 24 -7.5 2.5 -93 -4.765 3.152 -93
2 24 -7.5 7.5 -93 -4.765 6.848 -93
2 24 -2 12 -93 -7.5 10.5 -93
1 16 -4 5 -95.5 0.765 0 1.848 1.848 0 -0.765 0 1 0 3-8edge.dat
1 16 -4 5 -95.5 -0.765 0 1.847 1.847 0 0.765 0 1 0 1-8edge.dat
1 16 -4 5 -95.5 -0.765 0 1.847 -1.847 0 -0.765 0 1 0 1-8edge.dat
1 16 -7.5 9 -95.5 0 0 -1.5 1.5 0 0 0 1 0 2-4edge.dat
1 16 -7.5 1 -95.5 0 0 -1.5 1.5 0 0 0 1 0 2-4edge.dat
2 24 -2 -2 -95.5 -7.5 -0.5 -95.5
2 24 -7.5 2.5 -95.5 -4.765 3.152 -95.5
2 24 -7.5 7.5 -95.5 -4.765 6.848 -95.5
2 24 -2 12 -95.5 -7.5 10.5 -95.5
1 16 -4 5 -95.5 0.765 0 1.848 1.848 0 -0.765 0 2.5 0 3-8cyli.dat
1 16 -4 5 -95.5 -0.765 0 1.847 1.847 0 0.765 0 2.5 0 1-8cyli.dat
1 16 -4 5 -95.5 -0.765 0 1.847 -1.847 0 -0.765 0 2.5 0 1-8cyli.dat
1 16 -7.5 9 -95.5 0 0 -1.5 1.5 0 0 0 2.5 0 2-4cyli.dat
1 16 -7.5 1 -95.5 0 0 -1.5 1.5 0 0 0 2.5 0 2-4cyli.dat
4 16 -2 -2 -95.5 -7.5 -0.5 -95.5 -7.5 -0.5 -93 -2 -2 -93
4 16 -7.5 2.5 -95.5 -4.765 3.152 -95.5 -4.765 3.152 -93 -7.5 2.5 -93
4 16 -7.5 7.5 -95.5 -4.765 6.848 -95.5 -4.765 6.848 -93 -7.5 7.5 -93
4 16 -2 12 -95.5 -7.5 10.5 -95.5 -7.5 10.5 -93 -2 12 -93
1 16 -7.5 9 -95.5 0 0 -1.5 1.5 0 0 0 1 0 2-4disc.dat
1 16 -7.5 1 -95.5 0 0 -1.5 1.5 0 0 0 1 0 2-4disc.dat
1 16 -4 5 -95.5 0 0 2 2 0 0 0 1 0 1-4ndis.dat
1 16 -4 5 -95.5 0 0 2 -2 0 0 0 1 0 1-4ndis.dat
4 16 -2 12 -95.5 -2 7 -95.5 -4 7 -95.5 -7.5 10.5 -95.5
4 16 -7.5 10.5 -95.5 -4 7 -95.5 -4.765 6.848 -95.5 -7.5 7.5 -95.5
4 16 -2 -2 -95.5 -2 3 -95.5 -4 3 -95.5 -7.5 -0.5 -95.5
4 16 -7.5 -0.5 -95.5 -4 3 -95.5 -4.765 3.152 -95.5 -7.5 2.5 -95.5
1 16 -7.5 9 -93 0 0 -1.5 1.5 0 0 0 1 0 2-4disc.dat
1 16 -7.5 1 -93 0 0 -1.5 1.5 0 0 0 1 0 2-4disc.dat
1 16 -4 5 -93 0 0 2 2 0 0 0 1 0 1-4ndis.dat
1 16 -4 5 -93 0 0 2 -2 0 0 0 1 0 1-4ndis.dat
4 16 -2 12 -93 -2 7 -93 -4 7 -93 -7.5 10.5 -93
4 16 -7.5 10.5 -93 -4 7 -93 -4.765 6.848 -93 -7.5 7.5 -93
4 16 -2 -2 -93 -2 3 -93 -4 3 -93 -7.5 -0.5 -93
4 16 -7.5 -0.5 -93 -4 3 -93 -4.765 3.152 -93 -7.5 2.5 -93
0
