0 Jack Base
0 Name: 4629.dat
0 Author: Tore Eriksson [Tore_Eriksson]
0 !LDRAW_ORG Part UPDATE 1997-16
0 !LICENSE Redistributable under CCAL version 2.0 : see CAreadme.txt

0 !HELP (lifter = 4627, handle = 4628, base = 4629)
0 !HELP hole at base: -35 -15.5 0   ->  handle: 0 0 0
0 !HELP Examples:
0 !HELP Jack Assembly - lowered
0 !HELP 1 1  0 0 0  1 0 0  0 1 0  0 0 1 4629.dat
0 !HELP 1 1  -25 -10.5 0  1 0 0  0 1 0  0 0 1 4627.dat
0 !HELP 1 1  -35 -15.5 0  1 0 0   0 1 0  0 0 1 4628.dat
0 !HELP Jack Assembly - raised
0 !HELP 1 1  0 0 0  1 0 0  0 1 0  0 0 1 4629.dat
0 !HELP 1 1  -25 -10.5 0  0.906 0.423 0  -0.423 0.906 0  0 0 1 4627.dat
0 !HELP 1 1  -35 -15.5 0  0 1 0  -1 0 0  0 0 1 4628.dat

0 !HISTORY 1997-10-29 [PTadmin] Official Update 1997-16
0 !HISTORY 2007-07-08 [PTadmin] Header formatted for Contributor Agreement
0 !HISTORY 2008-07-01 [PTadmin] Official Update 2008-01

2 24  -45 0 -10  -33 0 -10
2 24  -17 0 -10   45 0 -10
0 2 24   45 0 -10  45 0 10
2 24  -17 0 10   45 0 10
2 24  -45 0 10  -33 0 10
2 24  -45 0 -6  41 0 -6
2 24   41 0 -6  41 0 6
2 24  -45 0 6  41 0 6
2 24  -45 0 -10  -45 0 -6
2 24  -45 0 6  -45 0 10
2 24  -33 0 -10  -33 0 -20
2 24  -17 0 -10  -17 0 -20
2 24  -33 0 10  -33 0 20
2 24  -17 0 10  -17 0 20
2 24  -31 0 -10  -31 0 -20
2 24  -19 0 -10  -19 0 -20
2 24  -31 0 10  -31 0 20
2 24  -19 0 10  -19 0 20
1 16  -25 0 -20  8 0 0  0 0 0  0 0 -8 2-4edge.dat
1 16  -25 0  20  8 0 0  0 0 0  0 0  8 2-4edge.dat
1 16  -25 0 -20  6 0 0  0 0 0  0 0 -6 2-4edge.dat
1 16  -25 0  20  6 0 0  0 0 0  0 0  6 2-4edge.dat
4 16 -45 0 -10  45 0 -10  41 0 -6  -45 0 -6
4 16 -45 0  10  45 0  10  41 0  6  -45 0  6
4 16 45 0 -10  41 0  -6  41 0  6  45 0 10
4 16 -33 0 -10  -33 0 -20  -31 0 -20  -31 0 -10
4 16 -17 0 -10  -17 0 -20  -19 0 -20  -19 0 -10
4 16 -33 0  10  -33 0  20  -31 0  20  -31 0  10
4 16 -17 0  10  -17 0  20  -19 0  20  -19 0  10
4 16 -31 0 -20 -30.52 0 -22.28 -32.36 0 -23.04 -33 0 -20
4 16 -30.52 0 -22.28 -29.2 0 -24.2 -30.6 0 -25.6 -32.36 0 -23.04
4 16 -29.2 0 -24.2 -27.28 0 -25.52 -28.04 0 -27.36 -30.6 0 -25.6
4 16 -27.28 0 -25.52 -25 0 -26 -25 0 -28 -28.04 0 -27.36
4 16 -25 0 -26 -22.72 0 -25.52 -21.96 0 -27.36 -25 0 -28
4 16 -22.72 0 -25.52 -20.8 0 -24.2 -19.4 0 -25.6 -21.96 0 -27.36
4 16 -20.8 0 -24.2 -19.48 0 -22.28 -17.64 0 -23.04 -19.4 0 -25.6
4 16 -19.48 0 -22.28 -19 0 -20 -17 0 -20 -17.64 0 -23.04
4 16 -25 0 26 -27.28 0 25.52 -28.04 0 27.36 -25 0 28
4 16 -27.28 0 25.52 -29.2 0 24.2 -30.6 0 25.6 -28.04 0 27.36
4 16 -29.2 0 24.2 -30.52 0 22.28 -32.36 0 23.04 -30.6 0 25.6
4 16 -30.52 0 22.28 -31 0 20 -33 0 20 -32.36 0 23.04
4 16 -19 0 20 -19.48 0 22.28 -17.64 0 23.04 -17 0 20
4 16 -19.48 0 22.28 -20.8 0 24.2 -19.4 0 25.6 -17.64 0 23.04
4 16 -20.8 0 24.2 -22.72 0 25.52 -21.96 0 27.36 -19.4 0 25.6
4 16 -22.72 0 25.52 -25 0 26 -25 0 28 -21.96 0 27.36
1 16  -25 -2.75 -12  2 0 0  0 2.25 0  0 0 2  box.dat
1 16  -25 -2.75  12  2 0 0  0 2.25 0  0 0 2  box.dat
1 16 -15 -6 0  1 0 0 0 -1 0 0 0 1 stud3.dat
1 16   5 -6 0  1 0 0 0 -1 0 0 0 1 stud3.dat
1 16  25 -6 0  1 0 0 0 -1 0 0 0 1 stud3.dat
4 16 -31 0 -10  -31 0 -20  -31 -6 -20  -31 -6 -10
4 16 -31 0  10  -31 0  20  -31 -6  20  -31 -6  10
4 16 -19 0 -10  -19 0 -20  -19 -6 -20  -19 -6 -10
4 16 -19 0  10  -19 0  20  -19 -6  20  -19 -6  10
1 16 -25 0 -20 6 0 0  0 -6 0  0 0 -6  2-4cyli.dat
1 16 -25 0  20 6 0 0  0 -6 0  0 0  6  2-4cyli.dat
4 16  41 0 -6  41 0 6  41 -6 6  41 -6 -6
4 16  41 0 -6  -45 0 -6  -45 -6 -6  41 -6 -6
4 16  41 0  6  -45 0  6  -45 -6  6  41 -6  6
1 16  -43 -6 0  2 0 0  0 0 0  0 0 6 rect.dat
1 16 10 -6 0  31 0 0  0 0 0 0 0 6  rect.dat
2 24  -45 0 -6  -45 -6 -6
2 24  -45 0  6  -45 -6  6
2 24   41 0 -6   41 -6 -6
2 24   41 0  6   41 -6  6
1 16  -25 -3 -10  6 0 0  0 0 3  0 0 0  rect.dat
1 16  -25 -3  10  6 0 0  0 0 3  0 0 0  rect.dat
2 24  -31 -6 -10  -31 -6 -20
2 24  -19 -6 -10  -19 -6 -20
2 24  -31 -6 10  -31 -6 20
2 24  -19 -6 10  -19 -6 20
4 16  -31 -6 -10  -31 -6 -20  -19 -6 -20  -19 -6 -10
4 16  -31 -6  10  -31 -6  20  -19 -6  20  -19 -6  10
1 16  -25 -6 -20  6 0 0  0 0 0  0 0 -6 2-4edge.dat
1 16  -25 -6  20  6 0 0  0 0 0  0 0  6 2-4edge.dat
1 16  -25 -6 -20  6 0 0  0 0 0  0 0 -6 2-4disc.dat
1 16  -25 -6  20  6 0 0  0 0 0  0 0  6 2-4disc.dat
4 16  -33 0 -10  -33 0 -20  -33 -8 -20  -33 -8 -10
4 16  -33 0  10  -33 0  20  -33 -8  20  -33 -8  10
4 16  -17 0 -10  -17 0 -20  -17 -8 -20  -17 -8 -10
4 16  -17 0  10  -17 0  20  -17 -8  20  -17 -8  10
1 16  -25 0 -20 8 0 0  0 -8 0  0 0 -8  2-4cyli.dat
1 16  -25 0  20 8 0 0  0 -8 0  0 0  8  2-4cyli.dat
2 24  -33 0 -10  -33 -8 -10
2 24  -17 0 -10  -17 -8 -10
2 24  -33 0  10  -33 -8  10
2 24  -17 0  10  -17 -8  10
4 16  -17 0 -10  37 0 -10  37 -8 -8  -17 -8 -10
4 16  37 0 -10  38 0 -10  38 -7 -10  37 -8 -10
4 16  38 0 -10  45 0 -10  45 -7 -10  38 -7 -10
1 16  45 -3.5 0  0 0 0  3.5 0 0  0 0 10  rect.dat
4 16  38 0  10  45 0  10  45 -7  10  38 -7  10
4 16  37 0  10  38 0  10  38 -7  10  37 -8  10
4 16  -17 0  10  37 0  10  37 -8  10  -17 -8  10
4 16   45 -7 -10  38 -7 -10  38 -7 10  45 -7 10
4 16   38 -7 -10  37 -8 -10  37 -8 10 38 -7 10
4 16  -21 -8 -10  37 -8 -10  37 -8 10  -21 -8 10
4 16  -21 -6 -6  -21 -6 6  -21 -8 6  -21 -8 -6
2 24  -21 -8 6  -21 -8 -6
2 24  -21 -6 -6  -21 -8 -6
2 24  -21 -6  6  -21 -8  6
2 24  -33 -8 -10  -33 -8 -20
2 24  -17 -8 -10  -17 -8 -20
2 24  -33 -8  10  -33 -8  20
2 24  -17 -8  10  -17 -8  20
1 16  -25 -8 -20  8 0 0  0 0 0  0 0 -8 2-4edge.dat
1 16  -25 -8  20  8 0 0  0 0 0  0 0  8 2-4edge.dat
2 24   37 -8 -10  37 -8 10
2 24  -33 -8 -10  37 -8 -10
2 24   37 -8 -10  38 -7 -10
2 24   38 -7 -10  45 -7 -10
2 24   38 -7 10  45 -7 10
2 24   37 -8 10  38 -7 10
2 24  -33 -8 10  37 -8 10
4 16  -33 -8 -10  -33 -8 -20  -17 -8 -20  -17 -8 -10
4 16  -33 -8  10  -33 -8  20  -17 -8  20  -17 -8  10
1 16  -25 -8 -20  8 0 0  0 0 0  0 0 -8 2-4disc.dat
1 16  -25 -8  20  8 0 0  0 0 0  0 0  8 2-4disc.dat
2 24  -17 -8 -6  -21 -8 -6
2 24  -17 -8  6  -21 -8  6
1 16  -25 -10.5 -10  2.5 0 0  0 0 2.5  0 0 0  4-4ndis.dat
1 16  -25 -10.5 -10  2.5 0 0  0 0 2.5  0 0 0  4-4edge.dat
1 16  -25 -10.5  -6  2.5 0 0  0 0 2.5  0 0 0  4-4ndis.dat
1 16  -25 -10.5  -6  2.5 0 0  0 0 2.5  0 0 0  4-4edge.dat
1 16  -25 -10.5 -10  2.5 0 0  0 0 2.5  0 4 0  4-4cyli.dat
1 16  -25 -10.5   6  2.5 0 0  0 0 2.5  0 0 0  4-4ndis.dat
1 16  -25 -10.5   6  2.5 0 0  0 0 2.5  0 0 0  4-4edge.dat
1 16  -25 -10.5  10  2.5 0 0  0 0 2.5  0 0 0  4-4ndis.dat
1 16  -25 -10.5  10  2.5 0 0  0 0 2.5  0 0 0  4-4edge.dat
1 16  -25 -10.5   6  2.5 0 0  0 0 2.5  0 4 0  4-4cyli.dat
4 16  -45 0 -10  -27.5 0 -10  -27.5 -13 -10  -45 -13 -10
4 16  -45 0  -6  -27.5 0  -6  -27.5 -13  -6  -45 -13  -6
4 16  -45 0   6  -27.5 0   6  -27.5 -13   6  -45 -13   6
4 16  -45 0  10  -27.5 0  10  -27.5 -13  10  -45 -13  10
4 16 -22.5 -8 -10  -17 -8 -10  -17 -13 -10  -22.5 -13 -10
4 16 -22.5 -8  -6  -17 -8  -6  -17 -13  -6  -22.5 -13  -6
4 16 -17 -8 -10  -17 -8 -6  -17 -13 -6  -17 -13 -10
4 16 -22.5 -8   6  -17 -8   6  -17 -13   6  -22.5 -13   6
4 16 -22.5 -8  10  -17 -8  10  -17 -13  10  -22.5 -13  10
4 16 -17 -8 10  -17 -8 6  -17 -13 6  -17 -13 10
2 24 -17 -6 -10 -17 -13 -10
2 24 -17 -8  -6 -17 -13  -6
2 24 -17 -8   6 -17 -13   6
2 24 -17 -6  10 -17 -13  10
2 24 -17 -8 -10  -17 -8 -6
2 24 -17 -8  10  -17 -8  6
2 24 -45 0 -10  -45 -18 -10
2 24 -45 0  10  -45 -18  10
2 24 -41 -6 -6  -41 -18 -6
2 24 -41 -6  6  -41 -18  6
4 16 -45 0 -10  -45 -18 -10  -45 -18 -6  -45 0 -6
4 16 -45 0  10  -45 -18  10  -45 -18  6  -45 0  6
4 16 -45 -6 -6  -45 -12 -6  -45 -12 6 -45 -6 6
4 16 -41 -6 -6  -39 -12 -6  -39 -12 6 -39 -6 6
1 16 -45 -18 0  0 0 0  0 0 6  6 0 0  2-4edge.dat
1 16 -45 -18 0  0 0 0  0 0 6  6 0 0  2-4ndis.dat
1 16 -41 -18 0  0 0 0  0 0 6  6 0 0  2-4edge.dat
1 16 -41 -18 0  0 0 0  0 0 6  6 0 0  2-4ndis.dat
1 16 -45 -18 0  0 4 0  0 0 6  6 0 0  2-4cyli.dat
1 16 -37 -18 -10  -8 0 0  0 0 -8 0 0 0  1-4edge.dat
1 16 -37 -18 -10  -8 0 0  0 0 -8 0 0 0  1-4disc.dat
1 16 -37 -18  -6  -8 0 0  0 0 -8 0 0 0  1-4edge.dat
1 16 -37 -18  -6  -8 0 0  0 0 -8 0 0 0  1-4disc.dat
1 16 -37 -18 -10  -8 0 0  0 0 -8 0 4 0  1-4cyli.dat
1 16 -37 -18   6  -8 0 0  0 0 -8 0 0 0  1-4edge.dat
1 16 -37 -18   6  -8 0 0  0 0 -8 0 0 0  1-4disc.dat
1 16 -37 -18  10  -8 0 0  0 0 -8 0 0 0  1-4edge.dat
1 16 -37 -18  10  -8 0 0  0 0 -8 0 0 0  1-4disc.dat
1 16 -37 -18   6  -8 0 0  0 0 -8 0 4 0  1-4cyli.dat
1 16 -35 -15.5 -10  2.5 0 0  0 0 2.5  0 0 0  4-4edge.dat
1 16 -35 -15.5 -10  2.5 0 0  0 0 2.5  0 0 0  4-4ndis.dat
1 16 -35 -15.5  -6  2.5 0 0  0 0 2.5  0 0 0  4-4edge.dat
1 16 -35 -15.5  -6  2.5 0 0  0 0 2.5  0 0 0  4-4ndis.dat
1 16 -35 -15.5 -10  2.5 0 0  0 0 2.5  0 4 0  4-4cyli.dat
1 16 -35 -15.5   6  2.5 0 0  0 0 2.5  0 0 0  4-4edge.dat
1 16 -35 -15.5   6  2.5 0 0  0 0 2.5  0 0 0  4-4ndis.dat
1 16 -35 -15.5  10  2.5 0 0  0 0 2.5  0 0 0  4-4edge.dat
1 16 -35 -15.5  10  2.5 0 0  0 0 2.5  0 0 0  4-4ndis.dat
1 16 -35 -15.5   6  2.5 0 0  0 0 2.5  0 4 0  4-4cyli.dat
4 16 -45 -13 -10  -37.5 -13 -10  -37.5 -18 -10  -45 -18 -10
4 16 -41 -13  -6  -37.5 -13  -6  -37.5 -18  -6  -41 -18  -6
4 16 -41 -13   6  -37.5 -13   6  -37.5 -18   6  -41 -18   6
4 16 -45 -13  10  -37.5 -13  10  -37.5 -18  10  -45 -18  10
4 16 -18 -6 -6  -27.5 -6 -6  -27.5 -8 -6  -18 -8 -6
4 16 -18 -6  6  -27.5 -6  6  -27.5 -8  6  -18 -8  6
4 16 -32.5 -13 -10  -17 -13 -10  -17 -13 -10  -32.5 -13 -10
4 16 -32.5 -13 -10  -25 -13 -10  -21.31 -20.1 -10  -32.5 -18 -10
2 24 -33.62 -25.25 -10  -21.31 -20.1 -10
4 16 -37 -18 -10  -33.62 -25.25 -10  -21.31 -20.1 -10  -32.5 -18 -10
4 16 -32.5 -13 -6  -17 -13 -6  -17 -13 -6  -32.5 -13 -6
4 16 -32.5 -13 -6  -25 -13 -6  -21.31 -20.1 -6  -32.5 -18 -6
2 24 -33.62 -25.25 -6  -21.31 -20.1 -6
4 16 -37 -18 -6  -33.62 -25.25 -6  -21.31 -20.1 -6  -32.5 -18 -6
4 16  -33.62 -25.25 -10  -21.31 -20.1 -10  -21.31 -20.1 -6  -33.62 -25.25 -6
4 16 -32.5 -13 6  -17 -13 6  -17 -13 6  -32.5 -13 6
4 16 -32.5 -13 6  -25 -13 6  -21.31 -20.1 6  -32.5 -18 6
2 24 -33.62 -25.25 6  -21.31 -20.1 6
4 16 -37 -18 6  -33.62 -25.25 6  -21.31 -20.1 6  -32.5 -18 6
4 16 -32.5 -13 10  -17 -13 10  -17 -13 10  -32.5 -13 10
4 16 -32.5 -13 10  -25 -13 10  -21.31 -20.1 10  -32.5 -18 10
2 24 -33.62 -25.25 10  -21.31 -20.1 10
4 16 -37 -18 10  -33.62 -25.25 10  -21.31 -20.1 10  -32.5 -18 10
4 16  -33.62 -25.25  10  -21.31 -20.1  10  -21.31 -20.1  6  -33.62 -25.25  6
2 24  -37 -26 -10  -33.62 -25.25 -10
2 24  -37 -26  -6  -33.62 -25.25  -6
2 24  -37 -26   6  -33.62 -25.25   6
2 24  -37 -26  10  -33.62 -25.25  10
3 16 -37 -18 -10  -37 -26 -10  -33.62 -25.25 -10
3 16 -37 -18  -6  -37 -26  -6  -33.62 -25.25  -6
3 16 -37 -18   6  -37 -26   6  -33.62 -25.25   6
3 16 -37 -18  10  -37 -26  10  -33.62 -25.25  10
4 16  -37 -26 -10  -33.62 -25.25 -10  -33.62 -25.25 -6  -37 -26 -6
4 16  -37 -26  10  -33.62 -25.25  10  -33.62 -25.25  6  -37 -26  6
2 24  -17 -13 -10  -17.61 -16.25 -10
2 24  -17 -13  -6  -17.61 -16.25  -6
2 24  -17 -13   6  -17.61 -16.25   6
2 24  -17 -13  10  -17.61 -16.25  10
2 24  -17.61 -16.25 -10  -19.34 -18.66 -10
2 24  -17.61 -16.25  -6  -19.34 -18.66  -6
2 24  -17.61 -16.25   6  -19.34 -18.66   6
2 24  -17.61 -16.25  10  -19.34 -18.66  10
4 16  -25 -13 -10  -17 -13 -10  -17.61 -16.25 -10  -19.34 -18.66 -10
4 16  -25 -13  -6  -17 -13  -6  -17.61 -16.25  -6  -19.34 -18.66  -6
4 16  -25 -13   6  -17 -13   6  -17.61 -16.25   6  -19.34 -18.66   6
4 16  -25 -13  10  -17 -13  10  -17.61 -16.25  10  -19.34 -18.66  10
4 16  -17 -13 -10  -17.61 -16.25 -10  -17.61 -16.25 -6  -17 -13 -6
4 16  -17 -13  10  -17.61 -16.25  10  -17.61 -16.25  6  -17 -13  6
4 16  -17.61 -16.25  -10  -19.34 -18.66 -10  -19.34 -18.66 -6  -17.61 -16.25  -6
4 16  -17.61 -16.25   10  -19.34 -18.66  10  -19.34 -18.66  6  -17.61 -16.25   6
4 16  -19.34 -18.66 -10  -21.31 -20.1 -10  -21.31 -20.1 -6  -19.34 -18.66 -6
4 16  -19.34 -18.66  10  -21.31 -20.1  10  -21.31 -20.1  6  -19.34 -18.66  6
2 24  -19.34 -18.66 -10  -21.31 -20.1 -10
2 24  -19.34 -18.66  -6  -21.31 -20.1  -6
2 24  -19.34 -18.66   6  -21.31 -20.1   6
2 24  -19.34 -18.66  10  -21.31 -20.1  10
3 16  -25 -13 -10  -19.34 -18.66 -10  -21.31 -20.1 -10
3 16  -25 -13  -6  -19.34 -18.66  -6  -21.31 -20.1  -6
3 16  -25 -13   6  -19.34 -18.66   6  -21.31 -20.1   6
3 16  -25 -13  10  -19.34 -18.66  10  -21.31 -20.1  10
