0 Minifig Bicycle Frame (needs work)
0 Name: 4719.dat
0 Author: Tore Eriksson [Tore_Eriksson]
0 !LDRAW_ORG Part UPDATE 2010-03
0 !LICENSE Redistributable under CCAL version 2.0 : see CAreadme.txt

0 !HELP rear wheel at  0 30 0
0 !HELP front wheel at  0 30 -86
0 !HELP minifig r-leg
0 !HELP 1 33 0 3 -31 1 0 0 0 0.9267 0.3757 0 -0.3757 0.9267 3816.dat
0 !HELP minifig hips
0 !HELP 1 47 0 -9 -31 1 0 0 0 1 0 0 0 1 3815.dat
0 !HELP hip joint at (0 3 -31) v=22.07 degs
0 !HELP sin(v)=0.3757, cos(v)=0.9267

0 BFC CERTIFY CW

0 !HISTORY 2006-08-17 [WilliamH] BFCed
0 !HISTORY 2008-08-05 [Tore_Eriksson] Changed to default color on two triangles
0 !HISTORY 2010-12-31 [PTadmin] Official Update 2010-03

0 // To do:
0 // Several missing edge lines around the tube parts


1 16 0 -4 0 6 0 0 0 1 0 0 0 6 4-4edge.dat
1 16 0 0 0 6 0 0 0 1 0 0 0 6 4-4edge.dat
1 16 0 -4 0 6 0 0 0 1 0 0 0 6 4-4disc.dat
1 16 0 0 0 6 0 0 0 -1 0 0 0 6 4-4disc.dat
1 16 0 -4 0 6 0 0 0 4 0 0 0 6 4-4cyli.dat
2 24 -4 0 10 4 0 10
2 24 -4 4 10 4 4 10
2 24 -4 0 10 -4 4 10
2 24 4 0 10 4 4 10
4 16 -4 4 10 4 4 10 4 0 10 -4 0 10
2 24 4 0 10 4 0 -18
2 24 -4 0 10 -4 0 -18
2 24 4 4 10 4 4 -4
2 24 -4 4 10 -4 4 -4
2 24 4 4 -4 4 4.9 -7
2 24 -4 4 -4 -4 4.9 -7
2 24 4 4.9 -7 4 6.5 -10
2 24 -4 4.9 -7 -4 6.5 -10
2 24 4 6.5 -10 4 7.2 -10.8
2 24 -4 6.5 -10 -4 7.2 -10.8
3 16 4 0 -18 4 4 -4 4 4.9 -7
3 16 -4 4.9 -7 -4 4 -4 -4 0 -18
3 16 4 0 -18 4 4.9 -7 4 6.5 -10
3 16 -4 6.5 -10 -4 4.9 -7 -4 0 -18
3 16 4 0 -18 4 6.5 -10 4 7.2 -10.8
3 16 -4 7.2 -10.8 -4 6.5 -10 -4 0 -18
4 16 4 0 10 4 4 10 4 4 -4 4 0 -18
4 16 -4 0 -18 -4 4 -4 -4 4 10 -4 0 10
1 16 4 30 0 0 1 0 2 0 0 0 0 2 4-4edge.dat
1 16 -4 30 0 0 1 0 2 0 0 0 0 2 4-4edge.dat
1 16 8 30 0 0 1 0 2 0 0 0 0 2 4-4edge.dat
1 16 -8 30 0 0 1 0 2 0 0 0 0 2 4-4edge.dat
0 BFC INVERTNEXT
1 16 4 30 0 0 4 0 2 0 0 0 0 2 4-4cyli.dat
0 BFC INVERTNEXT
1 16 -4 30 0 0 -4 0 2 0 0 0 0 2 4-4cyli.dat
1 16 4 30 0 0 1 0 4 0 0 0 0 4 1-4edge.DAT
1 16 -4 30 0 0 1 0 4 0 0 0 0 4 1-4edge.DAT
1 16 4 30 0 0 1 0 0 0 -4 4 0 0 1-8edge.dat
1 16 -4 30 0 0 1 0 0 0 -4 4 0 0 1-8edge.dat
1 16 8 30 0 0 1 0 4 0 0 0 0 4 4-4edge.dat
1 16 -8 30 0 0 1 0 4 0 0 0 0 4 4-4edge.dat
1 16 4 30 0 0 4 0 4 0 0 0 0 4 4-4cyli.dat
1 16 -4 30 0 0 -4 0 4 0 0 0 0 4 4-4cyli.dat
1 16 4 30 0 0 1 0 2 0 0 0 0 2 4-4ring1.dat
1 16 -4 30 0 0 -1 0 2 0 0 0 0 2 4-4ring1.dat
1 16 8 30 0 0 -1 0 2 0 0 0 0 2 4-4ring1.dat
1 16 -8 30 0 0 1 0 2 0 0 0 0 2 4-4ring1.dat
1 16 4 4 -18 0 0 4 2.2768 22.7092 0 -3.2888 15.7213 0 2-4cyli.dat
1 16 -4 4 -18 0 0 -4 2.2768 22.7092 0 -3.2888 15.7213 0 2-4cyli.dat
1 16 4 4 -18 0 0 4 2.2768 -3.2888 0 -3.2888 -2.2768 0 2-8sphe.dat
1 16 -4 4 -18 0 0 -4 2.2768 -3.2888 0 -3.2888 -2.2768 0 2-8sphe.dat
1 16 4 30 -0.0019 0 1 0 2.2768 0 -3.2888 -3.2888 0 -2.2768 2-4ndis.dat
1 16 -4 30 -0.0019 0 -1 0 2.2768 0 -3.2888 -3.2888 0 -2.2768 2-4ndis.dat
4 16 4 28.986 -5.5675 4 24.4324 1.0101 4 1.7232 -14.7112 4 6.2768 -21.2888
4 16 -4 6.2768 -21.2888 -4 1.7232 -14.7112 -4 24.4324 1.0101 -4 28.986 -5.5675
2 24 4 6.2768 -21.2888 4 27.3416 -6.7059
2 24 -4 6.2768 -21.2888 -4 27.3416 -6.7059
2 24 4 1.7232 -14.7112 4 27.7212 3.2869
2 24 -4 1.7232 -14.7112 -4 27.7212 3.2869
1 16 4 26.7092 -2.2787 4 0 0 0 3.2888 2.2768 0 2.2768 -3.2888 1-4cyls.dat
1 16 4 26.7092 -2.2787 4 0 0 0 3.2888 -2.2768 0 2.2768 3.2888 1-4cyls.dat
1 16 4 30 0 4 1 0 -3.2888 0 2.2768 -2.2768 0 -3.2888 1-4edge.DAT
1 16 4 30 0 4 1 0 -3.2888 0 -2.2768 -2.2768 0 3.2888 1-4edge.DAT
1 16 -4 26.7092 -2.2787 -4 0 0 0 3.2888 2.2768 0 2.2768 -3.2888 1-4cyls.dat
1 16 -4 26.7092 -2.2787 -4 0 0 0 3.2888 -2.2768 0 2.2768 3.2888 1-4cyls.dat
1 16 -4 30 0 -4 1 0 -3.2888 0 2.2768 -2.2768 0 -3.2888 1-4edge.DAT
1 16 -4 30 0 -4 1 0 -3.2888 0 -2.2768 -2.2768 0 3.2888 1-4edge.DAT
1 16 4 30.8496 -3.908 4 0 0 0 -0.8496 3.908 0 3.908 0.8496 1-4cyls.dat
1 16 4 30.8496 -3.908 4 0 0 0 -0.8496 -3.908 0 3.908 -0.8496 1-4cyls.dat
1 16 4 30 0 4 1 0 0.8496 0 3.908 -3.908 0 0.8496 1-4edge.DAT
1 16 4 30 0 4 1 0 0.8496 0 -3.908 -3.908 0 -0.8496 1-4edge.DAT
1 16 -4 30.8496 -3.908 -4 0 0 0 -0.8496 3.908 0 3.908 0.8496 1-4cyls.dat
1 16 -4 30.8496 -3.908 -4 0 0 0 -0.8496 -3.908 0 3.908 -0.8496 1-4cyls.dat
1 16 -4 30 0 -4 1 0 0.8496 0 3.908 -3.908 0 0.8496 1-4edge.DAT
1 16 -4 30 0 -4 1 0 0.8496 0 -3.908 -3.908 0 -0.8496 1-4edge.DAT
3 16 4 34.7576 -3.0584 4 30.8496 -3.908 4 27.3416 -6.7059
3 16 -4 27.3416 -6.7059 -4 30.8496 -3.908 -4 34.7576 -3.0584
1 16 4 40 -46 0 0 4 3.908 -9.14807 0 0.8496 42.0794 0 2-4cyli.dat
1 16 -4 40 -46 0 0 -4 3.908 -9.14807 0 0.8496 42.0794 0 2-4cyli.dat
1 16 8 40 -46 0 1 0 4 0 0 0 0 4 4-4edge.dat
1 16 -8 40 -46 0 1 0 4 0 0 0 0 4 4-4edge.dat
1 16 8 40 -46 0 -1 0 4 0 0 0 0 4 4-4disc.dat
1 16 -8 40 -46 0 1 0 4 0 0 0 0 4 4-4disc.dat
1 16 2 40 -46 0 1 0 8 0 0 0 0 8 4-4edge.dat
1 16 -2 40 -46 0 1 0 8 0 0 0 0 8 4-4edge.dat
1 16 2 40 -46 0 -1 0 8 0 0 0 0 8 4-4disc.dat
1 16 -2 40 -46 0 1 0 8 0 0 0 0 8 4-4disc.dat
1 16 4 30 0 0 1 0 0.8496 0 3.908 -3.908 0 0.8496 1-4ndis.dat
1 16 -4 30 0 0 -1 0 0.8496 0 3.908 -3.908 0 0.8496 1-4ndis.dat
2 24 4 6.42 -73.51 -4 6.42 -73.51
2 24 4 3.78 -81.062 -4 3.78 -81.062
2 24 4 6.612 -82.052 -4 6.612 -82.052
2 24 4 9.252 -74.5 -4 9.252 -74.5
4 16 4 6.42 -73.51 4 3.78 -81.062 -4 3.78 -81.062 -4 6.42 -73.51
4 16 4 6.612 -82.052 4 9.252 -74.5 -4 9.252 -74.5 -4 6.612 -82.052
4 16 -4 6.42 -73.51 -4 9.252 -74.5 4 9.252 -74.5 4 6.42 -73.51
4 16 4 3.78 -81.062 4 6.612 -82.052 -4 6.612 -82.052 -4 3.78 -81.062
2 24 4 9.252 -74.5 4 31.32 -82.224
2 24 -4 9.252 -74.5 -4 31.32 -82.224
2 24 4 6.612 -82.052 4 28.68 -89.776
2 24 -4 6.612 -82.052 -4 28.68 -89.776
2 24 4 6.612 -82.052 4 9.252 -74.5
2 24 -4 6.612 -82.052 -4 9.252 -74.5
4 16 4 6.42 -73.51 4 3.78 -81.062 4 24.9067 -88.4474 4 27.5467 -80.8954
4 16 -4 27.5467 -80.8954 -4 24.9067 -88.4474 -4 3.78 -81.062 -4 6.42 -73.51
1 16 4 5.1 -77.286 0 0 4 -1.32 1 0 -3.776 0 0 2-4edge.dat
1 16 -4 5.1 -77.286 0 0 -4 -1.32 1 0 -3.776 0 0 2-4edge.dat
1 16 4 5.1 -77.286 0 0 4 -1.32 21.1267 0 -3.776 -7.3854 0 2-4cyli.dat
1 16 -4 5.1 -77.286 0 0 -4 -1.32 21.1267 0 -3.776 -7.3854 0 2-4cyli.dat
1 16 4 5.1 -77.286 0 0 4 1.32 0 0 3.776 -1 0 2-4disc.dat
1 16 -4 5.1 -77.286 0 0 -4 1.32 0 0 3.776 -1 0 2-4disc.dat
1 16 4 30 -86 0 1 0 2 0 0 0 0 2 4-4edge.dat
1 16 -4 30 -86 0 1 0 2 0 0 0 0 2 4-4edge.dat
1 16 8 30 -86 0 1 0 2 0 0 0 0 2 4-4edge.dat
1 16 -8 30 -86 0 1 0 2 0 0 0 0 2 4-4edge.dat
0 BFC INVERTNEXT
1 16 4 30 -86 0 4 0 2 0 0 0 0 2 4-4cyli.dat
0 BFC INVERTNEXT
1 16 -4 30 -86 0 -4 0 2 0 0 0 0 2 4-4cyli.dat
1 16 4 30 -86 0 1 0 -1.32 0 3.776 -3.776 0 -1.32 2-4edge.dat
1 16 -4 30 -86 0 1 0 -1.32 0 3.776 -3.776 0 -1.32 2-4edge.dat
1 16 4 30 -86 0 1 0 1.32 0 -3.776 3.776 0 1.32 2-4ndis.dat
1 16 -4 30 -86 0 -1 0 1.32 0 -3.776 3.776 0 1.32 2-4ndis.dat
1 16 8 30 -86 0 1 0 4 0 0 0 0 4 4-4edge.dat
1 16 -8 30 -86 0 1 0 4 0 0 0 0 4 4-4edge.dat
1 16 4 30 -86 0 4 0 4 0 0 0 0 4 4-4cyli.dat
1 16 -4 30 -86 0 -4 0 4 0 0 0 0 4 4-4cyli.dat
1 16 4 30 -86 0 1 0 -0.66 0 1.888 -1.888 0 -0.66 4-4ring1.dat
1 16 -4 30 -86 0 -1 0 -0.66 0 1.888 -1.888 0 -0.66 4-4ring1.dat
1 16 8 30 -86 0 -1 0 2 0 0 0 0 2 4-4ring1.dat
1 16 -8 30 -86 0 1 0 2 0 0 0 0 2 4-4ring1.dat
1 16 4 26.2267 -84.6714 4 0 0 0 3.776 -1.32 0 -1.32 -3.776 1-4cyls.dat
1 16 4 26.2267 -84.6714 4 0 0 0 3.776 1.32 0 -1.32 3.776 1-4cyls.dat
1 16 4 30 -86 4 1 0 -3.776 0 -1.32 1.32 0 -3.776 1-4edge.DAT
1 16 4 30 -86 4 1 0 -3.776 0 1.32 1.32 0 3.776 1-4edge.DAT
1 16 -4 26.2267 -84.6714 -4 0 0 0 3.776 -1.32 0 -1.32 -3.776 1-4cyls.dat
1 16 -4 26.2267 -84.6714 -4 0 0 0 3.776 1.32 0 -1.32 3.776 1-4cyls.dat
1 16 -4 30 -86 -4 1 0 -3.776 0 -1.32 1.32 0 -3.776 1-4edge.DAT
1 16 -4 30 -86 -4 1 0 -3.776 0 1.32 1.32 0 3.776 1-4edge.DAT
4 16 4 4 10 -4 4 10 -4 4 -4 4 4 -4
4 16 -4 4 -4 -4 4.9 -7 4 4.9 -7 4 4 -4
4 16 4 6.5 -10 4 4.9 -7 -4 4.9 -7 -4 6.5 -10
1 16 0 -4 -76 0 0 4 2.2532 43.9985 0 -3.3048 30 0 4-4cyli.dat
1 16 0 0 -46 0 0 4 -3.9316 -5.63036 0 0.7372 -30.0276 0 4-4cyli.dat
1 16 0 0 -46 0 0 4 -3.9316 0.7372 0 0.7372 3.9316 0 4-8sphe.dat
1 16 0 -10 -72 0 0 5 -1.65 15.104 0 -4.72 -5.28 0 4-4cyli.dat
1 16 0 -10 -72 0 0 5 -1.65 0 0 -4.72 1 0 4-4edge.dat
1 16 0 5.1 -77.286 0 0 5 -1.65 0 0 -4.72 1 0 4-4edge.dat
1 16 0 -10 -72 0 0 5 1.65 0 0 4.72 -1 0 4-4disc.dat
1 16 0 5.1 -77.286 0 0 5 -1.65 0 0 -4.72 1 0 4-4disc.dat
1 16 0 -10 -72 0 0 4 -1.32 0 0 -3.776 1 0 4-4edge.dat
1 16 0 -10 -72 0 0 4 -1.32 -11.328 0 -3.776 3.96 0 4-4cyli.dat
1 16 -11 -21.641 -68.04 0 22 0 4 0 0 0 0 4 4-4cyli.dat
1 16 10 -21.641 -68.04 0 19.596 -0.8 4 0 0 0 4 3.9192 4-4cyli.dat
1 16 -10 -21.641 -68.04 0 -19.596 0.8 4 0 0 0 4 3.9192 4-4cyli.dat
1 16 29.596 -21.641 -64.04 0 3.9192 -0.8 4 0 0 0 0.8 3.9192 4-8sphe.dat
1 16 -29.596 -21.641 -64.04 0 -3.9192 0.8 4 0 0 0 0.8 3.9192 4-8sphe.dat
1 16 -4 4 -18 0 8 0 -4 0 0 0 0 -4 3-8cyli.dat
1 16 8 40 -46 0 -16 0 4 0 0 0 0 4 4-4cyli.dat
1 16 -2 40 -46 0 4 0 8 0 0 0 0 8 4-4cyli.dat
4 16 -4 0 10 4 0 10 4 0 -18 -4 0 -18
1 16 0 -4 -81.5 1 0 0 0 0 5.9 0 4.2 0 box4.dat
1 16 0 -4 -82.5 1 0 0 0 0 1 0 1 0 stud2a.dat
1 16 0 -4 -81.5 6 0 0 0 0 6 0 1 0 4-4edge.dat
1 16 0 -4 -81.5 6 0 0 0 0 6 0 -1 0 4-4disc.dat
1 16 0 -4 -81.5 6 0 0 0 0 6 0 -1 0 4-4cyli.dat
1 16 0 -4 -82.5 4 0 0 0 0 4 0 1 0 4-4edge.dat
1 16 0 -4 -82.5 4 0 0 0 0 4 0 1 0 4-4disc.dat
2 24 8 28.1282 -43.345 8 29.631 -39.6382
2 24 -8 28.1282 -43.345 -8 29.631 -39.6382
2 24 8 36.04 -46.552 8 28.1282 -43.345
2 24 -8 36.04 -46.552 -8 28.1282 -43.345
2 24 8 37.5412 -42.8448 8 29.631 -39.6382
2 24 -8 37.5412 -42.8448 -8 29.631 -39.6382
2 24 2 28.1282 -43.345 2 29.631 -39.6382
2 24 -2 28.1282 -43.345 -2 29.631 -39.6382
2 24 2 36.04 -46.552 2 28.1282 -43.345
2 24 -2 36.04 -46.552 -2 28.1282 -43.345
2 24 2 37.5412 -42.8448 2 29.631 -39.6382
2 24 -2 37.5412 -42.8448 -2 29.631 -39.6382
2 24 8 36.04 -46.552 2 36.04 -46.552
2 24 -8 36.04 -46.552 -2 36.04 -46.552
2 24 8 37.5412 -42.8448 2 37.5412 -42.8448
2 24 -8 37.5412 -42.8448 -2 37.5412 -42.8448
2 24 8 28.1282 -43.345 2 28.1282 -43.345
2 24 -8 28.1282 -43.345 -2 28.1282 -43.345
2 24 8 29.631 -39.6382 2 29.631 -39.6382
2 24 -8 29.631 -39.6382 -2 29.631 -39.6382
4 16 8 36.04 -46.552 2 36.04 -46.552 2 28.1282 -43.345 8 28.1282 -43.345
4 16 -8 28.1282 -43.345 -2 28.1282 -43.345 -2 36.04 -46.552 -8 36.04 -46.552
4 16 8 29.631 -39.6382 2 29.631 -39.6382 2 37.5412 -42.8448 8 37.5412 -42.8448
4 16 -8 37.5412 -42.8448 -2 37.5412 -42.8448 -2 29.631 -39.6382 -8 29.631 -39.6382
4 16 8 36.04 -46.552 8 28.1282 -43.345 8 29.631 -39.6382 8 37.5412 -42.8448
4 16 -8 37.5412 -42.8448 -8 29.631 -39.6382 -8 28.1282 -43.345 -8 36.04 -46.552
4 16 8 28.1282 -43.345 2 28.1282 -43.345 2 29.631 -39.6382 8 29.631 -39.6382
4 16 -8 29.631 -39.6382 -2 29.631 -39.6382 -2 28.1282 -43.345 -8 28.1282 -43.345
2 24 4 6.419 -21.127 2 8.8994 -23.1006
2 24 -4 6.419 -21.127 -2 8.8994 -23.1006
2 24 2 8.8994 -23.1006 2 11.9346 -27.6422
2 24 -2 8.8994 -23.1006 -2 11.9346 -27.6422
2 24 2 11.9346 -27.6422 2 13 -33
2 24 -2 11.9346 -27.6422 -2 13 -33
2 24 2 13 -33 2 11.9346 -38.3578
2 24 -2 13 -33 -2 11.9346 -38.3578
2 24 2 11.9346 -38.3578 2 8.8994 -42.8994
2 24 -2 11.9346 -38.3578 -2 8.8994 -42.8994
2 24 2 8.8994 -42.8994 2 7.229 -44.326
2 24 -2 8.8994 -42.8994 -2 7.229 -44.326
2 24 2 7.229 -44.326 3 4.3578 -45.9346
2 24 -2 7.229 -44.326 -3 4.3578 -45.9346
2 24 3 4.3578 -45.9346 3.8 -1 -47
2 24 -3 4.3578 -45.9346 -3.8 -1 -47
2 24 4 13.433 -16.396 3.7 14.5562 -17.4438
2 24 -4 13.433 -16.396 -3.7 14.5562 -17.4438
2 24 3.7 14.5562 -17.4438 2 19.3258 -24.5806
2 24 -3.7 14.5562 -17.4438 -2 19.3258 -24.5806
2 24 2 19.3258 -24.5806 2 20.347 -27.678
2 24 -2 19.3258 -24.5806 -2 20.347 -27.678
2 24 2 20.347 -27.678 2 21 -33
2 24 -2 20.347 -27.678 -2 21 -33
2 24 2 18.65 -42.5 2 15.09 -48
2 24 -2 18.65 -42.5 -2 15.09 -48
2 24 2 15.09 -48 3.7 7.4194 -53.3258
2 24 -2 15.09 -48 -3.7 7.4194 -53.3258
2 24 3.7 7.4194 -53.3258 3.8 -1 -55
2 24 -3.7 7.4194 -53.3258 -3.8 -1 -55
3 16 4 6.419 -21.127 4 13.433 -16.396 3.7 14.5562 -17.4438
3 16 -3.7 14.5562 -17.4438 -4 13.433 -16.396 -4 6.419 -21.127
3 16 2 8.8994 -23.1006 4 6.419 -21.127 3.7 14.5562 -17.4438
3 16 -3.7 14.5562 -17.4438 -4 6.419 -21.127 -2 8.8994 -23.1006
3 16 2 8.8994 -23.1006 3.7 14.5562 -17.4438 2 19.3258 -24.5806
3 16 -2 19.3258 -24.5806 -3.7 14.5562 -17.4438 -2 8.8994 -23.1006
3 16 2 8.8994 -23.1006 2 19.3258 -24.5806 2 20.347 -27.678
3 16 -2 20.347 -27.678 -2 19.3258 -24.5806 -2 8.8994 -23.1006
3 16 2 20.347 -27.678 2 11.9346 -27.6422 2 8.8994 -23.1006
3 16 -2 8.8994 -23.1006 -2 11.9346 -27.6422 -2 20.347 -27.678
4 16 2 20.347 -27.678 2 21 -33 2 13 -33 2 11.9346 -27.6422
4 16 -2 11.9346 -27.6422 -2 13 -33 -2 21 -33 -2 20.347 -27.678
4 16 2 21 -33 2 18.65 -42.5 2 11.9346 -38.3578 2 13 -33
4 16 -2 13 -33 -2 11.9346 -38.3578 -2 18.65 -42.5 -2 21 -33
4 16 2 18.65 -42.5 2 15.09 -48 2 8.8994 -42.8994 2 11.9346 -38.3578
4 16 -2 11.9346 -38.3578 -2 8.8994 -42.8994 -2 15.09 -48 -2 18.65 -42.5
3 16 2 15.09 -48 2 7.229 -44.326 2 8.8994 -42.8994
3 16 -2 8.8994 -42.8994 -2 7.229 -44.326 -2 15.09 -48
3 16 2 15.09 -48 3 4.3578 -45.9346 2 7.229 -44.326
3 16 -2 7.229 -44.326 -3 4.3578 -45.9346 -2 15.09 -48
3 16 3 4.3578 -45.9346 2 15.09 -48 3.7 7.4194 -53.3258
3 16 -3.7 7.4194 -53.3258 -2 15.09 -48 -3 4.3578 -45.9346
3 16 3.7 7.4194 -53.3258 3.8 -1 -55 3 4.3578 -45.9346
3 16 3.8 -1 -55 3.8 -1 -47 3 4.3578 -45.9346
5 24 3.8 -1 -55 3 4.3578 -45.9346 3.7 7.4194 -53.3258 3.8 -1 -47
3 16 -3 4.3578 -45.9346 -3.8 -1 -47 -3.8 -1 -55
3 16 -3 4.3578 -45.9346 -3.8 -1 -55 -3.7 7.4194 -53.3258
5 24 -3 4.3578 -45.9346 -3.8 -1 -55 -3.8 -1 -47 -3.7 7.4194 -53.3258
2 24 2 21 -33 2 33.9738 -38.2598
2 24 -2 21 -33 -2 33.9738 -38.2598
2 24 2 18.65 -42.5 2 30.6971 -47.3841
2 24 -2 18.65 -42.5 -2 30.6971 -47.3841
4 16 2 33.9738 -38.2598 2 30.6971 -47.3841 2 18.65 -42.5 2 21 -33
4 16 -2 21 -33 -2 18.65 -42.5 -2 30.6971 -47.3841 -2 33.9738 -38.2598
3 16 2 30.6971 -47.3841 2 33.9738 -38.2598 2 40 -46
3 16 -2 40 -46 -2 33.9738 -38.2598 -2 30.6971 -47.3841
4 16 2 21 -33 -2 21 -33 -2 33.9738 -38.2598 2 33.9738 -38.2598
4 16 2 31.6238 -47.7598 -2 31.6238 -47.7598 -2 18.65 -42.5 2 18.65 -42.5
4 16 -4 6.5 -10 -4 13.433 -16.396 4 13.433 -16.396 4 6.5 -10
4 16 4 6.419 -21.127 2 8.8994 -23.1006 -2 8.8994 -23.1006 -4 6.419 -21.127
4 16 -4 13.433 -16.396 -3.7 14.5562 -17.4438 3.7 14.5562 -17.4438 4 13.433 -16.396
4 16 2 8.8994 -23.1006 2 11.9346 -27.6422 -2 11.9346 -27.6422 -2 8.8994 -23.1006
4 16 -3.7 14.5562 -17.4438 -2 19.3258 -24.5806 2 19.3258 -24.5806 3.7 14.5562 -17.4438
4 16 2 11.9346 -27.6422 2 13 -33 -2 13 -33 -2 11.9346 -27.6422
4 16 -2 19.3258 -24.5806 -2 20.347 -27.678 2 20.347 -27.678 2 19.3258 -24.5806
4 16 2 13 -33 2 11.9346 -38.3578 -2 11.9346 -38.3578 -2 13 -33
4 16 -2 20.347 -27.678 -2 21 -33 2 21 -33 2 20.347 -27.678
4 16 2 11.9346 -38.3578 2 8.8994 -42.8994 -2 8.8994 -42.8994 -2 11.9346 -38.3578
4 16 2 21 -33 2 18.65 -42.5 -2 18.65 -42.5 -2 21 -33
4 16 2 8.8994 -42.8994 2 7.229 -44.326 -2 7.229 -44.326 -2 8.8994 -42.8994
4 16 -2 18.65 -42.5 -2 15.09 -48 2 15.09 -48 2 18.65 -42.5
4 16 2 7.229 -44.326 3 4.3578 -45.9346 -3 4.3578 -45.9346 -2 7.229 -44.326
4 16 -2 15.09 -48 -3.7 7.4194 -53.3258 3.7 7.4194 -53.3258 2 15.09 -48
4 16 3 4.3578 -45.9346 3.8 -1 -47 -3.8 -1 -47 -3 4.3578 -45.9346
4 16 -3.7 7.4194 -53.3258 -3.8 -1 -55 3.8 -1 -55 3.7 7.4194 -53.3258
2 24 -4 38.908 -22.1504 4 38.908 -22.1504
2 24 -4 31.092 -23.8496 4 31.092 -23.8496
2 24 -4 38.908 -22.1504 -4 33.908 0.849602
2 24 4 38.908 -22.1504 4 33.908 0.849602
2 24 -4 42.169 -37.1504 4 42.169 -37.1504
2 24 -4 42.169 -37.1504 -4 48 -37.1504
2 24 4 42.169 -37.1504 4 48 -37.1504
2 24 -4 48 -37.1504 4 48 -37.1504
2 24 -4 41.299 -33.1504 4 41.299 -33.1504
2 24 4 48 -33.1504 -4 48 -33.1504
2 24 -4 41.299 -33.1504 -4 48 -33.1504
2 24 4 41.299 -33.1504 4 48 -33.1504
2 24 -4 48 -37.1504 -4 48 -33.1504
2 24 4 48 -37.1504 4 48 -33.1504
2 24 -4 42.169 -37.1504 -4 41.299 -33.1504
2 24 4 42.169 -37.1504 4 41.299 -33.1504
4 16 -4 42.169 -37.1504 -4 48 -37.1504 -4 48 -33.1504 -4 41.299 -33.1504
4 16 4 41.299 -33.1504 4 48 -33.1504 4 48 -37.1504 4 42.169 -37.1504
4 16 -4 42.169 -37.1504 4 42.169 -37.1504 4 48 -37.1504 -4 48 -37.1504
4 16 -4 48 -33.1504 4 48 -33.1504 4 41.299 -33.1504 -4 41.299 -33.1504
2 24 -10 48 -39.1504 10 48 -39.1504
2 24 -10 48 -31.1504 10 48 -31.1504
4 16 -10 48 -39.1504 -10 48 -31.1504 10 48 -31.1504 10 48 -39.1504
2 24 -10 52 -39.1504 10 52 -39.1504
2 24 -10 52 -31.1504 10 52 -31.1504
4 16 10 52 -39.1504 10 52 -31.1504 -10 52 -31.1504 -10 52 -39.1504
4 16 10 48 -39.1504 10 52 -39.1504 -10 52 -39.1504 -10 48 -39.1504
4 16 -10 48 -31.1504 -10 52 -31.1504 10 52 -31.1504 10 48 -31.1504
1 16 -10 48 -35.1504 0 0 -4 0 1 0 4 0 0 2-4edge.dat
1 16 10 48 -35.1504 0 0 4 0 1 0 4 0 0 2-4edge.dat
1 16 -10 52 -35.1504 0 0 -4 0 1 0 4 0 0 2-4edge.dat
1 16 10 52 -35.1504 0 0 4 0 1 0 4 0 0 2-4edge.dat
1 16 -10 48 -35.1504 0 0 -4 0 1 0 4 0 0 2-4disc.dat
1 16 10 48 -35.1504 0 0 4 0 1 0 4 0 0 2-4disc.dat
1 16 -10 52 -35.1504 0 0 -4 0 -1 0 4 0 0 2-4disc.dat
1 16 10 52 -35.1504 0 0 4 0 -1 0 4 0 0 2-4disc.dat
1 16 -10 48 -35.1504 0 0 -4 0 4 0 4 0 0 2-4cyli.dat
1 16 10 48 -35.1504 0 0 4 0 4 0 4 0 0 2-4cyli.dat
4 16 4 38.908 -22.1504 4 31.092 -23.8496 -4 31.092 -23.8496 -4 38.908 -22.1504
4 16 4 31.092 -23.8496 4 36.092 -46.8496 -4 36.092 -46.8496 -4 31.092 -23.8496
4 16 -4 38.908 -22.1504 -4 43.908 -45.1504 4 43.908 -45.1504 4 38.908 -22.1504
2 24 4 31.092 -23.8496 4 27.3416 -6.7059
2 24 -4 31.092 -23.8496 -4 27.3416 -6.7059
4 16 4 31.092 -23.8496 4 38.908 -22.1504 4 34.7576 -3.0584 4 27.3416 -6.7059
4 16 -4 27.3416 -6.7059 -4 34.7576 -3.0584 -4 38.908 -22.1504 -4 31.092 -23.8496
0
