0 ~Technic Pneumatic Valve with Pegholes Casing
0 Name: 47222.dat
0 Author: Guy Vivan [guyvivan]
0 !LDRAW_ORG Part UPDATE 2009-03
0 !LICENSE Redistributable under CCAL version 2.0 : see CAreadme.txt

0 BFC CERTIFY CCW

0 !HISTORY 2009-12-29 [PTadmin] Official Update 2009-03

1 16 10 0 -24 0 13 0 0 0 4 4 0 0 4-4cyli.dat
1 16 10 0 -24 0 1 0 0 0 4 4 0 0 4-4edge.dat
1 16 10 0 -24 0 -1 0 0 0 4 4 0 0 4-4ndis.dat
1 16 23 0 -24 0 1 0 0 0 4 4 0 0 4-4edge.dat
0 BFC INVERTNEXT
1 16 7 0 -24 0 17 0 0 0 2 2 0 0 4-4cyli.dat
1 16 7 0 -24 0 1 0 0 0 2 2 0 0 4-4edge.dat
1 16 7 0 -24 0 1 0 0 0 2 2 0 0 4-4ndis.dat
1 16 24 0 -24 0 1 0 0 0 2 2 0 0 4-4edge.dat
1 16 24 0 -24 0 1 0 0 0 3 3 0 0 4-4edge.dat
1 16 24 0 -24 0 -1 0 0 0 1 1 0 0 4-4ring2.dat
1 16 23 0 -24 0 1 0 0 0 1 -1 0 0 4-4con3.dat
1 16 10 11 -30 0 13 0 0 0 4 4 0 0 4-4cyli.dat
1 16 10 11 -30 0 1 0 0 0 4 4 0 0 4-4edge.dat
1 16 10 11 -30 0 -1 0 0 0 4 4 0 0 4-4ndis.dat
1 16 23 11 -30 0 1 0 0 0 4 4 0 0 4-4edge.dat
0 BFC INVERTNEXT
1 16 7 11 -30 0 17 0 0 0 2 2 0 0 4-4cyli.dat
1 16 7 11 -30 0 1 0 0 0 2 2 0 0 4-4edge.dat
1 16 7 11 -30 0 1 0 0 0 2 2 0 0 4-4ndis.dat
1 16 24 11 -30 0 1 0 0 0 2 2 0 0 4-4edge.dat
1 16 24 11 -30 0 1 0 0 0 3 3 0 0 4-4edge.dat
1 16 24 11 -30 0 -1 0 0 0 1 1 0 0 4-4ring2.dat
1 16 23 11 -30 0 1 0 0 0 1 -1 0 0 4-4con3.dat
1 16 10 -11 -30 0 13 0 0 0 4 4 0 0 4-4cyli.dat
1 16 10 -11 -30 0 1 0 0 0 4 4 0 0 4-4edge.dat
1 16 10 -11 -30 0 -1 0 0 0 4 4 0 0 4-4ndis.dat
1 16 23 -11 -30 0 1 0 0 0 4 4 0 0 4-4edge.dat
0 BFC INVERTNEXT
1 16 7 -11 -30 0 17 0 0 0 2 2 0 0 4-4cyli.dat
1 16 7 -11 -30 0 1 0 0 0 2 2 0 0 4-4edge.dat
1 16 7 -11 -30 0 1 0 0 0 2 2 0 0 4-4ndis.dat
1 16 24 -11 -30 0 1 0 0 0 2 2 0 0 4-4edge.dat
1 16 24 -11 -30 0 1 0 0 0 3 3 0 0 4-4edge.dat
1 16 24 -11 -30 0 -1 0 0 0 1 1 0 0 4-4ring2.dat
1 16 23 -11 -30 0 1 0 0 0 1 -1 0 0 4-4con3.dat
2 24 -7 -14 -50 -7 -14 -46
2 24 -7 -24 -50 -7 -14 -50
2 24 -7 14 -50 -7 24 -50
2 24 -7 14 -46 -7 14 -50
2 24 -7 14 -46 -7 22 -46
2 24 -7 -14 -46 -7 -22 -46
2 24 7 14 -46 7 22 -46
2 24 7 -14 -46 7 -22 -46
2 24 7 -14 -46 -7 -14 -46
2 24 7 14 -46 -7 14 -46
2 24 7 14 -50 7 14 -46
2 24 7 -14 -50 7 14 -50
2 24 7 -14 -46 7 -14 -50
2 24 10 26 -6.606 -10 26 -6.606
2 24 -10 26 -6.606 -10 26 -50
2 24 -10 26 -50 10 26 -50
2 24 10 26 -50 10 26 -6.606
2 24 10 -26 -50 10 26 -50
2 24 -7 -14 -50 7 -14 -50
2 24 10 -26 -50 -10 -26 -50
2 24 -10 -24 -50 -10 -26 -50
2 24 -10 26 -50 -10 24 -50
2 24 7 14 -50 -7 14 -50
2 24 -10 -26 -50 -10 -26 -6.606
2 24 -10 16.553 -10 -10 -16.553 -10
2 24 10 16.553 -10 -10 16.553 -10
2 24 10 -16.553 -10 -10 -16.553 -10
2 24 10 -16.553 -8.316 -10 -16.553 -8.316
2 24 10 16.553 -8.316 -10 16.553 -8.316
2 24 10 16.553 -8.316 10 16.553 -10
4 16 -10 16.553 -8.316 -10 16.553 -10 10 16.553 -10 10 16.553 -8.316
4 16 10 -16.553 -8.316 10 -16.553 -10 -10 -16.553 -10 -10 -16.553 -8.316
2 24 -10 16.553 -8.316 -10 16.553 -10
2 24 10 -16.553 -8.316 10 -16.553 -10
2 24 -10 -16.553 -8.316 -10 -16.553 -10
2 24 10 16.553 -10 10 -16.553 -10
2 24 10 -26 -6.606 10 -26 -50
2 24 -10 -26 -6.606 10 -26 -6.606
4 16 7 -14 -46 7 14 -46 7 14 -50 7 -14 -50
4 16 7 -22 -14 7 22 -14 7 22 -22 7 -22 -22
4 16 7 -22 -26 7 22 -26 7 22 -28 7 -22 -28
4 16 7 2 -22 7 22 -22 7 22 -26 7 2 -26
4 16 7 -22 -22 7 -2 -22 7 -2 -26 7 -22 -26
4 16 7 -22 -28 7 -13 -28 7 -13 -32 7 -22 -32
4 16 7 13 -28 7 22 -28 7 22 -32 7 13 -32
4 16 7 -9 -28 7 9 -28 7 9 -32 7 -9 -32
4 16 7 -22 -32 7 22 -32 7 22 -46 7 -22 -46
4 16 10 26 -34 10 -26 -34 10 -26 -50 10 26 -50
4 16 10 26 -10 10 -26 -10 10 -26 -20 10 26 -20
4 16 10 -4 -20 10 -26 -20 10 -26 -26 10 -4 -26
4 16 10 26 -20 10 4 -20 10 4 -26 10 26 -26
4 16 10 26 -26 10 15 -26 10 15 -34 10 26 -34
4 16 10 -15 -26 10 -26 -26 10 -26 -34 10 -15 -34
4 16 10 7 -28 10 -7 -28 10 -7 -34 10 7 -34
4 16 10 7 -26 10 4 -26 10 4 -28 10 7 -28
4 16 10 -4 -26 10 -7 -26 10 -7 -28 10 -4 -28
4 16 7 14 -50 10 26 -50 10 -26 -50 7 -14 -50
4 16 7 -14 -50 10 -26 -50 -7 -24 -50 -7 -14 -50
4 16 -7 14 -50 -7 24 -50 10 26 -50 7 14 -50
4 16 -7 -24 -50 10 -26 -50 -10 -26 -50 -10 -24 -50
4 16 -10 24 -50 -10 26 -50 10 26 -50 -7 24 -50
4 16 -7 -14 -46 -7 -14 -50 -7 -24 -50 -7 -22 -46
4 16 -7 -22 -46 -7 -24 -50 -7 -24 -12 -7 -22 -14
4 16 -7 -22 -14 -7 -24 -12 -7 24 -12 -7 22 -14
4 16 -7 22 -14 -7 24 -12 -7 24 -50 -7 22 -46
4 16 -7 22 -46 -7 24 -50 -7 14 -50 -7 14 -46
4 16 -10 -24 -50 -10 -26 -50 -10 -26 -10 -10 -24 -12
4 16 -10 -24 -12 -10 -26 -10 -10 26 -10 -10 24 -12
4 16 -10 24 -12 -10 26 -10 -10 26 -50 -10 24 -50
4 16 -10 16.553 -10 -10 -16.553 -10 10 -16.553 -10 10 16.553 -10
4 16 -10 -26 -6.606 -10 -26 -50 10 -26 -50 10 -26 -6.606
4 16 10 26 -6.606 10 26 -50 -10 26 -50 -10 26 -6.606
4 16 7 22 -46 -7 22 -46 -7 14 -46 7 14 -46
4 16 7 14 -46 -7 14 -46 -7 14 -50 7 14 -50
4 16 7 -14 -50 -7 -14 -50 -7 -14 -46 7 -14 -46
4 16 7 -14 -46 -7 -14 -46 -7 -22 -46 7 -22 -46
0 BFC INVERTNEXT
1 16 0 0 -46 7 0 0 0 0 22 0 32 0 box3u2p.dat
0 BFC INVERTNEXT
1 16 -8.5 0 -50 1.5 0 0 0 0 24 0 38 0 box3u2p.dat
1 16 10 20 0 0 -1 0 -1 0 0 0 0 1 peghole.dat
1 16 -10 20 0 0 1 0 1 0 0 0 0 -1 peghole.dat
0 BFC INVERTNEXT
1 16 8 20 0 0 -16 0 -6 0 0 0 0 6 4-4cyli.dat
1 16 10 20 0 0 -20 0 -9 0 0 0 0 9 4-4cyli.dat
1 16 10 20 0 0 1 0 -9 0 0 0 0 9 4-4edge.dat
1 16 -10 20 0 0 1 0 -9 0 0 0 0 9 4-4edge.dat
1 16 -10 20 0 0 1 0 -1 0 0 0 0 1 4-4ring8.dat
1 16 10 20 0 0 -1 0 -1 0 0 0 0 -1 4-4ring8.dat
1 16 10 -20 0 0 -1 0 -1 0 0 0 0 1 peghole.dat
1 16 -10 -20 0 0 1 0 1 0 0 0 0 -1 peghole.dat
0 BFC INVERTNEXT
1 16 8 -20 0 0 -16 0 -6 0 0 0 0 6 4-4cyli.dat
1 16 10 -20 0 0 -20 0 -9 0 0 0 0 9 4-4cyli.dat
1 16 10 -20 0 0 1 0 -9 0 0 0 0 9 4-4edge.dat
1 16 -10 -20 0 0 1 0 -9 0 0 0 0 9 4-4edge.dat
1 16 -10 -20 0 0 1 0 -1 0 0 0 0 1 4-4ring8.dat
1 16 10 -20 0 0 -1 0 -1 0 0 0 0 -1 4-4ring8.dat
4 16 10 16.553 -8.316 10 16.553 -10 10 20 -10 10 20 -9
4 16 10 23.447 -10 10 23.447 -8.316 10 20 -9 10 20 -10
4 16 -10 23.447 -8.316 -10 23.447 -10 -10 20 -10 -10 20 -9
4 16 -10 16.553 -10 -10 16.553 -8.316 -10 20 -9 -10 20 -10
4 16 -10 -16.553 -8.316 -10 -16.553 -10 -10 -20 -10 -10 -20 -9
4 16 -10 -23.447 -10 -10 -23.447 -8.316 -10 -20 -9 -10 -20 -10
4 16 10 -23.447 -8.316 10 -23.447 -10 10 -20 -10 10 -20 -9
4 16 10 -16.553 -10 10 -16.553 -8.316 10 -20 -9 10 -20 -10
4 16 10 23.447 -8.316 10 23.447 -10 10 26 -10 10 26 -6.606
4 16 -10 23.447 -10 -10 23.447 -8.316 -10 26 -6.606 -10 26 -10
4 16 -10 -23.447 -8.316 -10 -23.447 -10 -10 -26 -10 -10 -26 -6.606
4 16 10 -23.447 -10 10 -23.447 -8.316 10 -26 -6.606 10 -26 -10
0
