0 Container Treasure Chest Lid
0 Name: 4739.dat
0 Author: James Jessiman
0 !LDRAW_ORG Part UPDATE 1999-01
0 !LICENSE Redistributable under CCAL version 2.0 : see CAreadme.txt

0 !HISTORY 1999-02-01 [PTadmin] Official Update 1999-01
0 !HISTORY 2007-07-08 [PTadmin] Header formatted for Contributor Agreement
0 !HISTORY 2008-07-01 [PTadmin] Official Update 2008-01

 2 24 36 24 16 36 24 12
 2 24 36 24 12 34 24 12
 2 24 34 24 12 34 24 16
 2 24 34 24 16 -34 24 16
 2 24 -34 24 16 -34 24 12
 2 24 -34 24 12 -36 24 12
 2 24 -36 24 12 -36 24 16

 1 16 36 20 16 0 0 0 4 0 0 0 0 4 1-4edge.dat
 1 16 -36 20 16 0 0 0 4 0 0 0 0 4 1-4edge.dat

 2 24 36 20 20 36 16 20
 2 24 -36 20 20 -36 16 20

 2 24 40 16 20 36 16 20
 2 24 36 16 20 36 16 -16
 2 24 36 16 -16 -36 16 -16
 2 24 -36 16 -16 -36 16 20
 2 24 -36 16 20 -40 16 20
 2 24 -40 16 20 -40 16 -20
 2 24 -40 16 -20 40 16 -20
 2 24 40 16 -20 40 16 20

 2 24 36 16 -16 36 14 -16
 1 16 36 14 -6 0 0 0 -10 0 0 0 0 -10 1-4edge.dat
 2 24 36 4 -6 36 4 6
 2 24 36 4 6 36 4.8 9.8
 2 24 36 4.8 9.8 36 6.31 12
 2 24 36 6.31 12 36 24 12

 2 24 -36 16 -16 -36 14 -16
 1 16 -36 14 -6 0 0 0 -10 0 0 0 0 -10 1-4edge.dat
 2 24 -36 4 -6 -36 4 6
 2 24 -36 4 6 -36 4.8 9.8
 2 24 -36 4.8 9.8 -36 6.31 12
 2 24 -36 6.31 12 -36 24 12

 2 24 34 6.31 12 34 24 12
 2 24 34 6.31 12 36 6.31 12
 2 24 34 6.31 12 34 7 13
 1 16 34 14 6 0 0 0 0 0 -10 10 0 0 1-8edge.dat
 2 24 34 14 16 34 24 16

 2 24 -34 6.31 12 -34 24 12
 2 24 -34 6.31 12 -36 6.31 12
 2 24 -34 6.31 12 -34 7 13
 1 16 -34 14 6 0 0 0 0 0 -10 10 0 0 1-8edge.dat
 2 24 -34 14 16 -34 24 16

 2 24 40 16 20 40 14 20
 2 24 -40 16 20 -40 14 20
 2 24 40 16 -20 40 14 -20
 2 24 -40 16 -20 -40 14 -20
 1 16 40 14 6 0 0 0 -14 0 0 0 0 14 1-4edge.dat
 1 16 -40 14 6 0 0 0 -14 0 0 0 0 14 1-4edge.dat
 1 16 40 14 -6 0 0 0 -14 0 0 0 0 -14 1-4edge.dat
 1 16 -40 14 -6 0 0 0 -14 0 0 0 0 -14 1-4edge.dat
 2 24 40 0 6 40 0 -6
 2 24 -40 0 6 -40 0 -6

 1 16 2 14 -6 0 0 0 0 0 -10 -10 0 0 1-8edge.dat
 2 24 2 14 -16 2 21 -16
 2 24 2 21 -16 2 25 -14
 2 24 2 25 -14 2 25 -8
 2 24 2 25 -8 2 4.42 -8
 2 24 2 4.42 -8 2 4.8 -9.8
 2 24 2 4.8 -9.8 2 7 -13

 1 16 -2 14 -6 0 0 0 0 0 -10 -10 0 0 1-8edge.dat
 2 24 -2 14 -16 -2 21 -16
 2 24 -2 21 -16 -2 25 -14
 2 24 -2 25 -14 -2 25 -8
 2 24 -2 25 -8 -2 4.42 -8
 2 24 -2 4.42 -8 -2 4.8 -9.8
 2 24 -2 4.8 -9.8 -2 7 -13

 2 24 2 21 -16 -2 21 -16
 2 24 2 25 -14 -2 25 -14
 2 24 2 25 -8 -2 25 -8
 2 24 2 4.42 -8 -2 4.42 -8

 4 16 2 25 -14 2 25 -8 -2 25 -8 -2 25 -14
 4 16 36 24 16 36 24 12 34 24 12 34 24 16
 4 16 -36 24 16 -36 24 12 -34 24 12 -34 24 16

 4 16 40 16 20 36 16 20 36 16 -16 40 16 -20
 4 16 40 16 -20 36 16 -16 -36 16 -16 -40 16 -20
 4 16 -40 16 -20 -36 16 -16 -36 16 20 -40 16 20

 4 16 36 4 6 36 4 -6 -36 4 -6 -36 4 6

 4 16 40 0 6 40 0 -6 35 0 -6 35 0 6
 4 16 35 0 6 35 0 -6 15 0 -6 15 0 6
 4 16 15 0 6 15 0 -6 10 0 -6 10 0 6
 4 16 10 0 6 10 0 -6 -10 0 -6 -10 0 6
 4 16 -10 0 6 -10 0 -6 -15 0 -6 -15 0 6
 4 16 -15 0 6 -15 0 -6 -35 0 -6 -35 0 6
 4 16 -35 0 6 -35 0 -6 -40 0 -6 -40 0 6

 4 16 36 20 20 36 16 20 -36 16 20 -36 20 20
 4 16 40 16 20 40 14 20 -40 14 20 -40 16 20

 4 16 34 24 16 34 14 16 -34 14 16 -34 24 16

 4 16 36 24 12 36 6.31 12 34 6.31 12 34 24 12
 4 16 -36 24 12 -36 6.31 12 -34 6.31 12 -34 24 12

 4 16 2 25 -8 2 4.42 -8 -2 4.42 -8 -2 25 -8

 4 16 2 21 -16 2 16 -16 -2 16 -16 -2 21 -16
 4 16 36 16 -16 36 14 -16 -36 14 -16 -36 16 -16

 4 16 40 16 -20 40 14 -20 -40 14 -20 -40 16 -20

 4 16 2 25 -14 2 21 -16 -2 21 -16 -2 25 -14

 4 16 40 16 20 40 14 20 40 14 -20 40 16 -20
 4 16 40 14 6 40 0 6 40 0 -6 40 14 -6
 1 16 40 14 6 0 0 0 -14 0 0 0 0 14 1-4disc.dat
 1 16 40 14 -6 0 0 0 -14 0 0 0 0 -14 1-4disc.dat

 4 16 36 16 12 36 14 12 36 14 -16 36 16 -16
 4 16 36 14 6 36 4 6 36 4 -6 36 14 -6
 1 16 36 14 6 0 0 0 -10 0 0 0 0 10 1-4disc.dat
 1 16 36 14 -6 0 0 0 -10 0 0 0 0 -10 1-4disc.dat
 1 16 36 20 16 0 0 0 4 0 0 0 0 4 1-4disc.dat
 4 16 36 24 12 36 24 16 36 20 16 36 16 12
 4 16 36 16 12 36 20 16 36 20 20 36 16 20

 4 16 34 24 12 34 24 16 34 10 16 34 6.31 12

 4 16 2 25 -8 2 25 -14 2 21 -16 2 14 -16
 4 16 2 25 -8 2 14 -16 2 6 -14 2 4.42 -8

 4 16 -2 25 -8 -2 25 -14 -2 21 -16 -2 14 -16
 4 16 -2 25 -8 -2 14 -16 -2 6 -14 -2 4.42 -8

 4 16 -34 24 12 -34 24 16 -34 10 16 -34 6.31 12

 4 16 -36 16 12 -36 14 12 -36 14 -16 -36 16 -16
 4 16 -36 14 6 -36 4 6 -36 4 -6 -36 14 -6
 1 16 -36 14 6 0 0 0 -10 0 0 0 0 10 1-4disc.dat
 1 16 -36 14 -6 0 0 0 -10 0 0 0 0 -10 1-4disc.dat
 1 16 -36 20 16 0 0 0 4 0 0 0 0 4 1-4disc.dat
 4 16 -36 24 12 -36 24 16 -36 20 16 -36 16 12
 4 16 -36 16 12 -36 20 16 -36 20 20 -36 16 20

 4 16 -40 16 20 -40 14 20 -40 14 -20 -40 16 -20
 4 16 -40 14 6 -40 0 6 -40 0 -6 -40 14 -6
 1 16 -40 14 6 0 0 0 -14 0 0 0 0 14 1-4disc.dat
 1 16 -40 14 -6 0 0 0 -14 0 0 0 0 -14 1-4disc.dat

 1 16 36 20 16 0 -72 0 4 0 0 0 0 4 1-4cyli.dat

 1 16 36 14 6 0 -72 0 -10 0 0 0 0 10 1-4cyli.dat
 1 16 36 14 -6 0 -72 0 -10 0 0 0 0 -10 1-4cyli.dat

 1 16 40 14 6 0 -5 0 -14 0 0 0 0 14 1-4cyli.dat
 1 16 40 14 -6 0 -5 0 -14 0 0 0 0 -14 1-4cyli.dat
 1 16 35 14 6 0 -20 0 -14 0 0 0 0 14 1-4cyli.dat
 1 16 35 14 -6 0 -20 0 -14 0 0 0 0 -14 1-4cyli.dat
 1 16 15 14 6 0 -5 0 -14 0 0 0 0 14 1-4cyli.dat
 1 16 15 14 -6 0 -5 0 -14 0 0 0 0 -14 1-4cyli.dat
 1 16 10 14 6 0 -20 0 -14 0 0 0 0 14 1-4cyli.dat
 1 16 10 14 -6 0 -20 0 -14 0 0 0 0 -14 1-4cyli.dat
 1 16 -10 14 6 0 -5 0 -14 0 0 0 0 14 1-4cyli.dat
 1 16 -10 14 -6 0 -5 0 -14 0 0 0 0 -14 1-4cyli.dat
 1 16 -15 14 6 0 -20 0 -14 0 0 0 0 14 1-4cyli.dat
 1 16 -15 14 -6 0 -20 0 -14 0 0 0 0 -14 1-4cyli.dat
 1 16 -35 14 6 0 -5 0 -14 0 0 0 0 14 1-4cyli.dat
 1 16 -35 14 -6 0 -5 0 -14 0 0 0 0 -14 1-4cyli.dat

 1 16 40 14 6 0 0 0 -10 0 0 0 0 10 1-8edge.dat
 1 16 -40 14 6 0 0 0 -10 0 0 0 0 10 1-8edge.dat
 1 16 40 14 -6 0 0 0 -10 0 0 0 0 -10 1-8edge.dat
 1 16 -40 14 -6 0 0 0 -10 0 0 0 0 -10 1-8edge.dat
 2 24 40 7 13 40 10.2 15.2
 2 24 -40 7 13 -40 10.2 15.2
 2 24 40 7 -13 40 10.2 -15.2
 2 24 -40 7 -13 -40 10.2 -15.2
 2 24 40 10.2 15.2 40 13 15.79
 2 24 -40 10.2 15.2 -40 13 15.79
 2 24 40 10.2 -15.2 40 13 -15.79
 2 24 -40 10.2 -15.2 -40 13 -15.79
 2 24 40 13 15.79 40 13 -15.79
 2 24 -40 13 15.79 -40 13 -15.79
 2 24 40 4 6 40 4 -6
 2 24 -40 4 6 -40 4 -6

 2 24 35 0.42 -8 35 0 -6
 2 24 35 0 -6 35 0 6
 2 24 35 0 6 35 0.42 8
 2 24 15 0.42 -8 15 0 -6
 2 24 15 0 -6 15 0 6
 2 24 15 0 6 15 0.42 8
 2 24 10 0.42 -8 10 0 -6
 2 24 10 0 -6 10 0 6
 2 24 10 0 6 10 0.42 8
 2 24 -10 0.42 -8 -10 0 -6
 2 24 -10 0 -6 -10 0 6
 2 24 -10 0 6 -10 0.42 8
 2 24 -15 0.42 -8 -15 0 -6
 2 24 -15 0 -6 -15 0 6
 2 24 -15 0 6 -15 0.42 8
 2 24 -35 0.42 -8 -35 0 -6
 2 24 -35 0 -6 -35 0 6
 2 24 -35 0 6 -35 0.42 8

 2 24 35 0.42 8 15 0.42 8
 2 24 10 0.42 8 -10 0.42 8
 2 24 -15 0.42 8 -35 0.42 8
 2 24 35 0.42 -8 15 0.42 -8
 2 24 10 0.42 -8 -10 0.42 -8
 2 24 -15 0.42 -8 -35 0.42 -8

 2 24 35 13 19.8 35 8.68 18.88
 2 24 35 8.68 18.88 35 4.2 15.8
 2 24 35 4.2 15.8 35 2.27 13
 2 24 15 13 19.8 15 8.68 18.88
 2 24 15 8.68 18.88 15 4.2 15.8
 2 24 15 4.2 15.8 15 2.27 13
 2 24 10 13 19.8 10 8.68 18.88
 2 24 10 8.68 18.88 10 4.2 15.8
 2 24 10 4.2 15.8 10 2.27 13
 2 24 -10 13 19.8 -10 8.68 18.88
 2 24 -10 8.68 18.88 -10 4.2 15.8
 2 24 -10 4.2 15.8 -10 2.27 13
 2 24 -15 13 19.8 -15 8.68 18.88
 2 24 -15 8.68 18.88 -15 4.2 15.8
 2 24 -15 4.2 15.8 -15 2.27 13
 2 24 -35 13 19.8 -35 8.68 18.88
 2 24 -35 8.68 18.88 -35 4.2 15.8
 2 24 -35 4.2 15.8 -35 2.27 13

 2 24 35 13 -19.8 35 8.68 -18.88
 2 24 35 8.68 -18.88 35 4.2 -15.8
 2 24 35 4.2 -15.8 35 2.27 -13
 2 24 15 13 -19.8 15 8.68 -18.88
 2 24 15 8.68 -18.88 15 4.2 -15.8
 2 24 15 4.2 -15.8 15 2.27 -13
 2 24 10 13 -19.8 10 8.68 -18.88
 2 24 10 8.68 -18.88 10 4.2 -15.8
 2 24 10 4.2 -15.8 10 2.27 -13
 2 24 -10 13 -19.8 -10 8.68 -18.88
 2 24 -10 8.68 -18.88 -10 4.2 -15.8
 2 24 -10 4.2 -15.8 -10 2.27 -13
 2 24 -15 13 -19.8 -15 8.68 -18.88
 2 24 -15 8.68 -18.88 -15 4.2 -15.8
 2 24 -15 4.2 -15.8 -15 2.27 -13
 2 24 -35 13 -19.8 -35 8.68 -18.88
 2 24 -35 8.68 -18.88 -35 4.2 -15.8
 2 24 -35 4.2 -15.8 -35 2.27 -13

 2 24 35 13 19.8 15 13 19.8
 2 24 10 13 19.8 -10 13 19.8
 2 24 -15 13 19.8 -35 13 19.8
 2 24 35 2.27 13 15 2.27 13
 2 24 10 2.27 13 -10 2.27 13
 2 24 -15 2.27 13 -35 2.27 13

 2 24 35 13 -19.8 15 13 -19.8
 2 24 10 13 -19.8 -10 13 -19.8
 2 24 -15 13 -19.8 -35 13 -19.8
 2 24 35 2.27 -13 15 2.27 -13
 2 24 10 2.27 -13 -10 2.27 -13
 2 24 -15 2.27 -13 -35 2.27 -13

 1 16 36 20 16 0 -0.5 0 0.5 0 0 0 0 0.5 stud3.dat
 1 16 -36 20 16 0 0.5 0 0.5 0 0 0 0 0.5 stud3.dat

 1 16 30 0 0 1 0 0 0 1 0 0 0 1 stud.dat
 1 16 10 0 0 1 0 0 0 1 0 0 0 1 stud.dat
 1 16 -10 0 0 1 0 0 0 1 0 0 0 1 stud.dat
 1 16 -30 0 0 1 0 0 0 1 0 0 0 1 stud.dat
0