0 Propellor  2 Blade  5.5 Diameter
0 Name: 4745.dat
0 Author: Tore Eriksson [Tore_Eriksson]
0 !LDRAW_ORG Part UPDATE 2001-01
0 !LICENSE Redistributable under CCAL version 2.0 : see CAreadme.txt

0 !HISTORY 1998-05-21 [PTadmin] Official Update 1998-05
0 !HISTORY 2001-10-26 [PTadmin] Official Update 2001-01
0 !HISTORY 2007-07-08 [PTadmin] Header formatted for Contributor Agreement
0 !HISTORY 2008-07-01 [PTadmin] Official Update 2008-01

2 24 -3.04 0 7.36 -3.04 4 7.36
2 24 -7.36 0 3.04 -7.36 4 3.04
2 24 -2.28 0 5.52 -2.28 4 5.52
2 24 -5.52 0 2.28 -5.52 4 2.28
4 16 -5.52 0 2.28 -5.52 4 2.28 -7.36 4 3.04 -7.36 0 3.04
4 16 -2.28 0 5.52 -2.28 4 5.52 -3.04 4 7.36 -3.04 0 7.36
4 16 -2.28 0 5.52 -4.2 0 4.2 -5.6 0 5.6 -3.04 0 7.36
4 16 -2.28 4 5.52 -4.2 4 4.2 -5.6 4 5.6 -3.04 4 7.36
4 16 -4.2 0 4.2 -5.52 0 2.28 -7.36 0 3.04 -5.6 0 5.6
4 16 -4.2 4 4.2 -5.52 4 2.28 -7.36 4 3.04 -5.6 4 5.6
2 24 -3.04 0 7.36 -2.28 0 5.52
2 24 -3.04 4 7.36 -2.28 4 5.52
2 24 -7.36 0 3.04 -5.52 0 2.28
2 24 -7.36 4 3.04 -5.52 4 2.28
1 16 0 0 0 -5.543 0 2.296 0 0 0 2.296 0 5.543 1-8edge.dat
1 16 0 0 0 -3.061 0 7.391 0 0 0 7.391 0 3.061 1-8edge.dat
1 16 0 22 0 -3.061 0 7.391 0 0 0 7.391 0 3.061 1-8edge.dat
1 16 0 22 0 -2.296 0 5.543 0 0 0 5.543 0 2.296 1-8edge.dat
1 16 0 6 0 -2.296 0 5.543 0 16 0 5.543 0 2.296 1-8cyli.dat
2 24 -3.04 6 7.36 -3.04 22 7.36
2 24 -7.36 6 3.04 -7.36 22 3.04
2 24 -2.28 6 5.52 -2.28 22 5.52
2 24 -5.52 6 2.28 -5.52 22 2.28
2 24 -5.52 22 2.28 -7.36 22 3.04
2 24 -2.28 22 5.52 -3.04 22 7.36
4 16 -5.52 6 2.28 -5.52 22 2.28 -7.36 22 3.04 -7.36 6 3.04
4 16 -2.28 6 5.52 -2.28 22 5.52 -3.04 22 7.36 -3.04 6 7.36
4 16 0 22 8 0 22 6 -2.28 22 5.52 -3.04 22 7.36
4 16 0 22 8 0 22 6 2.28 22 5.52 3.04 22 7.36
2 24 7.36 0 3.04 7.36 4 3.04
2 24 3.04 0 7.36 3.04 4 7.36
2 24 5.52 0 2.28 5.52 4 2.28
2 24 2.28 0 5.52 2.28 4 5.52
4 16 2.28 0 5.52 2.28 4 5.52 3.04 4 7.36 3.04 0 7.36
4 16 5.52 0 2.28 5.52 4 2.28 7.36 4 3.04 7.36 0 3.04
4 16 5.52 0 2.28 4.2 0 4.2 5.6 0 5.6 7.36 0 3.04
4 16 5.52 4 2.28 4.2 4 4.2 5.6 4 5.6 7.36 4 3.04
4 16 4.2 0 4.2 2.28 0 5.52 3.04 0 7.36 5.6 0 5.6
4 16 4.2 4 4.2 2.28 4 5.52 3.04 4 7.36 5.6 4 5.6
2 24 7.36 0 3.04 5.52 0 2.28
2 24 7.36 4 3.04 5.52 4 2.28
2 24 3.04 0 7.36 2.28 0 5.52
2 24 3.04 4 7.36 2.28 4 5.52
1 16 0 0 0 2.296 0 5.543 0 0 0 5.543 0 -2.296 1-8edge.dat
1 16 0 0 0 7.391 0 3.061 0 0 0 3.061 0 -7.391 1-8edge.dat
1 16 0 22 0 7.391 0 3.061 0 0 0 3.061 0 -7.391 1-8edge.dat
1 16 0 22 0 5.543 0 2.296 0 0 0 2.296 0 -5.543 1-8edge.dat
1 16 0 6 0 5.543 0 2.296 0 16 0 2.296 0 -5.543 1-8cyli.dat
2 24 7.36 6 3.04 7.36 22 3.04
2 24 3.04 6 7.36 3.04 22 7.36
2 24 5.52 6 2.28 5.52 22 2.28
2 24 2.28 6 5.52 2.28 22 5.52
2 24 2.28 22 5.52 3.04 22 7.36
2 24 5.52 22 2.28 7.36 22 3.04
4 16 2.28 6 5.52 2.28 22 5.52 3.04 22 7.36 3.04 6 7.36
4 16 5.52 6 2.28 5.52 22 2.28 7.36 22 3.04 7.36 6 3.04
4 16 8 22 0 6 22 0 5.52 22 2.28 7.36 22 3.04
4 16 8 22 0 6 22 0 5.52 22 -2.28 7.36 22 -3.04
2 24 3.04 0 -7.36 3.04 4 -7.36
2 24 7.36 0 -3.04 7.36 4 -3.04
2 24 2.28 0 -5.52 2.28 4 -5.52
2 24 5.52 0 -2.28 5.52 4 -2.28
4 16 5.52 0 -2.28 5.52 4 -2.28 7.36 4 -3.04 7.36 0 -3.04
4 16 2.28 0 -5.52 2.28 4 -5.52 3.04 4 -7.36 3.04 0 -7.36
4 16 2.28 0 -5.52 4.2 0 -4.2 5.6 0 -5.6 3.04 0 -7.36
4 16 2.28 4 -5.52 4.2 4 -4.2 5.6 4 -5.6 3.04 4 -7.36
4 16 4.2 0 -4.2 5.52 0 -2.28 7.36 0 -3.04 5.6 0 -5.6
4 16 4.2 4 -4.2 5.52 4 -2.28 7.36 4 -3.04 5.6 4 -5.6
2 24 3.04 0 -7.36 2.28 0 -5.52
2 24 3.04 4 -7.36 2.28 4 -5.52
2 24 7.36 0 -3.04 5.52 0 -2.28
2 24 7.36 4 -3.04 5.52 4 -2.28
1 16 0 0 0 5.543 0 -2.296 0 0 0 -2.296 0 -5.543 1-8edge.dat
1 16 0 0 0 3.061 0 -7.391 0 0 0 -7.391 0 -3.061 1-8edge.dat
1 16 0 22 0 3.061 0 -7.391 0 0 0 -7.391 0 -3.061 1-8edge.dat
1 16 0 22 0 2.296 0 -5.543 0 0 0 -5.543 0 -2.296 1-8edge.dat
1 16 0 6 0 2.296 0 -5.543 0 16 0 -5.543 0 -2.296 1-8cyli.dat
2 24 3.04 6 -7.36 3.04 22 -7.36
2 24 7.36 6 -3.04 7.36 22 -3.04
2 24 2.28 6 -5.52 2.28 22 -5.52
2 24 5.52 6 -2.28 5.52 22 -2.28
2 24 5.52 22 -2.28 7.36 22 -3.04
2 24 2.28 22 -5.52 3.04 22 -7.36
4 16 5.52 6 -2.28 5.52 22 -2.28 7.36 22 -3.04 7.36 6 -3.04
4 16 2.28 6 -5.52 2.28 22 -5.52 3.04 22 -7.36 3.04 6 -7.36
4 16 0 22 -8 0 22 -6 2.28 22 -5.52 3.04 22 -7.36
4 16 0 22 -8 0 22 -6 -2.28 22 -5.52 -3.04 22 -7.36
2 24 -7.36 0 -3.04 -7.36 4 -3.04
2 24 -3.04 0 -7.36 -3.04 4 -7.36
2 24 -5.52 0 -2.28 -5.52 4 -2.28
2 24 -2.28 0 -5.52 -2.28 4 -5.52
4 16 -2.28 0 -5.52 -2.28 4 -5.52 -3.04 4 -7.36 -3.04 0 -7.36
4 16 -5.52 0 -2.28 -5.52 4 -2.28 -7.36 4 -3.04 -7.36 0 -3.04
4 16 -5.52 0 -2.28 -4.2 0 -4.2 -5.6 0 -5.6 -7.36 0 -3.04
4 16 -5.52 4 -2.28 -4.2 4 -4.2 -5.6 4 -5.6 -7.36 4 -3.04
4 16 -4.2 0 -4.2 -2.28 0 -5.52 -3.04 0 -7.36 -5.6 0 -5.6
4 16 -4.2 4 -4.2 -2.28 4 -5.52 -3.04 4 -7.36 -5.6 4 -5.6
2 24 -7.36 0 -3.04 -5.52 0 -2.28
2 24 -7.36 4 -3.04 -5.52 4 -2.28
2 24 -3.04 0 -7.36 -2.28 0 -5.52
2 24 -3.04 4 -7.36 -2.28 4 -5.52
1 16 0 0 0 -2.296 0 -5.543 0 0 0 -5.543 0 2.296 1-8edge.dat
1 16 0 0 0 -7.391 0 -3.061 0 0 0 -3.061 0 7.391 1-8edge.dat
1 16 0 22 0 -7.391 0 -3.061 0 0 0 -3.061 0 7.391 1-8edge.dat
1 16 0 22 0 -5.543 0 -2.296 0 0 0 -2.296 0 5.543 1-8edge.dat
1 16 0 6 0 -5.543 0 -2.296 0 16 0 -2.296 0 5.543 1-8cyli.dat
2 24 -7.36 6 -3.04 -7.36 22 -3.04
2 24 -3.04 6 -7.36 -3.04 22 -7.36
2 24 -5.52 6 -2.28 -5.52 22 -2.28
2 24 -2.28 6 -5.52 -2.28 22 -5.52
2 24 -2.28 22 -5.52 -3.04 22 -7.36
2 24 -5.52 22 -2.28 -7.36 22 -3.04
4 16 -2.28 6 -5.52 -2.28 22 -5.52 -3.04 22 -7.36 -3.04 6 -7.36
4 16 -5.52 6 -2.28 -5.52 22 -2.28 -7.36 22 -3.04 -7.36 6 -3.04
4 16 -8 22 0 -6 22 0 -5.52 22 -2.28 -7.36 22 -3.04
4 16 -8 22 0 -6 22 0 -5.52 22 2.28 -7.36 22 3.04
1 16 0 4 0 8 0 0 0 20 0 0 0 8 4-4cyli.dat
1 16 0 4 0 6 0 0 0 0 0 0 0 6 4-4disc.dat
1 16 0 4 0 6 0 0 0 0 0 0 0 6 4-4edge.dat
1 16 0 0 0 10 0 0 0 24 0 0 0 10 4-4cyli.dat
1 16 0 0 0 10 0 0 0 0 0 0 0 10 4-4edge.dat
1 16 0 24 0 10 0 0 0 0 0 0 0 10 4-4edge.dat
1 16 0 24 0 8 0 0 0 0 0 0 0 8 4-4edge.dat
1 16 0 4 0 1 0 0 0 2 0 0 0 1 stud.dat
1 16 0 24 0  2 0 0 0 0 0 0 0 2 ring4.dat
1 16 0 0 0  2 0 0 0 0 0 0 0 2 ring4.dat
4 16 7.07 11.535 7.07 46 15 14 46 1 -14 7.07 4.465 -7.07
2 24 7.07 4.465 -7.07 46 1 -14
2 24 7.07 11.535 7.07 46 15 14
2 24 56 6 -4 56 10 4
1 16 0 8 0 7.07 0 7.07 -3.535 0 3.535 -7.07 0 7.07 1-4edge.dat
1 16 46 10 4 10 0 0 0 0 5 0 0 10 1-4edge.dat
1 16 46 10 4 10 0 0 0 0 5 0 0 10 1-4disc.dat
1 16 46 6 -4 10 0 0 0 0 -5 0 0 -10 1-4disc.dat
1 16 46 6 -4 10 0 0 0 0 -5 0 0 -10 1-4edge.dat
4 16 46 6 -4 56 6 -4 56 10 4 46 10 4
4 16 7.07 15.535 7.07 46 19 14 46 5 -14 7.07 8.465 -7.07
2 24 7.07 8.465 -7.07 46 5 -14
2 24 7.07 15.535 7.07 46 19 14
2 24 56 10 -4 56 14 4
1 16 0 12 0 7.07 0 7.07 -3.535 0 3.535 -7.07 0 7.07 1-4edge.dat
1 16 46 14 4 10 0 0 0 0 5 0 0 10 1-4edge.dat
1 16 46 14 4 10 0 0 0 0 5 0 0 10 1-4disc.dat
1 16 46 10 -4 10 0 0 0 0 -5 0 0 -10 1-4disc.dat
1 16 46 10 -4 10 0 0 0 0 -5 0 0 -10 1-4edge.dat
4 16 46 10 -4 56 10 -4 56 14 4 46 14 4
4 16 -7.07 11.535 -7.07 -46 15 -14 -46 1 14 -7.07 4.465 7.07
2 24 -7.07 4.465 7.07 -46 1 14
2 24 -7.07 11.535 -7.07 -46 15 -14
2 24 -56 6 4 -56 10 -4
1 16 0 8 0 -7.07 0 -7.07 -3.535 0 3.535 7.07 0 -7.07 1-4edge.dat
1 16 -46 10 -4 -10 0 0 0 0 5 0 0 -10 1-4edge.dat
1 16 -46 10 -4 -10 0 0 0 0 5 0 0 -10 1-4disc.dat
1 16 -46 6 4 -10 0 0 0 0 -5 0 0 10 1-4disc.dat
1 16 -46 6 4 -10 0 0 0 0 -5 0 0 10 1-4edge.dat
4 16 -46 6 4 -56 6 4 -56 10 -4 -46 10 -4
4 16 -7.07 15.535 -7.07 -46 19 -14 -46 5 14 -7.07 8.465 7.07
2 24 -7.07 8.465 7.07 -46 5 14
2 24 -7.07 15.535 -7.07 -46 19 -14
2 24 -56 10 4 -56 14 -4
1 16 0 12 0 -7.07 0 -7.07 -3.535 0 3.535 7.07 0 -7.07 1-4edge.dat
1 16 -46 14 -4 -10 0 0 0 0 5 0 0 -10 1-4edge.dat
1 16 -46 14 -4 -10 0 0 0 0 5 0 0 -10 1-4disc.dat
1 16 -46 10 4 -10 0 0 0 0 -5 0 0 10 1-4disc.dat
1 16 -46 10 4 -10 0 0 0 0 -5 0 0 10 1-4edge.dat
4 16 -46 10 4 -56 10 4 -56 14 -4 -46 14 -4
2 24 7.07 4.465 -7.07 7.07 8.465 -7.07
2 24 7.07 11.535 7.07 7.07 15.535 7.07
1 16 46 10 4 10 0 0 0 4 5 0 0 10 1-4cyli.dat
1 16 46 6 -4 10 0 0 0 4 -5 0 0 -10 1-4cyli.dat
4 16 7.07 4.465 -7.07 46 1 -14 46 5 -14 7.07 8.465 -7.07
4 16 7.07 11.535 7.07 46 15 14 46 19 14 7.07 15.535 7.07
4 16 56 6 -4 56 10 4 56 14 4 56 10 -4
2 24 -7.07 4.465 7.07 -7.07 8.465 7.07
2 24 -7.07 11.535 -7.07 -7.07 15.535 -7.07
1 16 -46 10 -4 -10 0 0 0 4 5 0 0 -10 1-4cyli.dat
1 16 -46 6 4 -10 0 0 0 4 -5 0 0 10 1-4cyli.dat
4 16 -7.07 4.465 7.07 -46 1 14 -46 5 14 -7.07 8.465 7.07
4 16 -7.07 11.535 -7.07 -46 15 -14 -46 19 -14 -7.07 15.535 -7.07
4 16 -56 6 4 -56 10 -4 -56 14 -4 -56 10 4
4 16 -56 6 4 -56 10 -4 -56 14 -4 -56 10 4
