0 Electric Plate  2 x  8 with Contacts
0 Name: 4758.dat
0 Author: Manfred Moolhuysen
0 !LDRAW_ORG Part UPDATE 1999-01
0 !LICENSE Redistributable under CCAL version 2.0 : see CAreadme.txt

0 !HISTORY 1997-12-05 [PTadmin] Official Update 1997-17
0 !HISTORY 1999-02-01 [PTadmin] Official Update 1999-01
0 !HISTORY 2007-07-08 [PTadmin] Header formatted for Contributor Agreement
0 !HISTORY 2008-07-01 [PTadmin] Official Update 2008-01

1 16 60 4 0 1 0 0 0 -1 0 0 0 1 stud4.dat
1 16 40 4 0 1 0 0 0 -1 0 0 0 1 stud4.dat
1 16 20 4 0 1 0 0 0 -1 0 0 0 1 stud4.dat
1 16 0 4 0 1 0 0 0 -1 0 0 0 1 stud4.dat
1 16 -20 4 0 1 0 0 0 -1 0 0 0 1 stud4.dat
1 16 -40 4 0 1 0 0 0 -1 0 0 0 1 stud4.dat
1 16 -60 4 0 1 0 0 0 -1 0 0 0 1 stud4.dat

1 14 0 6 -16 76 0 0 0 0 2 0 1 0 rect.dat
1 14 0 6 16 76 0 0 0 0 2 0 1 0 rect.dat
1 16 -76 6 0 0 1 0 2 0 0 0 0 16 rect.dat
1 16 76 6 0 0 -1 0 2 0 0 0 0 16 rect.dat

4 14 -70 4 -16 -70 4 -4 -76 4 -8 -76 4 -16
4 16 -70 4 -4 -70 4 4 -76 4 8 -76 4 -8
4 14 -70 4 16 -70 4 4 -76 4 8 -76 4 16
2 24 -70 4 -4 -76 4 -8
2 24 -70 4 4 -76 4 8

4 14 -70 4 -16 -70 4 -4 -60 4 -8 -60 4 -16
4 16 -70 4 -4 -70 4 4 -60 4 8 -60 4 -8
4 14 -70 4 16 -70 4 4 -60 4 8 -60 4 16
4 14 -50 4 -16 -50 4 -4 -60 4 -8 -60 4 -16
4 16 -50 4 -4 -50 4 4 -60 4 8 -60 4 -8
4 14 -50 4 16 -50 4 4 -60 4 8 -60 4 16
2 24 -70 4 -4 -60 4 -8
2 24 -70 4 4 -60 4 8
2 24 -50 4 -4 -60 4 -8
2 24 -50 4 4 -60 4 8

4 14 -50 4 -16 -50 4 -4 -40 4 -8 -40 4 -16
4 16 -50 4 -4 -50 4 4 -40 4 8 -40 4 -8
4 14 -50 4 16 -50 4 4 -40 4 8 -40 4 16
4 14 -30 4 -16 -30 4 -4 -40 4 -8 -40 4 -16
4 16 -30 4 -4 -30 4 4 -40 4 8 -40 4 -8
4 14 -30 4 16 -30 4 4 -40 4 8 -40 4 16
2 24 -50 4 -4 -40 4 -8
2 24 -50 4 4 -40 4 8
2 24 -30 4 -4 -40 4 -8
2 24 -30 4 4 -40 4 8

4 14 -30 4 -16 -30 4 -4 -20 4 -8 -20 4 -16
4 16 -30 4 -4 -30 4 4 -20 4 8 -20 4 -8
4 14 -30 4 16 -30 4 4 -20 4 8 -20 4 16
4 14 -10 4 -16 -10 4 -4 -20 4 -8 -20 4 -16
4 16 -10 4 -4 -10 4 4 -20 4 8 -20 4 -8
4 14 -10 4 16 -10 4 4 -20 4 8 -20 4 16
2 24 -30 4 -4 -20 4 -8
2 24 -30 4 4 -20 4 8
2 24 -10 4 -4 -20 4 -8
2 24 -10 4 4 -20 4 8

4 14 -10 4 -16 -10 4 -4 0 4 -8 0 4 -16
4 16 -10 4 -4 -10 4 4 0 4 8 0 4 -8
4 14 -10 4 16 -10 4 4 0 4 8 0 4 16
4 14 10 4 -16 10 4 -4 0 4 -8 0 4 -16
4 16 10 4 -4 10 4 4 0 4 8 0 4 -8
4 14 10 4 16 10 4 4 0 4 8 0 4 16
2 24 -10 4 -4 0 4 -8
2 24 -10 4 4 0 4 8
2 24 10 4 -4 0 4 -8
2 24 10 4 4 0 4 8

4 14 10 4 -16 10 4 -4 20 4 -8 20 4 -16
4 16 10 4 -4 10 4 4 20 4 8 20 4 -8
4 14 10 4 16 10 4 4 20 4 8 20 4 16
4 14 30 4 -16 30 4 -4 20 4 -8 20 4 -16
4 16 30 4 -4 30 4 4 20 4 8 20 4 -8
4 14 30 4 16 30 4 4 20 4 8 20 4 16
2 24 10 4 -4 20 4 -8
2 24 10 4 4 20 4 8
2 24 30 4 -4 20 4 -8
2 24 30 4 4 20 4 8

4 14 30 4 -16 30 4 -4 40 4 -8 40 4 -16
4 16 30 4 -4 30 4 4 40 4 8 40 4 -8
4 14 30 4 16 30 4 4 40 4 8 40 4 16
4 14 50 4 -16 50 4 -4 40 4 -8 40 4 -16
4 16 50 4 -4 50 4 4 40 4 8 40 4 -8
4 14 50 4 16 50 4 4 40 4 8 40 4 16
2 24 30 4 -4 40 4 -8
2 24 30 4 4 40 4 8
2 24 50 4 -4 40 4 -8
2 24 50 4 4 40 4 8

4 14 50 4 -16 50 4 -4 60 4 -8 60 4 -16
4 16 50 4 -4 50 4 4 60 4 8 60 4 -8
4 14 50 4 16 50 4 4 60 4 8 60 4 16
4 14 70 4 -16 70 4 -4 60 4 -8 60 4 -16
4 16 70 4 -4 70 4 4 60 4 8 60 4 -8
4 14 70 4 16 70 4 4 60 4 8 60 4 16
2 24 50 4 -4 60 4 -8
2 24 50 4 4 60 4 8
2 24 70 4 -4 60 4 -8
2 24 70 4 4 60 4 8

4 14 70 4 -16 70 4 -4 76 4 -8 76 4 -16
4 16 70 4 -4 70 4 4 76 4 8 76 4 -8
4 14 70 4 16 70 4 4 76 4 8 76 4 16
2 24 70 4 -4 76 4 -8
2 24 70 4 4 76 4 8

4 16 80 8 20 76 8 16 -76 8 16 -80 8 20
4 16 80 8 -20 76 8 -16 -76 8 -16 -80 8 -20
4 16 80 8 20 76 8 16 76 8 -16 80 8 -20
4 16 -80 8 20 -76 8 16 -76 8 -16 -80 8 -20
1 16 0 8 0 80 0 0 0 -8 0 0 0 20 box5.dat
1 16 70 0 10 -1 0 0 0 1 0 0 0 -1 studel.dat
1 16 50 0 10 -1 0 0 0 1 0 0 0 -1 studel.dat
1 16 30 0 10 -1 0 0 0 1 0 0 0 -1 studel.dat
1 16 10 0 10 -1 0 0 0 1 0 0 0 -1 studel.dat
1 16 -10 0 10 -1 0 0 0 1 0 0 0 -1 studel.dat
1 16 -30 0 10 -1 0 0 0 1 0 0 0 -1 studel.dat
1 16 -50 0 10 -1 0 0 0 1 0 0 0 -1 studel.dat
1 16 -70 0 10 -1 0 0 0 1 0 0 0 -1 studel.dat
1 16 50 0 -10 1 0 0 0 1 0 0 0 1 studel.dat
1 16 70 0 -10 1 0 0 0 1 0 0 0 1 studel.dat
1 16 30 0 -10 1 0 0 0 1 0 0 0 1 studel.dat
1 16 10 0 -10 1 0 0 0 1 0 0 0 1 studel.dat
1 16 -10 0 -10 1 0 0 0 1 0 0 0 1 studel.dat
1 16 -30 0 -10 1 0 0 0 1 0 0 0 1 studel.dat
1 16 -50 0 -10 1 0 0 0 1 0 0 0 1 studel.dat
1 16 -70 0 -10 1 0 0 0 1 0 0 0 1 studel.dat
0