0 Staircase  4 x  6 x  7 1/3 Enclosed Straight 
0 Name: 4784.dat
0 Author: Chris Dee [cwdee]
0 !LDRAW_ORG Part UPDATE 2000-02
0 !LICENSE Redistributable under CCAL version 2.0 : see CAreadme.txt

0 !HISTORY 2000-09-30 [PTadmin] Official Update 2000-02
0 !HISTORY 2007-07-09 [PTadmin] Header formatted for Contributor Agreement
0 !HISTORY 2008-07-01 [PTadmin] Official Update 2008-01

1 16 0 -36 4 26 0 0 0 1 0 0 0 -14 rect.dat
1 16 0 -73 32 26 0 0 0 1 0 0 0 -14 rect.dat
1 16 0 -110 60 26 0 0 0 1 0 0 0 -14 rect.dat
1 16 0 -147 88 26 0 0 0 1 0 0 0 -14 rect.dat
1 16 0 -184 116 26 0 0 0 1 0 0 0 -14 rect.dat
1 16 -10 -184 120 1 0 0 0 1 0 0 0 1 stud.dat
1 16 10 -184 120 1 0 0 0 1 0 0 0 1 stud.dat

1 16 0 -54.5 18 26 0 0 0 0 18.5 0 1 0 rect.dat
1 16 0 -91.5 46 26 0 0 0 0 18.5 0 1 0 rect.dat
1 16 0 -128.5 74 26 0 0 0 0 18.5 0 1 0 rect.dat
1 16 0 -165.5 102 26 0 0 0 0 18.5 0 1 0 rect.dat
4 16 -26 0 -10 26 0 -10 26 -36 -10 -26 -36 -10
2 24 -40 0 -10 40 0 -10
2 24 -40 0 10 40 0 10
4 16 26 -176 130 26 -184 130 -26 -184 130 -26 -176 130
2 24 -40 -176 130 40 -176 130

4 16 26 -78 -10 26 0 -10 34 0 -10 34 -78 -10
4 16 -26 -78 -10 -26 0 -10 -34 0 -10 -34 -78 -10
4 16 34 -17 -10 34 0 -10 40 0 -10 40 -17 -10
4 16 -34 -17 -10 -34 0 -10 -40 0 -10 -40 -17 -10
4 16 34 -20 -10 34 -17 -10 37 -17 -10 37 -20 -10
4 16 -34 -20 -10 -34 -17 -10 -37 -17 -10 -37 -20 -10
1 16 37 -17 -10 3 0 0 0 0 -3 0 1 0 1-4DISC.DAT
1 16 -37 -17 -10 -3 0 0 0 0 -3 0 1 0 1-4DISC.DAT
1 16 37 -23 -10 0 0 -3 3 0 0 0 1 0 1-4NDIS.DAT
1 16 -37 -23 -10 0 0 3 3 0 0 0 1 0 1-4NDIS.DAT
1 16 30 -78 -10 4 0 0 0 0 -4 0 1 0 1-4DISC.DAT
1 16 -30 -78 -10 -4 0 0 0 0 -4 0 1 0 1-4DISC.DAT
4 16 30 -78 -10 30 -82 -10 26 -82 -10 26 -78 -10
4 16 -30 -78 -10 -30 -82 -10 -26 -82 -10 -26 -78 -10
2 24 40 0 -10 40 -17 -10
2 24 -40 0 -10 -40 -17 -10
1 16 37 -17 -10 3 0 0 0 0 -3 0 1 0 1-4EDGE.DAT
1 16 -37 -17 -10 -3 0 0 0 0 -3 0 1 0 1-4EDGE.DAT
1 16 37 -23 -10 0 0 -3 3 0 0 0 1 0 1-4EDGE.DAT
1 16 -37 -23 -10 0 0 3 3 0 0 0 1 0 1-4EDGE.DAT
2 24 34 -23 -10 34 -78 -10
2 24 -34 -23 -10 -34 -78 -10
1 16 30 -78 -10 4 0 0 0 0 -4 0 1 0 1-4EDGE.DAT
1 16 -30 -78 -10 -4 0 0 0 0 -4 0 1 0 1-4EDGE.DAT
2 24 30 -82 -10 26 -82 -10
2 24 -30 -82 -10 -26 -82 -10
2 24 26 -82 -10 26 -36 -10
2 24 -26 -82 -10 -26 -36 -10
4 16 40 0 -10 40 -17 -10 40 -17 -6 40 0 -6
4 16 -40 0 -10 -40 -17 -10 -40 -17 -6 -40 0 -6
1 16 37 -17 -10 3 0 0 0 0 -3 0 4 0 1-4CYLI.DAT
1 16 -37 -17 -10 -3 0 0 0 0 -3 0 4 0 1-4CYLI.DAT
1 16 37 -23 -10 0 0 -3 3 0 0 0 4 0 1-4CYLI.DAT
1 16 -37 -23 -10 0 0 3 3 0 0 0 4 0 1-4CYLI.DAT
4 16 34 -23 -10 34 -78 -10 34 -78 -6 34 -23 -6
4 16 -34 -23 -10 -34 -78 -10 -34 -78 -6 -34 -23 -6
1 16 30 -78 -10 4 0 0 0 0 -4 0 4 0 1-4CYLI.DAT
1 16 -30 -78 -10 -4 0 0 0 0 -4 0 4 0 1-4CYLI.DAT
4 16 30 -82 -10 26 -82 -10 26 -82 10.973 30 -82 10.973
4 16 -30 -82 -10 -26 -82 -10 -26 -82 10.973 -30 -82 10.973
2 24 40 -8 -6 40 -17 -6
2 24 -40 -8 -6 -40 -17 -6
1 16 37 -17 -6 3 0 0 0 0 -3 0 1 0 1-4EDGE.DAT
1 16 -37 -17 -6 -3 0 0 0 0 -3 0 1 0 1-4EDGE.DAT
1 16 37 -23 -6 0 0 -3 3 0 0 0 1 0 1-4EDGE.DAT
1 16 -37 -23 -6 0 0 3 3 0 0 0 1 0 1-4EDGE.DAT
2 24 34 -23 -6 34 -78 -6
2 24 -34 -23 -6 -34 -78 -6
1 16 30 -78 -6 4 0 0 0 0 -4 0 1 0 1-4EDGE.DAT
1 16 -30 -78 -6 -4 0 0 0 0 -4 0 1 0 1-4EDGE.DAT
4 16 40 -8 -6 30 -8 -6 30 -17 -6 40 -17 -6
4 16 -40 -8 -6 -30 -8 -6 -30 -17 -6 -40 -17 -6
4 16 34 -20 -6 34 -17 -6 37 -17 -6 37 -20 -6
4 16 -34 -20 -6 -34 -17 -6 -37 -17 -6 -37 -20 -6
4 16 34 -17 -6 30 -17 -6 30 -78 -6 34 -78 -6
4 16 -34 -17 -6 -30 -17 -6 -30 -78 -6 -34 -78 -6
1 16 37 -17 -6 3 0 0 0 0 -3 0 1 0 1-4DISC.DAT
1 16 -37 -17 -6 -3 0 0 0 0 -3 0 1 0 1-4DISC.DAT
1 16 37 -23 -6 0 0 -3 3 0 0 0 1 0 1-4NDIS.DAT
1 16 -37 -23 -6 0 0 3 3 0 0 0 1 0 1-4NDIS.DAT
1 16 30 -78 -6 4 0 0 0 0 -4 0 1 0 1-4DISC.DAT
1 16 -30 -78 -6 -4 0 0 0 0 -4 0 1 0 1-4DISC.DAT
4 16 40 0 -6 40 -8 -6 40 -8 6 40 0 6
4 16 -40 0 -6 -40 -8 -6 -40 -8 6 -40 0 6
1 16 35 -8 0 5 0 0 0 1 0 0 0 6 RECT.DAT
1 16 -35 -8 0 -5 0 0 0 1 0 0 0 6 RECT.DAT
1 16 30 -45 0 0 1 0 37 0 0 0 0 6 RECT.DAT
1 16 -30 -45 0 0 -1 0 37 0 0 0 0 6 RECT.DAT
4 16 40 -8 6 30 -8 6 30 -17 6 40 -17 6
4 16 -40 -8 6 -30 -8 6 -30 -17 6 -40 -17 6
4 16 34 -20 6 34 -17 6 37 -17 6 37 -20 6
4 16 -34 -20 6 -34 -17 6 -37 -17 6 -37 -20 6
4 16 34 -17 6 30 -17 6 30 -78 6 34 -78 6
4 16 -34 -17 6 -30 -17 6 -30 -78 6 -34 -78 6
1 16 37 -17 6 3 0 0 0 0 -3 0 1 0 1-4DISC.DAT
1 16 -37 -17 6 -3 0 0 0 0 -3 0 1 0 1-4DISC.DAT
1 16 37 -23 6 0 0 -3 3 0 0 0 1 0 1-4NDIS.DAT
1 16 -37 -23 6 0 0 3 3 0 0 0 1 0 1-4NDIS.DAT
1 16 30 -78 6 4 0 0 0 0 -4 0 1 0 1-4DISC.DAT
1 16 -30 -78 6 -4 0 0 0 0 -4 0 1 0 1-4DISC.DAT
2 24 40 -8 6 40 -17 6
2 24 -40 -8 6 -40 -17 6
1 16 37 -17 6 3 0 0 0 0 -3 0 1 0 1-4EDGE.DAT
1 16 -37 -17 6 -3 0 0 0 0 -3 0 1 0 1-4EDGE.DAT
1 16 37 -23 6 0 0 -3 3 0 0 0 1 0 1-4EDGE.DAT
1 16 -37 -23 6 0 0 3 3 0 0 0 1 0 1-4EDGE.DAT
2 24 34 -23 6 34 -78 6
2 24 -34 -23 6 -34 -78 6
1 16 30 -78 6 4 0 0 0 0 -4 0 1 0 1-4EDGE.DAT
1 16 -30 -78 6 -4 0 0 0 0 -4 0 1 0 1-4EDGE.DAT
4 16 40 0 10 40 -17 10 40 -17 6 40 0 6
4 16 -40 0 10 -40 -17 10 -40 -17 6 -40 0 6
1 16 37 -17 6 3 0 0 0 0 -3 0 4 0 1-4CYLI.DAT
1 16 -37 -17 6 -3 0 0 0 0 -3 0 4 0 1-4CYLI.DAT
1 16 37 -23 6 0 0 -3 3 0 0 0 4 0 1-4CYLI.DAT
1 16 -37 -23 6 0 0 3 3 0 0 0 4 0 1-4CYLI.DAT
4 16 34 -23 10 34 -78 10 34 -78 6 34 -23 6
4 16 -34 -23 10 -34 -78 10 -34 -78 6 -34 -23 6
1 16 30 -78 6 4 0 0 0 0 -4 0 4.973 0 1-4CYLI.DAT
1 16 -30 -78 6 -4 0 0 0 0 -4 0 4.973 0 1-4CYLI.DAT
2 24 40 0 -10 40 0 10
2 24 -40 0 -10 -40 0 10
2 24 40 0 10 40 -17 10
2 24 -40 0 10 -40 -17 10
1 16 37 -17 10 3 0 0 0 0 -3 0 1 0 1-4EDGE.DAT
1 16 -37 -17 10 -3 0 0 0 0 -3 0 1 0 1-4EDGE.DAT
1 16 37 -23 10 0 0 -3 3 0 0 0 1 0 1-4EDGE.DAT
1 16 -37 -23 10 0 0 3 3 0 0 0 1 0 1-4EDGE.DAT
2 24 34 -23 10 34 -76.714 10
2 24 -34 -23 10 -34 -76.714 10
4 16 40 0 10 34 0 10 34 -17 10 40 -17 10
4 16 -40 0 10 -34 0 10 -34 -17 10 -40 -17 10
4 16 34 -20 10 34 -17 10 37 -17 10 37 -20 10
4 16 -34 -20 10 -34 -17 10 -37 -17 10 -37 -20 10
1 16 37 -17 10 3 0 0 0 0 -3 0 1 0 1-4DISC.DAT
1 16 -37 -17 10 -3 0 0 0 0 -3 0 1 0 1-4DISC.DAT
1 16 37 -23 10 0 0 -3 3 0 0 0 1 0 1-4NDIS.DAT
1 16 -37 -23 10 0 0 3 3 0 0 0 1 0 1-4NDIS.DAT
4 16 34 0 10 34 -73.714 10 30 -73.714 10 30 0 10
4 16 -34 0 10 -34 -73.714 10 -30 -73.714 10 -30 0 10

4 16 26 -36 -10 26 -36 18 26 -73 18 26 -73 -10
4 16 -26 -36 -10 -26 -36 18 -26 -73 18 -26 -73 -10
4 16 26 -73 -10 26 -73 18 26 -82 14 26 -82 -10
4 16 -26 -73 -10 -26 -73 18 -26 -82 14 -26 -82 -10
2 24 26 -82 14 26 -82 -10
2 24 -26 -82 14 -26 -82 -10
3 16 26 -73 18 26 -73 46 26 -110 46
3 16 -26 -73 18 -26 -73 46 -26 -110 46
4 16 26 -73 18 26 -110 46 26 -119 42 26 -82 14
4 16 -26 -73 18 -26 -110 46 -26 -119 42 -26 -82 14
3 16 26 -110 46 26 -110 74 26 -147 74
3 16 -26 -110 46 -26 -110 74 -26 -147 74
4 16 26 -110 46 26 -147 74 26 -156 70 26 -119 42
4 16 -26 -110 46 -26 -147 74 -26 -156 70 -26 -119 42
3 16 26 -147 74 26 -147 102 26 -184 102
3 16 -26 -147 74 -26 -147 102 -26 -184 102
4 16 26 -147 74 26 -184 102 26 -193 98 26 -156 70
4 16 -26 -147 74 -26 -184 102 -26 -193 98 -26 -156 70
4 16 26 -184 102 26 -193 98 26 -208.857 110 26 -184 110
4 16 -26 -184 102 -26 -193 98 -26 -208.857 110 -26 -184 110
4 16 26 -184 110 26 -184 130 26 -224 130 26 -224 110
4 16 -26 -184 110 -26 -184 130 -26 -224 130 -26 -224 110
2 24 26 -208.857 110 26 -224 110
2 24 -26 -208.857 110 -26 -224 110
2 24 26 -224 110 26 -224 130
2 24 -26 -224 110 -26 -224 130
2 24 26 -224 130 26 -184 130
2 24 -26 -224 130 -26 -184 130

4 16 34 -76.714 10 34 -208.857 110 34 -205.857 110 34 -73.714 10
4 16 -34 -76.714 10 -34 -208.857 110 -34 -205.857 110 -34 -73.714 10
4 16 30 -17.143 10 30 -73.714 10 30 -110.714 38 30 -54.143 38
4 16 -30 -17.143 10 -30 -73.714 10 -30 -110.714 38 -30 -54.143 38
4 16 30 -54.143 38 30 -110.714 38 34 -110.714 38 34 -54.143 38
4 16 -30 -54.143 38 -30 -110.714 38 -34 -110.714 38 -34 -54.143 38
4 16 34 -54.143 38 34 -110.714 38 34 -118.643 44 34 -62.072 44
4 16 -34 -54.143 38 -34 -110.714 38 -34 -118.643 44 -34 -62.072 44
4 16 34 -62.072 44 34 -118.643 44 30 -118.643 44 30 -62.072 44
4 16 -34 -62.072 44 -34 -118.643 44 -30 -118.643 44 -30 -62.072 44
4 16 30 -62.072 44 30 -118.643 44 30 -160.929 76 30 -104.358 76
4 16 -30 -62.072 44 -30 -118.643 44 -30 -160.929 76 -30 -104.358 76
4 16 30 -104.358 76 30 -160.929 76 34 -160.929 76 34 -104.358 76
4 16 -30 -104.358 76 -30 -160.929 76 -34 -160.929 76 -34 -104.358 76
4 16 34 -104.358 76 34 -160.929 76 34 -168.858 82 34 -112.287 82
4 16 -34 -104.358 76 -34 -160.929 76 -34 -168.858 82 -34 -112.287 82
4 16 34 -112.287 82 34 -168.858 82 30 -168.858 82 30 -112.287 82
4 16 -34 -112.287 82 -34 -168.858 82 -30 -168.858 82 -30 -112.287 82
4 16 30 -112.287 82 30 -168.858 82 30 -200.572 106 30 -144.001 106
4 16 -30 -112.287 82 -30 -168.858 82 -30 -200.572 106 -30 -144.001 106
4 16 30 -166 106 30 -200.572 106 30 -205.857 110 30 -166 110
4 16 -30 -166 106 -30 -200.572 106 -30 -205.857 110 -30 -166 110
4 16 34 -73.714 10 30 -73.714 10 30 -110.714 38 34 -110.714 38
4 16 -34 -73.714 10 -30 -73.714 10 -30 -110.714 38 -34 -110.714 38
4 16 34 -118.643 44 30 -118.643 44 30 -160.929 76 34 -160.929 76
4 16 -34 -118.643 44 -30 -118.643 44 -30 -160.929 76 -34 -160.929 76
4 16 34 -168.858 82 30 -168.858 82 30 -205.857 110 34 -205.857 110
4 16 -34 -168.858 82 -30 -168.858 82 -30 -205.857 110 -34 -205.857 110
4 16 30 -54.143 38 34 -54.143 38 34 -62.072 44 30 -62.072 44
4 16 -30 -54.143 38 -34 -54.143 38 -34 -62.072 44 -30 -62.072 44
4 16 30 -104.358 76 34 -104.358 76 34 -112.287 82 30 -112.287 82
4 16 -30 -104.358 76 -34 -104.358 76 -34 -112.287 82 -30 -112.287 82
2 24 30 -54.143 38 34 -54.143 38
2 24 -30 -54.143 38 -34 -54.143 38
2 24 34 -54.143 38 34 -62.072 44
2 24 -34 -54.143 38 -34 -62.072 44
2 24 34 -62.072 44 30 -62.072 44
2 24 -34 -62.072 44 -30 -62.072 44
2 24 34 -112.287 82 30 -112.287 82
2 24 -34 -112.287 82 -30 -112.287 82
2 24 34 -104.358 76 34 -112.287 82
2 24 -34 -104.358 76 -34 -112.287 82
2 24 30 -104.358 76 34 -104.358 76
2 24 -30 -104.358 76 -34 -104.358 76
2 24 30 -17.143 10 30 -73.714 10
2 24 -30 -17.143 10 -30 -73.714 10
2 24 30 -73.714 10 30 -110.714 38
2 24 -30 -73.714 10 -30 -110.714 38
2 24 30 -110.714 38 30 -54.143 38
2 24 -30 -110.714 38 -30 -54.143 38
2 24 30 -54.143 38 30 -17.143 10
2 24 -30 -54.143 38 -30 -17.143 10
2 24 30 -62.072 44 30 -118.643 44
2 24 -30 -62.072 44 -30 -118.643 44
2 24 30 -118.643 44 30 -160.929 76
2 24 -30 -118.643 44 -30 -160.929 76
2 24 30 -160.929 76 30 -104.358 76
2 24 -30 -160.929 76 -30 -104.358 76
2 24 30 -104.358 76 30 -62.072 44
2 24 -30 -104.358 76 -30 -62.072 44
2 24 30 -112.287 82 30 -168.858 82
2 24 -30 -112.287 82 -30 -168.858 82
2 24 30 -168.858 82 30 -205.857 110
2 24 -30 -168.858 82 -30 -205.857 110
2 24 30 -205.857 110 30 -166 110
2 24 -30 -205.857 110 -30 -166 110
2 24 30 -166 110 30 -166 106
2 24 -30 -166 110 -30 -166 106
2 24 30 -166 106 30 -144.001 106
2 24 -30 -166 106 -30 -144.001 106
2 24 30 -144.001 106 30 -112.287 82
2 24 -30 -144.001 106 -30 -112.287 82
2 24 34 -110.714 38 34 -54.143 38
2 24 -34 -110.714 38 -34 -54.143 38
2 24 34 -62.072 44 34 -118.643 44
2 24 -34 -62.072 44 -34 -118.643 44
2 24 34 -160.929 76 34 -104.358 76
2 24 -34 -160.929 76 -34 -104.358 76
2 24 34 -112.287 82 34 -168.858 82
2 24 -34 -112.287 82 -34 -168.858 82
2 24 34 -73.714 10 34 -110.714 38
2 24 -34 -73.714 10 -34 -110.714 38
2 24 34 -118.643 44 34 -160.929 76
2 24 -34 -118.643 44 -34 -160.929 76
2 24 34 -168.858 82 34 -205.857 110
2 24 -34 -168.858 82 -34 -205.857 110
2 24 30 -73.714 10 34 -73.714 10
2 24 -30 -73.714 10 -34 -73.714 10
2 24 30 -110.714 38 34 -110.714 38
2 24 -30 -110.714 38 -34 -110.714 38
2 24 30 -118.643 44 34 -118.643 44
2 24 -30 -118.643 44 -34 -118.643 44
2 24 30 -160.929 76 34 -160.929 76
2 24 -30 -160.929 76 -34 -160.929 76
2 24 30 -168.858 82 34 -168.858 82
2 24 -30 -168.858 82 -34 -168.858 82

4 16 34 -176 110 34 -189 110 40 -189 110 40 -176 110
4 16 -34 -176 110 -34 -189 110 -40 -189 110 -40 -176 110
4 16 34 -192 110 34 -189 110 37 -189 110 37 -192 110
4 16 -34 -192 110 -34 -189 110 -37 -189 110 -37 -192 110
1 16 37 -189 110 3 0 0 0 0 -3 0 1 0 1-4DISC.DAT
1 16 -37 -189 110 -3 0 0 0 0 -3 0 1 0 1-4DISC.DAT
1 16 37 -195 110 0 0 -3 3 0 0 0 1 0 1-4NDIS.DAT
1 16 -37 -195 110 0 0 3 3 0 0 0 1 0 1-4NDIS.DAT
4 16 30 -176 110 34 -176 110 34 -205.857 110 30 -205.857 110
4 16 -30 -176 110 -34 -176 110 -34 -205.857 110 -30 -205.857 110
1 16 30 -208.857 110 4 0 0 0 0 -4 0 1 0 2-4NDIS.DAT
1 16 -30 -208.857 110 -4 0 0 0 0 -4 0 1 0 2-4NDIS.DAT
4 16 26 -211.857 110 26 -220 110 34 -220 110 34 -211.857 110
4 16 -26 -211.857 110 -26 -220 110 -34 -220 110 -34 -211.857 110
4 16 26 -220 110 26 -224 110 30 -224 110 30 -220 110
4 16 -26 -220 110 -26 -224 110 -30 -224 110 -30 -220 110
1 16 30 -220 110 4 0 0 0 0 -4 0 1 0 1-4DISC.DAT
1 16 -30 -220 110 -4 0 0 0 0 -4 0 1 0 1-4DISC.DAT
2 24 30 -176 110 40 -176 110
2 24 -30 -176 110 -40 -176 110
2 24 40 -176 110 40 -189 110
2 24 -40 -176 110 -40 -189 110
1 16 37 -189 110 3 0 0 0 0 -3 0 1 0 1-4EDGE.DAT
1 16 -37 -189 110 -3 0 0 0 0 -3 0 1 0 1-4EDGE.DAT
1 16 37 -195 110 0 0 -3 3 0 0 0 1 0 1-4EDGE.DAT
1 16 -37 -195 110 0 0 3 3 0 0 0 1 0 1-4EDGE.DAT
2 24 34 -195 110 34 -205.857 110
2 24 -34 -195 110 -34 -205.857 110
2 24 34 -208.857 110 34 -220 110
2 24 -34 -208.857 110 -34 -220 110
1 16 30 -220 110 4 0 0 0 0 -4 0 4 0 1-4EDGE.DAT
1 16 -30 -220 110 -4 0 0 0 0 -4 0 4 0 1-4EDGE.DAT
2 24 30 -224 110 26 -224 110
2 24 -30 -224 110 -26 -224 110
4 16 40 -176 110 40 -189 110 40 -189 114 40 -176 114
4 16 -40 -176 110 -40 -189 110 -40 -189 114 -40 -176 114
1 16 37 -189 110 3 0 0 0 0 -3 0 4 0 1-4CYLI.DAT
1 16 -37 -189 110 -3 0 0 0 0 -3 0 4 0 1-4CYLI.DAT
1 16 37 -195 110 0 0 -3 3 0 0 0 4 0 1-4CYLI.DAT
1 16 -37 -195 110 0 0 3 3 0 0 0 4 0 1-4CYLI.DAT
4 16 34 -195 110 34 -220 110 34 -220 114 34 -195 114
4 16 -34 -195 110 -34 -220 110 -34 -220 114 -34 -195 114
1 16 30 -220 110 4 0 0 0 0 -4 0 4 0 1-4CYLI.DAT
1 16 -30 -220 110 -4 0 0 0 0 -4 0 4 0 1-4CYLI.DAT
4 16 30 -224 110 26 -224 110 26 -224 130 30 -224 130
4 16 -30 -224 110 -26 -224 110 -26 -224 130 -30 -224 130
2 24 40 -184 114 40 -189 114
2 24 -40 -184 114 -40 -189 114
1 16 37 -189 114 3 0 0 0 0 -3 0 1 0 1-4EDGE.DAT
1 16 -37 -189 114 -3 0 0 0 0 -3 0 1 0 1-4EDGE.DAT
1 16 37 -195 114 0 0 -3 3 0 0 0 1 0 1-4EDGE.DAT
1 16 -37 -195 114 0 0 3 3 0 0 0 1 0 1-4EDGE.DAT
2 24 34 -195 114 34 -220 114
2 24 -34 -195 114 -34 -220 114
1 16 30 -220 114 4 0 0 0 0 -4 0 4 0 1-4EDGE.DAT
1 16 -30 -220 114 -4 0 0 0 0 -4 0 4 0 1-4EDGE.DAT
4 16 34 -184 114 34 -189 114 40 -189 114 40 -184 114
4 16 -34 -184 114 -34 -189 114 -40 -189 114 -40 -184 114
4 16 34 -192 114 34 -189 114 37 -189 114 37 -192 114
4 16 -34 -192 114 -34 -189 114 -37 -189 114 -37 -192 114
1 16 37 -189 114 3 0 0 0 0 -3 0 1 0 1-4DISC.DAT
1 16 -37 -189 114 -3 0 0 0 0 -3 0 1 0 1-4DISC.DAT
1 16 37 -195 114 0 0 -3 3 0 0 0 1 0 1-4NDIS.DAT
1 16 -37 -195 114 0 0 3 3 0 0 0 1 0 1-4NDIS.DAT
4 16 30 -184 114 34 -184 114 34 -220 114 30 -220 114
4 16 -30 -184 114 -34 -184 114 -34 -220 114 -30 -220 114
1 16 30 -220 114 4 0 0 0 0 -4 0 1 0 1-4DISC.DAT
1 16 -30 -220 114 -4 0 0 0 0 -4 0 1 0 1-4DISC.DAT
2 24 40 -184 114 30 -184 114
2 24 -40 -184 114 -30 -184 114
2 24 30 -184 114 30 -224 114
2 24 -30 -184 114 -30 -224 114
4 16 40 -176 114 40 -184 114 40 -184 126 40 -176 126
4 16 -40 -176 114 -40 -184 114 -40 -184 126 -40 -176 126
4 16 40 -184 114 30 -184 114 30 -184 126 40 -184 126
4 16 -40 -184 114 -30 -184 114 -30 -184 126 -40 -184 126
4 16 30 -184 114 30 -224 114 30 -224 126 30 -184 126
4 16 -30 -184 114 -30 -224 114 -30 -224 126 -30 -184 126
2 24 40 -176 110 40 -176 130
2 24 -40 -176 110 -40 -176 130
2 24 40 -184 114 40 -184 126
2 24 -40 -184 114 -40 -184 126
2 24 30 -184 114 30 -184 126
2 24 -30 -184 114 -30 -184 126
2 24 30 -224 114 30 -224 126
2 24 -30 -224 114 -30 -224 126
2 24 40 -184 126 30 -184 126
2 24 -40 -184 126 -30 -184 126
2 24 30 -184 126 30 -224 126
2 24 -30 -184 126 -30 -224 126
4 16 34 -184 126 34 -189 126 40 -189 126 40 -184 126
4 16 -34 -184 126 -34 -189 126 -40 -189 126 -40 -184 126
4 16 34 -192 126 34 -189 126 37 -189 126 37 -192 126
4 16 -34 -192 126 -34 -189 126 -37 -189 126 -37 -192 126
1 16 37 -189 126 3 0 0 0 0 -3 0 1 0 1-4DISC.DAT
1 16 -37 -189 126 -3 0 0 0 0 -3 0 1 0 1-4DISC.DAT
1 16 37 -195 126 0 0 -3 3 0 0 0 1 0 1-4NDIS.DAT
1 16 -37 -195 126 0 0 3 3 0 0 0 1 0 1-4NDIS.DAT
4 16 30 -184 126 34 -184 126 34 -220 126 30 -220 126
4 16 -30 -184 126 -34 -184 126 -34 -220 126 -30 -220 126
1 16 30 -220 126 4 0 0 0 0 -4 0 1 0 1-4DISC.DAT
1 16 -30 -220 126 -4 0 0 0 0 -4 0 1 0 1-4DISC.DAT
2 24 40 -184 126 40 -189 126
2 24 -40 -184 126 -40 -189 126
1 16 37 -189 126 3 0 0 0 0 -3 0 1 0 1-4EDGE.DAT
1 16 -37 -189 126 -3 0 0 0 0 -3 0 1 0 1-4EDGE.DAT
1 16 37 -195 126 0 0 -3 3 0 0 0 1 0 1-4EDGE.DAT
1 16 -37 -195 126 0 0 3 3 0 0 0 1 0 1-4EDGE.DAT
2 24 34 -195 126 34 -220 126
2 24 -34 -195 126 -34 -220 126
1 14 30 -220 126 4 0 0 0 0 -4 0 4 0 1-4EDGE.DAT
1 14 -30 -220 126 -4 0 0 0 0 -4 0 4 0 1-4EDGE.DAT
4 16 40 -176 126 40 -189 126 40 -189 130 40 -176 130
4 16 -40 -176 126 -40 -189 126 -40 -189 130 -40 -176 130
1 16 37 -189 126 3 0 0 0 0 -3 0 4 0 1-4CYLI.DAT
1 16 -37 -189 126 -3 0 0 0 0 -3 0 4 0 1-4CYLI.DAT
1 16 37 -195 126 0 0 -3 3 0 0 0 4 0 1-4CYLI.DAT
1 16 -37 -195 126 0 0 3 3 0 0 0 4 0 1-4CYLI.DAT
4 16 34 -195 126 34 -220 126 34 -220 130 34 -195 130
4 16 -34 -195 126 -34 -220 126 -34 -220 130 -34 -195 130
1 16 30 -220 126 4 0 0 0 0 -4 0 4 0 1-4CYLI.DAT
1 16 -30 -220 126 -4 0 0 0 0 -4 0 4 0 1-4CYLI.DAT

2 24 40 -176 130 40 -189 130
2 24 -40 -176 130 -40 -189 130
1 16 37 -189 130 3 0 0 0 0 -3 0 1 0 1-4EDGE.DAT
1 16 -37 -189 130 -3 0 0 0 0 -3 0 1 0 1-4EDGE.DAT
1 16 37 -195 130 0 0 -3 3 0 0 0 1 0 1-4EDGE.DAT
1 16 -37 -195 130 0 0 3 3 0 0 0 1 0 1-4EDGE.DAT
2 24 34 -195 130 34 -220 130
2 24 -34 -195 130 -34 -220 130
1 16 30 -220 130 4 0 0 0 0 -4 0 4 0 1-4EDGE.DAT
1 16 -30 -220 130 -4 0 0 0 0 -4 0 4 0 1-4EDGE.DAT
2 24 30 -224 130 26 -224 130
2 24 -30 -224 130 -26 -224 130

4 16 34 -176 130 34 -189 130 40 -189 130 40 -176 130
4 16 -34 -176 130 -34 -189 130 -40 -189 130 -40 -176 130
4 16 34 -192 130 34 -189 130 37 -189 130 37 -192 130
4 16 -34 -192 130 -34 -189 130 -37 -189 130 -37 -192 130
1 16 37 -189 130 3 0 0 0 0 -3 0 1 0 1-4DISC.DAT
1 16 -37 -189 130 -3 0 0 0 0 -3 0 1 0 1-4DISC.DAT
1 16 37 -195 130 0 0 -3 3 0 0 0 1 0 1-4NDIS.DAT
1 16 -37 -195 130 0 0 3 3 0 0 0 1 0 1-4NDIS.DAT
4 16 26 -176 130 34 -176 130 34 -220 130 26 -220 130
4 16 -26 -176 130 -34 -176 130 -34 -220 130 -26 -220 130
1 16 30 -220 130 4 0 0 0 0 -4 0 1 0 1-4DISC.DAT
1 16 -30 -220 130 -4 0 0 0 0 -4 0 1 0 1-4DISC.DAT
4 16 30 -220 130 30 -224 130 26 -224 130 26 -220 130
4 16 -30 -220 130 -30 -224 130 -26 -224 130 -26 -220 130

4 16 26 -17.143 10 30 -17.143 10 30 -144 106 26 -144 106
4 16 -26 -17.143 10 -30 -17.143 10 -30 -144 106 -26 -144 106
2 24 26 -17.143 10 26 -144 106
2 24 -26 -17.143 10 -26 -144 106
2 24 26 -17.143 10 30 -17.143 10
2 24 -26 -17.143 10 -30 -17.143 10
3 16 26 -17.143 10 26 -33 10 26 -33 22
3 16 -26 -17.143 10 -26 -33 10 -26 -33 22
2 24 26 -17.143 10 26 -33 10
2 24 -26 -17.143 10 -26 -33 10
2 24 26 -33 10 26 -33 22
2 24 -26 -33 10 -26 -33 22
3 16 26 -33 22 26 -70 22 26 -70 50
3 16 -26 -33 22 -26 -70 22 -26 -70 50
2 24 26 -33 22 26 -70 22
2 24 -26 -33 22 -26 -70 22
2 24 26 -70 22 26 -70 50
2 24 -26 -70 22 -26 -70 50
3 16 26 -70 50 26 -107 50 26 -107 78
3 16 -26 -70 50 -26 -107 50 -26 -107 78
2 24 26 -70 50 26 -107 50
2 24 -26 -70 50 -26 -107 50
2 24 26 -107 50 26 -107 78
2 24 -26 -107 50 -26 -107 78
3 16 26 -107 78 26 -144 78 26 -144 106
3 16 -26 -107 78 -26 -144 78 -26 -144 106
2 24 26 -107 78 26 -144 78
2 24 -26 -107 78 -26 -144 78
2 24 26 -144 78 26 -144 106
2 24 -26 -144 78 -26 -144 106

1 16 30 -208.857 110 4 0 0 0 0 -4 0 1 0 2-4EDGE.DAT
1 16 -30 -208.857 110 -4 0 0 0 0 -4 0 1 0 2-4EDGE.DAT
4 16 34 -208.857 110 33.696 -210.388 110 33.696 -79.531 10.973 34 -78 10.973
4 16 -34 -208.857 110 -33.696 -210.388 110 -33.696 -79.531 10.973 -34 -78 10.973
4 16 33.696 -210.388 110 32.828 -211.685 110 32.828 -80.828 10.973 33.696 -79.531 10.973
4 16 -33.696 -210.388 110 -32.828 -211.685 110 -32.828 -80.828 10.973 -33.696 -79.531 10.973
4 16 32.828 -211.685 110 31.531 -212.553 110 31.531 -81.696 10.973 32.828 -80.828 10.973
4 16 -32.828 -211.685 110 -31.531 -212.553 110 -31.531 -81.696 10.973 -32.828 -80.828 10.973
4 16 31.531 -212.553 110 30 -212.857 110 30 -82 10.973 31.531 -81.696 10.973
4 16 -31.531 -212.553 110 -30 -212.857 110 -30 -82 10.973 -31.531 -81.696 10.973
4 16 30 -212.857 110 28.469 -212.553 110 28.469 -82 11.203 30 -82 10.973
4 16 -30 -212.857 110 -28.469 -212.553 110 -28.469 -82 11.203 -30 -82 10.973
4 16 28.469 -212.553 110 27.172 -211.685 110 27.172 -82 11.86 28.469 -82 11.203
4 16 -28.469 -212.553 110 -27.172 -211.685 110 -27.172 -82 11.86 -28.469 -82 11.203
4 16 27.172 -211.685 110 26.304 -210.388 110 26.304 -82 12.841 27.172 -82 11.86
4 16 -27.172 -211.685 110 -26.304 -210.388 110 -26.304 -82 12.841 -27.172 -82 11.86
4 16 26.304 -210.388 110 26 -208.857 110 26 -82 14 26.304 -82 12.841
4 16 -26.304 -210.388 110 -26 -208.857 110 -26 -82 14 -26.304 -82 12.841
5 24 34 -208.857 110 34 -78 10.973 33.696 -210.388 110 33.696 -207.326 110
5 24 -34 -208.857 110 -34 -78 10.973 -33.696 -210.388 110 -33.696 -207.326 110
5 24 33.696 -210.388 110 33.696 -79.531 10.973 32.828 -211.685 110 34 -208.857 110
5 24 -33.696 -210.388 110 -33.696 -79.531 10.973 -32.828 -211.685 110 -34 -208.857 110
5 24 32.828 -211.685 110 32.828 -80.828 10.973 31.531 -212.553 110 33.696 -210.388 110
5 24 -32.828 -211.685 110 -32.828 -80.828 10.973 -31.531 -212.553 110 -33.696 -210.388 110
5 24 31.531 -212.553 110 31.531 -81.696 10.973 30 -212.857 110 32.828 -211.685 110
5 24 -31.531 -212.553 110 -31.531 -81.696 10.973 -30 -212.857 110 -32.828 -211.685 110
5 24 30 -212.857 110 30 -82 10.973 28.469 -212.553 110 31.531 -212.553 110
5 24 -30 -212.857 110 -30 -82 10.973 -28.469 -212.553 110 -31.531 -212.553 110
5 24 28.469 -212.553 110 28.469 -82 11.203 27.172 -211.685 110 30 -212.857 110
5 24 -28.469 -212.553 110 -28.469 -82 11.203 -27.172 -211.685 110 -30 -212.857 110
5 24 27.172 -211.685 110 27.172 -82 11.86 26.304 -210.388 110 28.469 -212.553 110
5 24 -27.172 -211.685 110 -27.172 -82 11.86 -26.304 -210.388 110 -28.469 -212.553 110
5 24 26.304 -210.388 110 26.304 -82 12.841 26 -208.857 110 27.172 -211.685 110
5 24 -26.304 -210.388 110 -26.304 -82 12.841 -26 -208.857 110 -27.172 -211.685 110
3 16 34 -76.714 10 34 -78 10 34 -78 10.973
3 16 -34 -76.714 10 -34 -78 10 -34 -78 10.973
1 16 30 -78 10.973 4 0 0 0 0 -4 0 1 0 1-4EDGE.DAT
1 16 -30 -78 10.973 -4 0 0 0 0 -4 0 1 0 1-4EDGE.DAT
2 24 30 -82 10.973 28.469 -82 11.203
2 24 -30 -82 10.973 -28.469 -82 11.203
2 24 28.469 -82 11.203 27.172 -82 11.86
2 24 -28.469 -82 11.203 -27.172 -82 11.86
2 24 27.172 -82 11.86 26.304 -82 12.841
2 24 -27.172 -82 11.86 -26.304 -82 12.841
2 24 26.304 -82 12.841 26 -82 14
2 24 -26.304 -82 12.841 -26 -82 14

3 16 30 -82 10.973 28.469 -82 11.203 28.469 -82 10.973
3 16 -30 -82 10.973 -28.469 -82 11.203 -28.469 -82 10.973
4 16 28.469 -82 10.973 28.469 -82 11.203 27.172 -82 11.86 27.172 -82 10.973
4 16 -28.469 -82 10.973 -28.469 -82 11.203 -27.172 -82 11.86 -27.172 -82 10.973
4 16 27.172 -82 10.973 27.172 -82 11.86 26.304 -82 12.841 26.304 -82 10.973
4 16 -27.172 -82 10.973 -27.172 -82 11.86 -26.304 -82 12.841 -26.304 -82 10.973
4 16 26.304 -82 10.973 26.304 -82 12.841 26 -82 14 26 -82 10.973
4 16 -26.304 -82 10.973 -26.304 -82 12.841 -26 -82 14 -26 -82 10.973

4 16 -36 0 -6 -40 0 -10 -40 0 10 -36 0 6
4 16 -36 0 6 -40 0 10 40 0 10 36 0 6
4 16 36 0 6 40 0 10 40 0 -10 36 0 -6
4 16 36 0 -6 40 0 -10 -40 0 -10 -36 0 -6
2 24 -36 0 -6 -36 0 6
2 24 -36 0 6 36 0 6
2 24 36 0 6 36 0 -6
2 24 36 0 -6 -36 0 -6
2 24 -36 0 -6 -36 -6 -6
2 24 -36 0 6 -36 -6 6
2 24 36 0 6 36 -6 6
2 24 36 0 -6 36 -6 -6
4 16 -36 0 -6 -36 -6 -6 -36 -6 6 -36 0 6
4 16 36 0 -6 36 -6 -6 36 -6 6 36 0 6
4 16 -36 0 -6 -36 -6 -6 36 -6 -6 36 0 -6
4 16 -36 0 6 -36 -6 6 36 -6 6 36 0 6
2 24 26 -6 -6 26 -32 -6
2 24 26 -6 6 26 -32 6
2 24 -26 -6 -6 -26 -32 -6
2 24 -26 -6 6 -26 -32 6
4 16 26 -6 -6 26 -32 -6 26 -32 6 26 -6 6
4 16 26 -6 6 26 -32 6 -26 -32 6 -26 -6 6
4 16 -26 -6 6 -26 -32 6 -26 -32 -6 -26 -6 -6
4 16 -26 -6 -6 -26 -32 -6 26 -32 -6 26 -6 -6
1 16 0 -32 0 26 0 0 0 1 0 0 0 6 rect.dat
1 16 -20 -32 0 1 0 0 0 -8 0 0 0 1 stud3.dat
1 16 0 -32 0 1 0 0 0 -8 0 0 0 1 stud3.dat
1 16 20 -32 0 1 0 0 0 -8 0 0 0 1 stud3.dat
1 16 -31 -6 0 5 0 0 0 1 0 0 0 6 rect.dat
1 16 31 -6 0 5 0 0 0 1 0 0 0 6 rect.dat

4 16 -30 0 10 30 0 10 30 -17.143 10 -30 -17.143 10
4 16 -26 -17.143 10 26 -17.143 10 26 -33 10 -26 -33 10
4 16 -26 -33 10 26 -33 10 26 -33 22 -26 -33 22
2 24 -26 -33 10 26 -33 10
2 24 -26 -33 22 26 -33 22
4 16 -26 -33 22 26 -33 22 26 -70 22 -26 -70 22
2 24 -26 -70 22 26 -70 22
4 16 -26 -70 22 26 -70 22 26 -70 50 -26 -70 50
2 24 -26 -70 50 26 -70 50
4 16 -26 -70 50 26 -70 50 26 -107 50 -26 -107 50
2 24 -26 -107 50 26 -107 50
4 16 -26 -107 50 26 -107 50 26 -107 78 -26 -107 78
2 24 -26 -107 78 26 -107 78
4 16 -26 -107 78 26 -107 78 26 -144 78 -26 -144 78
2 24 -26 -144 78 26 -144 78
4 16 -26 -144 78 26 -144 78 26 -144 106 -26 -144 106
2 24 -30 -144 106 30 -144 106
4 16 -30 -144 106 30 -144 106 30 -166 106 -30 -166 106
4 16 -26 -166 106 26 -166 106 26 -181 106 -26 -181 106

4 16 30 -176 114 30 -176 110 40 -176 110 36 -176 114
4 16 36 -176 114 40 -176 110 40 -176 130 36 -176 126
4 16 36 -176 126 40 -176 130 -40 -176 130 -36 -176 126
4 16 -36 -176 126 -40 -176 130 -40 -176 110 -36 -176 114
4 16 -36 -176 114 -40 -176 110 -30 -176 110 -30 -176 114
2 24 30 -176 114 30 -176 110
2 24 30 -176 114 36 -176 114
2 24 36 -176 114 36 -176 126
2 24 36 -176 126 -36 -176 126
2 24 -30 -176 114 -30 -176 110
2 24 -30 -176 114 -36 -176 114
2 24 -36 -176 114 -36 -176 126
4 16 30 -176 114 30 -176 110 30 -181 110 30 -181 114
4 16 30 -176 114 36 -176 114 36 -181 114 30 -181 114
4 16 36 -176 114 36 -176 126 36 -181 126 36 -181 114
4 16 36 -176 126 -36 -176 126 -36 -181 126 36 -181 126
4 16 -30 -176 114 -30 -176 110 -30 -181 110 -30 -181 114
4 16 -30 -176 114 -36 -176 114 -36 -181 114 -30 -181 114
4 16 -36 -176 114 -36 -176 126 -36 -181 126 -36 -181 114
2 24 30 -176 110 30 -181 110
2 24 30 -176 114 30 -181 114
2 24 36 -176 114 36 -181 114
2 24 36 -176 126 36 -181 126
2 24 -30 -176 110 -30 -181 110
2 24 -30 -176 114 -30 -181 114
2 24 -36 -176 114 -36 -181 114
2 24 -36 -176 126 -36 -181 126
4 16 36 -181 114 -36 -181 114 -36 -181 126 36 -181 126
4 16 30 -181 114 30 -181 106 -30 -181 106 -30 -181 114
2 24 30 -181 106 -30 -181 106
2 24 30 -181 114 30 -181 110
2 24 30 -181 114 36 -181 114
2 24 36 -181 114 36 -181 126
2 24 36 -181 126 -36 -181 126
2 24 -30 -181 114 -30 -181 110
2 24 -30 -181 114 -36 -181 114
2 24 -36 -181 114 -36 -181 126
1 16 -20 -181 120 1 0 0 0 -1.25 0 0 0 1 stud3.dat
1 16 0 -181 120 1 0 0 0 -1.25 0 0 0 1 stud3.dat
1 16 20 -181 120 1 0 0 0 -1.25 0 0 0 1 stud3.dat

4 16 26 -166 110 26 -166 106 30 -166 106 30 -166 110
2 24 26 -166 110 26 -166 106
2 24 26 -166 106 30 -166 106
2 24 30 -166 110 26 -166 110
4 16 30 -166 110 26 -166 110 26 -181 110 30 -181 110
2 24 26 -166 110 26 -181 110
4 16 26 -166 106 26 -166 110 26 -181 110 26 -181 106
2 24 26 -166 106 26 -181 106
2 24 26 -181 110 26 -181 106
2 24 30 -181 110 26 -181 110
4 16 -26 -166 110 -26 -166 106 -30 -166 106 -30 -166 110
2 24 -26 -166 110 -26 -166 106
2 24 -26 -166 106 -30 -166 106
2 24 -30 -166 110 -26 -166 110
4 16 -30 -166 110 -26 -166 110 -26 -181 110 -30 -181 110
2 24 -26 -166 110 -26 -181 110
4 16 -26 -166 106 -26 -166 110 -26 -181 110 -26 -181 106
2 24 -26 -166 106 -26 -181 106
2 24 -26 -181 110 -26 -181 106
2 24 -30 -181 110 -26 -181 110
1 16 10 -178.5 110 2 0 0 0 2.5 0 0 0 4 box4t.dat
1 16 -10 -178.5 110 2 0 0 0 2.5 0 0 0 4 box4t.dat
0
