0 Boat Mast Base  4 x  4 x  9
0 Name: 4844.dat
0 Author: Andy Westrate [westrate]
0 !LDRAW_ORG Part UPDATE 2009-03
0 !LICENSE Redistributable under CCAL version 2.0 : see CAreadme.txt

0 BFC CERTIFY CCW

0 !HISTORY 2002-11-30 [PTadmin] Official Update 2002-05
0 !HISTORY 2007-07-09 [PTadmin] Header formatted for Contributor Agreement
0 !HISTORY 2008-07-01 [PTadmin] Official Update 2008-01
0 !HISTORY 2008-07-07 [Philo] BFCed, adapted top notches from 6067 (2008-06-14)
0 !HISTORY 2009-12-29 [PTadmin] Official Update 2009-03

0 BFC INVERTNEXT
1 16 0 4 0 16 0 0 0 -8 0 0 0 16 box4.dat
1 16 0 -4 0 16 0 0 0 -1 0 0 0 16 4-4ndis.dat
4 16 20 4 20 16 4 16 -16 4 16 -20 4 20
4 16 -20 4 -20 -16 4 -16 16 4 -16 20 4 -20
4 16 20 4 -20 16 4 -16 16 4 16 20 4 20
4 16 -20 4 20 -16 4 16 -16 4 -16 -20 4 -20
1 16 0 0 0 20 0 0 0 -8 0 0 0 20 box4.dat
1 16 0 -8 0 20 0 0 0 1 0 0 0 20 4-4ndis.dat
0 BFC INVERTNEXT
1 16 0 -4 0 16 0 0 0 -144 0 0 0 16 4-4cyli.dat
0 BFC INVERTNEXT
1 16 0 -212 0 16 0 0 0 60 0 0 0 16 4-4cyli.dat
1 16 0 -148 0 16 0 0 0 -1 0 0 0 16 4-4disc.dat
1 16 0 -148 0 16 0 0 0 1 0 0 0 16 4-4edge.dat
1 16 0 -152 0 16 0 0 0 1 0 0 0 16 4-4disc.dat
1 16 0 -152 0 16 0 0 0 1 0 0 0 16 4-4edge.dat
1 16 0 -8 0 20 0 0 0 -204 0 0 0 20 4-4cyli.dat
1 16 30 4 0 0 0 -1 0 -1 0 1 0 0 stud3.dat
1 16 0 4 30 -1 0 0 0 -1 0 0 0 -1 stud3.dat
1 16 -30 4 0 0 0 1 0 -1 0 -1 0 0 stud3.dat
1 16 30 4 20 0 0 -1 0 -1 0 1 0 0 stud3.dat
1 16 -30 4 20 0 0 1 0 -1 0 -1 0 0 stud3.dat
1 16 30 4 -20 0 0 -1 0 -1 0 1 0 0 stud3.dat
1 16 -30 4 -20 0 0 1 0 -1 0 -1 0 0 stud3.dat
1 16 0 4 -30 1 0 0 0 -1 0 0 0 1 stud3.dat
1 16 -20 4 30 -1 0 0 0 -1 0 0 0 -1 stud3.dat
1 16 -20 4 -30 1 0 0 0 -1 0 0 0 1 stud3.dat
1 16 20 4 30 -1 0 0 0 -1 0 0 0 -1 stud3.dat
1 16 20 4 -30 1 0 0 0 -1 0 0 0 1 stud3.dat
0 BFC INVERTNEXT
1 16 0 8 0 36 0 0 0 -4 0 0 0 36 box4.dat
4 16 20 8 -20 24 8 -24 -24 8 -24 -20 8 -20
4 16 20 8 20 24 8 24 24 8 -24 20 8 -20
4 16 -20 8 20 -24 8 24 24 8 24 20 8 20
4 16 -20 8 -20 -24 8 -24 -24 8 24 -20 8 20
4 16 24 4 -24 36 4 -36 -36 4 -36 -24 4 -24
4 16 24 4 24 36 4 36 36 4 -36 24 4 -24
4 16 -24 4 24 -36 4 36 36 4 36 24 4 24
4 16 -24 4 -24 -36 4 -36 -36 4 36 -24 4 24
4 16 -40 8 -40 -36 8 -36 36 8 -36 40 8 -40
4 16 40 8 -40 36 8 -36 36 8 36 40 8 40
4 16 40 8 40 36 8 36 -36 8 36 -40 8 40
4 16 -40 8 40 -36 8 36 -36 8 -36 -40 8 -40
1 16 0 8 0 40 0 0 0 -8 0 0 0 40 box4.dat
1 16 0 4 0 24 0 0 0 4 0 0 0 24 box4.dat
0 BFC INVERTNEXT
1 16 0 4 0 20 0 0 0 4 0 0 0 20 box4.dat
1 16 0 -8 0 20 0 0 0 1 0 0 0 20 4-4edge.dat
1 16 0 -4 0 16 0 0 0 1 0 0 0 16 4-4edge.dat
4 16 20 0 -20 40 0 -40 40 0 40 20 0 20
4 16 20 0 20 40 0 40 -40 0 40 -20 0 20
4 16 -20 0 20 -40 0 40 -40 0 -40 -20 0 -20
4 16 -20 0 -20 -40 0 -40 40 0 -40 20 0 -20
1 16 30 0 30 1 0 0 0 1 0 0 0 1 stud.dat
1 16 10 0 -30 1 0 0 0 1 0 0 0 1 stud.dat
1 16 -10 0 -30 1 0 0 0 1 0 0 0 1 stud.dat
1 16 10 0 30 1 0 0 0 1 0 0 0 1 stud.dat
1 16 -10 0 30 1 0 0 0 1 0 0 0 1 stud.dat
1 16 30 0 10 1 0 0 0 1 0 0 0 1 stud.dat
1 16 30 0 -10 1 0 0 0 1 0 0 0 1 stud.dat
1 16 -30 0 10 1 0 0 0 1 0 0 0 1 stud.dat
1 16 -30 0 -10 1 0 0 0 1 0 0 0 1 stud.dat
1 16 -30 0 -30 1 0 0 0 1 0 0 0 1 stud.dat
1 16 30 0 -30 1 0 0 0 1 0 0 0 1 stud.dat
1 16 -30 0 30 1 0 0 0 1 0 0 0 1 stud.dat
0 // Top cap with notches
0 BFC INVERTNEXT
1 16 0 -212 0 -14.7821 0 6.1229 0 -2 0 -6.1229 0 -14.7821 1-8cyli.dat
0 BFC INVERTNEXT
1 16 0 -212 0 -14.7821 0 6.1229 0 -2 0 6.1229 0 14.7821 1-8cyli.dat
0 BFC INVERTNEXT
1 16 0 -212 0 6.1229 0 14.7821 0 -2 0 14.7821 0 -6.1229 1-8cyli.dat
0 BFC INVERTNEXT
1 16 0 -212 0 14.7821 0 -6.1229 0 -2 0 -6.1229 0 -14.7821 1-8cyli.dat
0
4 16 -15.6 -212 -2 -15.6 -214 -2 -14.7824 -214 -6.1232 -14.7824 -212 -6.1232
4 16 -14.7824 -212 6.1232 -14.7824 -214 6.1232 -15.6 -214 2 -15.6 -212 2
4 16 -2 -212 15.6 -2 -214 15.6 -6.1232 -214 14.7824 -6.1232 -212 14.7824
4 16 6.1232 -212 14.7824 6.1232 -214 14.7824 2 -214 15.6 2 -212 15.6
4 16 15.6 -212 2 15.6 -214 2 14.7824 -214 6.1232 14.7824 -212 6.1232
4 16 14.7824 -212 -6.1232 14.7824 -214 -6.1232 15.6 -214 -2 15.6 -212 -2
4 16 2 -212 -15.6 2 -214 -15.6 6.1232 -214 -14.7824 6.1232 -212 -14.7824
4 16 -6.1232 -212 -14.7824 -6.1232 -214 -14.7824 -2 -214 -15.6 -2 -212 -15.6
0
1 16 0 -212 0 -18.4776 0 7.65367 0 -2 0 -7.65367 0 -18.4776 1-8cyli.dat
1 16 0 -212 0 -18.4776 0 7.65367 0 -2 0 7.65367 0 18.4776 1-8cyli.dat
1 16 0 -212 0 7.65367 0 18.4776 0 -2 0 18.4776 0 -7.65367 1-8cyli.dat
1 16 0 -212 0 18.4776 0 -7.65367 0 -2 0 -7.65367 0 -18.4776 1-8cyli.dat
0
4 16 -19.6 -214 -2 -19.6 -212 -2 -18.478 -212 -7.654 -18.478 -214 -7.654
4 16 -18.478 -214 7.654 -18.478 -212 7.654 -19.6 -212 2 -19.6 -214 2
4 16 -2 -214 19.6 -2 -212 19.6 -7.654 -212 18.478 -7.654 -214 18.478
4 16 7.654 -214 18.478 7.654 -212 18.478 2 -212 19.6 2 -214 19.6
4 16 19.6 -214 2 19.6 -212 2 18.478 -212 7.654 18.478 -214 7.654
4 16 18.478 -214 -7.654 18.478 -212 -7.654 19.6 -212 -2 19.6 -214 -2
4 16 2 -214 -19.6 2 -212 -19.6 7.654 -212 -18.478 7.654 -214 -18.478
4 16 -7.654 -214 -18.478 -7.654 -212 -18.478 -2 -212 -19.6 -2 -214 -19.6
5 24 -18.4776 -212 -7.6537 -18.4776 -214 -7.6537 -14.1424 -212 -14.1426 -20.0005 -212 0.0002
5 24 -7.6536 -212 -18.4774 -7.6536 -214 -18.4774 -0.0002 -212 -20.0005 -14.1424 -212 -14.1426
5 24 7.6537 -212 -18.4776 7.6537 -214 -18.4776 14.1426 -212 -14.1424 -0.0002 -212 -20.0005
5 24 18.4774 -212 -7.6536 18.4774 -214 -7.6536 20.0005 -212 -0.0002 14.1426 -212 -14.1424
5 24 18.4776 -212 7.6537 18.4776 -214 7.6537 14.1424 -212 14.1426 20.0005 -212 -0.0002
5 24 7.6536 -212 18.4774 7.6536 -214 18.4774 0.0002 -212 20.0005 14.1424 -212 14.1426
5 24 -7.6537 -212 18.4776 -7.6537 -214 18.4776 -14.1426 -212 14.1424 0.0002 -212 20.0005
5 24 -18.4774 -212 7.6536 -18.4774 -214 7.6536 -20.0005 -212 0.0002 -14.1426 -212 14.1424
0
1 16 0 -214 0 -14.7821 0 6.12293 0 18 0 6.12293 0 14.7821 1-8edge.dat
1 16 0 -214 0 -18.4776 0 7.65367 0 -22 0 7.65367 0 18.4776 1-8edge.dat
1 16 0 -214 0 -3.69552 0 1.53073 0 1 0 1.53073 0 3.69552 1-8ring4.dat
2 24 -15.6 -214 2 -14.7824 -214 6.1232
2 24 -19.6 -214 2 -18.478 -214 7.654
2 24 -19.6 -214 2 -15.6 -214 2
4 16 -14.7824 -214 6.1232 -18.478 -214 7.654 -19.6 -214 2 -15.6 -214 2
0
1 16 0 -214 0 6.12293 0 14.7821 0 18 0 14.7821 0 -6.12293 1-8edge.dat
1 16 0 -214 0 7.65367 0 18.4776 0 -22 0 18.4776 0 -7.65367 1-8edge.dat
1 16 0 -214 0 1.53073 0 3.69552 0 1 0 3.69552 0 -1.53073 1-8ring4.dat
2 24 2 -214 15.6 6.1232 -214 14.7824
2 24 2 -214 19.6 7.654 -214 18.478
2 24 2 -214 19.6 2 -214 15.6
4 16 6.1232 -214 14.7824 7.654 -214 18.478 2 -214 19.6 2 -214 15.6
0
1 16 0 -214 0 14.7821 0 -6.12293 0 18 0 -6.12293 0 -14.7821 1-8edge.dat
1 16 0 -214 0 18.4776 0 -7.65367 0 -22 0 -7.65367 0 -18.4776 1-8edge.dat
1 16 0 -214 0 3.69552 0 -1.53073 0 1 0 -1.53073 0 -3.69552 1-8ring4.dat
2 24 15.6 -214 -2 14.7824 -214 -6.1232
2 24 19.6 -214 -2 18.478 -214 -7.654
2 24 19.6 -214 -2 15.6 -214 -2
4 16 14.7824 -214 -6.1232 18.478 -214 -7.654 19.6 -214 -2 15.6 -214 -2
0
1 16 0 -214 0 -14.7821 0 6.12293 0 18 0 -6.12293 0 -14.7821 1-8edge.dat
1 16 0 -214 0 -18.4776 0 7.65367 0 -22 0 -7.65367 0 -18.4776 1-8edge.dat
1 16 0 -214 0 -3.69552 0 1.53073 0 1 0 -1.53073 0 -3.69552 1-8ring4.dat
2 24 -15.6 -214 -2 -14.7824 -214 -6.1232
2 24 -19.6 -214 -2 -18.478 -214 -7.654
2 24 -19.6 -214 -2 -15.6 -214 -2
4 16 -15.6 -214 -2 -19.6 -214 -2 -18.478 -214 -7.654 -14.7824 -214 -6.1232
0
2 24 -2 -214 15.6 -6.1232 -214 14.7824
2 24 -2 -214 19.6 -7.654 -214 18.478
2 24 -2 -214 19.6 -2 -214 15.6
4 16 -2 -214 15.6 -2 -214 19.6 -7.654 -214 18.478 -6.1232 -214 14.7824
0
2 24 15.6 -214 2 14.7824 -214 6.1232
2 24 19.6 -214 2 18.478 -214 7.654
2 24 19.6 -214 2 15.6 -214 2
4 16 15.6 -214 2 19.6 -214 2 18.478 -214 7.654 14.7824 -214 6.1232
0
2 24 2 -214 -15.6 6.1232 -214 -14.7824
2 24 2 -214 -19.6 7.654 -214 -18.478
2 24 2 -214 -19.6 2 -214 -15.6
4 16 2 -214 -15.6 2 -214 -19.6 7.654 -214 -18.478 6.1232 -214 -14.7824
0
2 24 -2 -214 -15.6 -6.1232 -214 -14.7824
2 24 -2 -214 -19.6 -7.654 -214 -18.478
2 24 -2 -214 -19.6 -2 -214 -15.6
4 16 -6.1232 -214 -14.7824 -7.654 -214 -18.478 -2 -214 -19.6 -2 -214 -15.6
0
0 BFC INVERTNEXT
1 16 -16 -214 0 0.4 -4 0 0 0 2 -2 0 0 1-4cyli.dat
1 16 -16 -214 0 0.4 -4 0 0 0 2 -2 0 0 1-4ndis.dat
1 16 -20 -214 0 0.4 4 0 0 0 2 -2 0 0 1-4ndis.dat
1 16 -16 -214 0 0.4 -4 0 0 0 2 -2 0 0 1-4edge.dat
1 16 -20 -214 0 0.4 -4 0 0 0 2 -2 0 0 1-4edge.dat
0
0 BFC INVERTNEXT
1 16 -16 -214 0 0.4 -4 0 0 0 2 2 0 0 1-4cyli.dat
1 16 -16 -214 0 0.4 -4 0 0 0 2 2 0 0 1-4ndis.dat
1 16 -20 -214 0 0.4 4 0 0 0 2 2 0 0 1-4ndis.dat
1 16 -16 -214 0 0.4 -4 0 0 0 2 2 0 0 1-4edge.dat
1 16 -20 -214 0 0.4 -4 0 0 0 2 2 0 0 1-4edge.dat
0
0 BFC INVERTNEXT
1 16 0 -214 16 -2 0 0 0 0 2 -0.4 4 0 1-4cyli.dat
1 16 0 -214 16 -2 0 0 0 0 2 -0.4 4 0 1-4ndis.dat
1 16 0 -214 20 -2 0 0 0 0 2 -0.4 -4 0 1-4ndis.dat
1 16 0 -214 16 -2 0 0 0 0 2 -0.4 4 0 1-4edge.dat
1 16 0 -214 20 -2 0 0 0 0 2 -0.4 4 0 1-4edge.dat
0
0 BFC INVERTNEXT
1 16 0 -214 16 2 0 0 0 0 2 -0.4 4 0 1-4cyli.dat
1 16 0 -214 16 2 0 0 0 0 2 -0.4 4 0 1-4ndis.dat
1 16 0 -214 20 2 0 0 0 0 2 -0.4 -4 0 1-4ndis.dat
1 16 0 -214 16 2 0 0 0 0 2 -0.4 4 0 1-4edge.dat
1 16 0 -214 20 2 0 0 0 0 2 -0.4 4 0 1-4edge.dat
0
0 BFC INVERTNEXT
1 16 16 -214 0 -0.4 4 0 0 0 2 2 0 0 1-4cyli.dat
1 16 16 -214 0 -0.4 4 0 0 0 2 2 0 0 1-4ndis.dat
1 16 20 -214 0 -0.4 -4 0 0 0 2 2 0 0 1-4ndis.dat
1 16 16 -214 0 -0.4 4 0 0 0 2 2 0 0 1-4edge.dat
1 16 20 -214 0 -0.4 4 0 0 0 2 2 0 0 1-4edge.dat
0
0 BFC INVERTNEXT
1 16 16 -214 0 -0.4 4 0 0 0 2 -2 0 0 1-4cyli.dat
1 16 16 -214 0 -0.4 4 0 0 0 2 -2 0 0 1-4ndis.dat
1 16 20 -214 0 -0.4 -4 0 0 0 2 -2 0 0 1-4ndis.dat
1 16 16 -214 0 -0.4 4 0 0 0 2 -2 0 0 1-4edge.dat
1 16 20 -214 0 -0.4 4 0 0 0 2 -2 0 0 1-4edge.dat
0
0 BFC INVERTNEXT
1 16 0 -214 -16 2 0 0 0 0 2 0.4 -4 0 1-4cyli.dat
1 16 0 -214 -16 2 0 0 0 0 2 0.4 -4 0 1-4ndis.dat
1 16 0 -214 -20 2 0 0 0 0 2 0.4 4 0 1-4ndis.dat
1 16 0 -214 -16 2 0 0 0 0 2 0.4 -4 0 1-4edge.dat
1 16 0 -214 -20 2 0 0 0 0 2 0.4 -4 0 1-4edge.dat
0
0 BFC INVERTNEXT
1 16 0 -214 -16 -2 0 0 0 0 2 0.4 -4 0 1-4cyli.dat
1 16 0 -214 -16 -2 0 0 0 0 2 0.4 -4 0 1-4ndis.dat
1 16 0 -214 -20 -2 0 0 0 0 2 0.4 4 0 1-4ndis.dat
1 16 0 -214 -16 -2 0 0 0 0 2 0.4 -4 0 1-4edge.dat
1 16 0 -214 -20 -2 0 0 0 0 2 0.4 -4 0 1-4edge.dat
0
