0 Slope Brick 45  4 x  4 Double with Hinge
0 Name: 4857.dat
0 Author: James Jessiman
0 !LDRAW_ORG Part ORIGINAL
0 !LICENSE Redistributable under CCAL version 2.0 : see CAreadme.txt

0 !HISTORY 2007-07-09 [PTadmin] Header formatted for Contributor Agreement
0 !HISTORY 2008-07-01 [PTadmin] Official Update 2008-01

 2 24 40 24 -20 -40 24 -20
 2 24 -40 24 -20 -40 24 -40
 2 24 -40 24 -40 40 24 -40
 2 24 40 24 -40 40 24 -20

 2 24 36 24 -24 -36 24 -24
 2 24 -36 24 -24 -36 24 -36
 2 24 -36 24 -36 36 24 -36
 2 24 36 24 -36 36 24 -24

 1 16 38 24 26 2 0 0 0 0 0 0 0 6 rect.dat
 1 16 -38 24 26 2 0 0 0 0 0 0 0 6 rect.dat

 1 16 20 20 -30 1 0 0 0 -1 0 0 0 1 stud3a.dat
 1 16 0 20 -30 1 0 0 0 -1 0 0 0 1 stud3a.dat
 1 16 -20 20 -30 1 0 0 0 -1 0 0 0 1 stud3a.dat

 1 16 20 14 -30 4 0 0 0 0 -4 0 0 4 4-4edge.dat
 1 16 0 14 -30 4 0 0 0 0 -4 0 0 4 4-4edge.dat
 1 16 -20 14 -30 4 0 0 0 0 -4 0 0 4 4-4edge.dat
 1 16 20 14 -30 4 0 0 0 10 -4 0 0 4 2-4cyli.dat
 1 16 0 14 -30 4 0 0 0 10 -4 0 0 4 2-4cyli.dat
 1 16 -20 14 -30 4 0 0 0 10 -4 0 0 4 2-4cyli.dat
 1 16 20 14 -30 4 0 0 0 6 4 0 0 -4 2-4cyli.dat
 1 16 0 14 -30 4 0 0 0 6 4 0 0 -4 2-4cyli.dat
 1 16 -20 14 -30 4 0 0 0 6 4 0 0 -4 2-4cyli.dat

 1 16 20 4 0 1 0 0 0 -1 0 0 0 1 stud4.dat
 1 16 0 4 0 1 0 0 0 -1 0 0 0 1 stud4.dat
 1 16 -20 4 0 1 0 0 0 -1 0 0 0 1 stud4.dat

 2 24 36 24 -24 36 8 -24
 2 24 -36 24 -24 -36 8 -24
 2 24 36 24 -36 36 20 -36
 2 24 -36 24 -36 -36 20 -36
 2 24 36 8 -24 36 20 -36
 2 24 -36 8 -24 -36 20 -36
 2 24 36 8 -24 -36 8 -24
 2 24 36 20 -36 -36 20 -36

 1 16 38 8 0 2 0 0 0 0 0 0 0 20 rect.dat
 1 16 -38 8 0 2 0 0 0 0 0 0 0 20 rect.dat

 1 16 36 20 36 0 0 0 4 0 0 0 0 4 1-4edge.dat
 1 16 22 20 36 0 0 0 4 0 0 0 0 4 1-4edge.dat
 1 16 18 20 36 0 0 0 4 0 0 0 0 4 1-4edge.dat
 1 16 2 20 36 0 0 0 4 0 0 0 0 4 1-4edge.dat
 1 16 -2 20 36 0 0 0 4 0 0 0 0 4 1-4edge.dat
 1 16 -18 20 36 0 0 0 4 0 0 0 0 4 1-4edge.dat
 1 16 -22 20 36 0 0 0 4 0 0 0 0 4 1-4edge.dat
 1 16 -36 20 36 0 0 0 4 0 0 0 0 4 1-4edge.dat

 1 16 36 20 36 0 0 0 4 0 0 0 0 -4 1-8edge.dat
 1 16 32 20 36 0 0 0 4 0 0 0 0 -4 1-8edge.dat
 1 16 26 20 36 0 0 0 4 0 0 0 0 -4 1-8edge.dat
 1 16 22 20 36 0 0 0 4 0 0 0 0 -4 1-8edge.dat
 1 16 18 20 36 0 0 0 4 0 0 0 0 -4 1-8edge.dat
 1 16 14 20 36 0 0 0 4 0 0 0 0 -4 1-8edge.dat
 1 16 6 20 36 0 0 0 4 0 0 0 0 -4 1-8edge.dat
 1 16 2 20 36 0 0 0 4 0 0 0 0 -4 1-8edge.dat
 1 16 -2 20 36 0 0 0 4 0 0 0 0 -4 1-8edge.dat
 1 16 -6 20 36 0 0 0 4 0 0 0 0 -4 1-8edge.dat
 1 16 -14 20 36 0 0 0 4 0 0 0 0 -4 1-8edge.dat
 1 16 -18 20 36 0 0 0 4 0 0 0 0 -4 1-8edge.dat
 1 16 -22 20 36 0 0 0 4 0 0 0 0 -4 1-8edge.dat
 1 16 -26 20 36 0 0 0 4 0 0 0 0 -4 1-8edge.dat
 1 16 -32 20 36 0 0 0 4 0 0 0 0 -4 1-8edge.dat
 1 16 -36 20 36 0 0 0 4 0 0 0 0 -4 1-8edge.dat

 2 24 32 24 36 26 24 36
 2 24 14 24 36 6 24 36
 2 24 -32 24 36 -26 24 36
 2 24 -14 24 36 -6 24 36

 2 24 36 4 20 31 4 20
 2 24 31 4 20 31 8 24
 2 24 29 8 24 29 4 20
 2 24 29 4 20 11 4 20
 2 24 11 4 20 11 8 24
 2 24 9 8 24 9 4 20
 2 24 9 4 20 -9 4 20
 2 24 -9 4 20 -9 8 24
 2 24 -11 8 24 -11 4 20
 2 24 -11 4 20 -29 4 20
 2 24 -29 4 20 -29 8 24
 2 24 -31 8 24 -31 4 20
 2 24 -31 4 20 -36 4 20
 2 24 -36 4 20 -36 14.34 30.34
 2 24 -36 14.34 30.34 -32 14.34 30.34
 2 24 -32 14.34 30.34 -32 20 36
 2 24 -32 20 36 -26 20 36
 2 24 -26 20 36 -26 14.34 30.34
 2 24 -26 14.34 30.34 -14 14.34 30.34
 2 24 -14 14.34 30.34 -14 20 36
 2 24 -14 20 36 -6 20 36
 2 24 -6 20 36 -6 14.34 30.34
 2 24 -6 14.34 30.34 6 14.34 30.34
 2 24 6 14.34 30.34 6 20 36
 2 24 6 20 36 14 20 36
 2 24 14 20 36 14 14.34 30.34
 2 24 14 14.34 30.34 26 14.34 30.34
 2 24 26 14.34 30.34 26 20 36
 2 24 26 20 36 32 20 36
 2 24 32 20 36 32 14.34 30.34
 2 24 32 14.34 30.34 36 14.34 30.34
 2 24 36 14.34 30.34 36 4 20

 2 24 32 20 36 32 24 36
 2 24 26 20 36 26 24 36
 2 24 14 20 36 14 24 36
 2 24  6 20 36  6 24 36
 2 24 -6 20 36 -6 24 36
 2 24 -14 20 36 -14 24 36
 2 24 -26 20 36 -26 24 36
 2 24 -32 20 36 -32 24 36

 1 16 30 8 20 1 0 0 0 0 0 0 0 4 rect.dat
 1 16 10 8 20 1 0 0 0 0 0 0 0 4 rect.dat
 1 16 -10 8 20 1 0 0 0 0 0 0 0 4 rect.dat
 1 16 -30 8 20 1 0 0 0 0 0 0 0 4 rect.dat
 1 16 30 8 -18 1 0 0 0 0 0 0 0 2 rect.dat
 1 16 10 8 -18 1 0 0 0 0 0 0 0 2 rect.dat
 1 16 -10 8 -18 1 0 0 0 0 0 0 0 2 rect.dat
 1 16 -30 8 -18 1 0 0 0 0 0 0 0 2 rect.dat

 2 24 40 8 20 40 24 20
 2 24 -40 8 20 -40 24 20
 2 24 40 8 -20 40 24 -20
 2 24 -40 8 -20 -40 24 -20
 2 24 36 8 20 36 24 20
 2 24 -36 8 20 -36 24 20

 2 24 36 20 30.34 32 20 30.34
 2 24 26 20 30.34 14 20 30.34
 2 24 6 20 30.34 -6 20 30.34
 2 24 -14 20 30.34 -26 20 30.34
 2 24 -32 20 30.34 -36 20 30.34

 2 24 40 15.17 35.17 40 17.17 33.17
 2 24 36 15.17 35.17 36 17.17 33.17
 2 24 22 15.17 35.17 22 20 30.34
 2 24 18 15.17 35.17 18 20 30.34
 2 24 2 15.17 35.17 2 20 30.34
 2 24 -2 15.17 35.17 -2 20 30.34
 2 24 -18 15.17 35.17 -18 20 30.34
 2 24 -22 15.17 35.17 -22 20 30.34
 2 24 -36 15.17 35.17 -36 17.17 33.17
 2 24 -40 15.17 35.17 -40 17.17 33.17

 2 24 40 24 32 40 20 32
 2 24 36 24 32 36 20 32
 2 24 -36 24 32 -36 20 32
 2 24 -40 24 32 -40 20 32

 1 16 40 20 36 0 0 0 0 0 -4 -4 0 0 1-8edge.dat
 1 16 36 20 36 0 0 0 0 0 -4 -4 0 0 1-8edge.dat
 1 16 -36 20 36 0 0 0 0 0 -4 -4 0 0 1-8edge.dat
 1 16 -40 20 36 0 0 0 0 0 -4 -4 0 0 1-8edge.dat

 2 24 40 0 20 40 15.17 35.17
 2 24 40 15.17 35.17 36 15.17 35.17
 2 24 36 15.17 35.17 36 20 40
 2 24 36 20 40 22 20 40
 2 24 22 20 40 22 15.17 35.17
 2 24 22 15.17 35.17 18 15.17 35.17
 2 24 18 15.17 35.17 18 20 40
 2 24 18 20 40 2 20 40
 2 24 2 20 40 2 15.17 35.17
 2 24 2 15.17 35.17 -2 15.17 35.17
 2 24 -2 15.17 35.17 -2 20 40
 2 24 -2 20 40 -18 20 40
 2 24 -18 20 40 -18 15.17 35.17
 2 24 -18 15.17 35.17 -22 15.17 35.17
 2 24 -22 15.17 35.17 -22 20 40
 2 24 -22 20 40 -36 20 40
 2 24 -36 20 40 -36 15.17 35.17
 2 24 -36 15.17 35.17 -40 15.17 35.17
 2 24 -40 15.17 35.17 -40 0 20

 2 24 36 14.34 30.34 36 20 30.34
 2 24 32 14.34 30.34 32 20 30.34
 2 24 26 14.34 30.34 26 20 30.34
 2 24 14 14.34 30.34 14 20 30.34
 2 24  6 14.34 30.34  6 20 30.34
 2 24  -6 14.34 30.34  -6 20 30.34
 2 24 -14 14.34 30.34 -14 20 30.34
 2 24 -26 14.34 30.34 -26 20 30.34
 2 24 -32 14.34 30.34 -32 20 30.34
 2 24 -36 14.34 30.34 -36 20 30.34
 2 24 36 22.83 33.17 36 20 30.34
 2 24 32 22.83 33.17 32 20 30.34
 2 24 26 22.83 33.17 26 20 30.34
 2 24 22 22.83 33.17 22 20 30.34
 2 24 18 22.83 33.17 18 20 30.34
 2 24 14 22.83 33.17 14 20 30.34
 2 24  6 22.83 33.17  6 20 30.34
 2 24  2 22.83 33.17  2 20 30.34
 2 24  -2 22.83 33.17  -2 20 30.34
 2 24  -6 22.83 33.17  -6 20 30.34
 2 24 -14 22.83 33.17 -14 20 30.34
 2 24 -18 22.83 33.17 -18 20 30.34
 2 24 -22 22.83 33.17 -22 20 30.34
 2 24 -26 22.83 33.17 -26 20 30.34
 2 24 -32 22.83 33.17 -32 20 30.34
 2 24 -36 22.83 33.17 -36 20 30.34

 2 24 31 8 16 31 4 16
 2 24 29 8 16 29 4 16
 2 24 11 8 16 11 4 16
 2 24  9 8 16  9 4 16
 2 24  -9 8 16  -9 4 16
 2 24 -11 8 16 -11 4 16
 2 24 -29 8 16 -29 4 16
 2 24 -31 8 16 -31 4 16
 2 24 31 8 -16 31 4 -16
 2 24 29 8 -16 29 4 -16
 2 24 11 8 -16 11 4 -16
 2 24  9 8 -16  9 4 -16
 2 24  -9 8 -16  -9 4 -16
 2 24 -11 8 -16 -11 4 -16
 2 24 -29 8 -16 -29 4 -16
 2 24 -31 8 -16 -31 4 -16
 2 24 36 8 -20 36 4 -20
 2 24 31 8 -20 31 4 -20
 2 24 29 8 -20 29 4 -20
 2 24 11 8 -20 11 4 -20
 2 24  9 8 -20  9 4 -20
 2 24  -9 8 -20  -9 4 -20
 2 24 -11 8 -20 -11 4 -20
 2 24 -29 8 -20 -29 4 -20
 2 24 -31 8 -20 -31 4 -20
 2 24 -36 8 -20 -36 4 -20

 2 24 31 4 20 31 4 16
 2 24 29 4 20 29 4 16
 2 24 11 4 20 11 4 16
 2 24  9 4 20  9 4 16
 2 24  -9 4 20  -9 4 16
 2 24 -11 4 20 -11 4 16
 2 24 -29 4 20 -29 4 16
 2 24 -31 4 20 -31 4 16
 2 24 31 4 -20 31 4 -16
 2 24 29 4 -20 29 4 -16
 2 24 11 4 -20 11 4 -16
 2 24  9 4 -20  9 4 -16
 2 24  -9 4 -20  -9 4 -16
 2 24 -11 4 -20 -11 4 -16
 2 24 -29 4 -20 -29 4 -16
 2 24 -31 4 -20 -31 4 -16

 2 24 31 4 16 29 4 16
 2 24 11 4 16  9 4 16
 2 24 -11 4 16  -9 4 16
 2 24 -31 4 16 -29 4 16
 2 24 31 4 -16 29 4 -16
 2 24 11 4 -16  9 4 -16
 2 24 -11 4 -16  -9 4 -16
 2 24 -31 4 -16 -29 4 -16

 2 24 36 4 20 36 4 -20
 2 24 36 4 -20 31 4 -20
 2 24 29 4 -20 11 4 -20
 2 24 9 4 -20 -9 4 -20
 2 24 -11 4 -20 -29 4 -20
 2 24 -31 4 -20 -36 4 -20
 2 24 -36 4 -20 -36 4 20

 2 24 40 24 -40 40 20 -40
 2 24 -40 24 -40 -40 20 -40
 2 24 40 20 -40 -40 20 -40
 2 24 40 20 -40 40 0 -20
 2 24 -40 20 -40 -40 0 -20

 2 24 40 0 20 -40 0 20
 2 24 -40 0 20 -40 0 -20
 2 24 -40 0 -20 40 0 -20
 2 24 40 0 -20 40 0 20

 4 16 40 24 -20 36 24 -24 -36 24 -24 -40 24 -20
 4 16 -40 24 -20 -36 24 -24 -36 24 -36 -40 24 -40
 4 16 -40 24 -40 -36 24 -36 36 24 -36 40 24 -40
 4 16 40 24 -40 36 24 -36 36 24 -24 40 24 -20
 4 16 36 4 20 36 4 -20 -36 4 -20 -36 4 20
 4 16 40 0 20 40 0 -20 -40 0 -20 -40 0 20

 4 16 32 24 36 32 20 36 26 20 36 26 24 36
 4 16 14 24 36 14 20 36 6 20 36 6 24 36
 4 16 -14 24 36 -14 20 36 -6 20 36 -6 24 36
 4 16 -32 24 36 -32 20 36 -26 20 36 -26 24 36
 4 16 40 24 32 40 20 32 36 20 32 36 24 32
 4 16 -40 24 32 -40 20 32 -36 20 32 -36 24 32
 4 16 36 14.34 30.34 36 20 30.34 32 20 30.34 32 14.34 30.34
 4 16 26 14.34 30.34 26 20 30.34 14 20 30.34 14 14.34 30.34
 4 16  6 14.34 30.34  6 20 30.34 -6 20 30.34 -6 14.34 30.34
 4 16 -14 14.34 30.34 -14 20 30.34 -26 20 30.34 -26 14.34 30.34
 4 16 -32 14.34 30.34 -32 20 30.34 -36 20 30.34 -36 14.34 30.34
 4 16 40 24 20 40 8 20 36 8 20 36 24 20
 4 16 -40 24 20 -40 8 20 -36 8 20 -36 24 20
 4 16 31 8 16 31 4 16 29 4 16 29 8 16
 4 16 11 8 16 11 4 16 9 4 16 9 8 16
 4 16 -9 8 16 -9 4 16 -11 4 16 -11 8 16
 4 16 -29 8 16 -29 4 16 -31 4 16 -31 8 16
 4 16 31 8 -16 31 4 -16 29 4 -16 29 8 -16
 4 16 11 8 -16 11 4 -16 9 4 -16 9 8 -16
 4 16 -9 8 -16 -9 4 -16 -11 4 -16 -11 8 -16
 4 16 -29 8 -16 -29 4 -16 -31 4 -16 -31 8 -16
 4 16 40 24 -20 40 8 -20 -40 8 -20 -40 24 -20
 4 16 36 8 -20 36 4 -20 -36 4 -20 -36 4 -20
 4 16 36 24 -24 36 8 -24 -36 8 -24 -36 24 -24
 4 16 36 24 -36 36 20 -36 -36 20 -36 -36 24 -36
 4 16 40 24 -40 40 20 -40 -40 20 -40 -40 24 -40

 4 16 40 0 -20 40 24 -20 40 24 -40 40 20 -40
 4 16 40 0 20 40 8 20 40 8 -20 40 0 -20
 4 16 40 0 20 40 8 20 40 17.17 33.17 40 15.17 35.17
 4 16 40 8 20 40 24 20 40 24 32 40 20 32
 3 16 40 8 20 40 20 32 40 18.47 32.30
 3 16 40 8 20 40 18.47 32.30 40 17.17 33.17
 4 16 36 8 -24 36 24 -24 36 24 -36 36 20 -36
 4 16 36 4 20 36 8 20 36 8 -20 36 4 -20
 4 16 36 4 20 36 24 20 36 24 32 36 16 32
 1 16 36 20 36 0 0 0 0 0 4 4 0 0 2-4disc.dat
 4 16 36 20 40 36 15.17 35.17 36 20 30.34 36 22.83 33.17
 1 16 32 20 36 0 0 0 0 0 4 -4 0 0 1-4disc.dat
 4 16 32 20 36 32 14.34 30.34 32 20 30.34 32 22.83 33.17
 4 16 31 8 24 31 4 20 31 4 16 31 8 16
 4 16 31 8 -20 31 4 -20 31 4 -16 31 8 -16
 4 16 29 8 24 29 4 20 29 4 16 29 8 16
 4 16 29 8 -20 29 4 -20 29 4 -16 29 8 -16
 1 16 26 20 36 0 0 0 0 0 4 -4 0 0 1-4disc.dat
 4 16 26 20 36 26 14.34 30.34 26 20 30.34 26 22.83 33.17
 1 16 22 20 36 0 0 0 0 0 4 4 0 0 2-4disc.dat
 4 16 22 20 40 22 15.17 35.17 22 20 30.34 22 22.83 33.17
 1 16 18 20 36 0 0 0 0 0 4 4 0 0 2-4disc.dat
 4 16 18 20 40 18 15.17 35.17 18 20 30.34 18 22.83 33.17
 1 16 14 20 36 0 0 0 0 0 4 -4 0 0 1-4disc.dat
 4 16 14 20 36 14 14.34 30.34 14 20 30.34 14 22.83 33.17
 4 16 11 8 24 11 4 20 11 4 16 11 8 16
 4 16 11 8 -20 11 4 -20 11 4 -16 11 8 -16
 4 16 9 8 24 9 4 20 9 4 16 9 8 16
 4 16 9 8 -20 9 4 -20 9 4 -16 9 8 -16
 1 16 6 20 36 0 0 0 0 0 4 -4 0 0 1-4disc.dat
 4 16 6 20 36 6 14.34 30.34 6 20 30.34 6 22.83 33.17
 1 16 2 20 36 0 0 0 0 0 4 4 0 0 2-4disc.dat
 4 16 2 20 40 2 15.17 35.17 2 20 30.34 2 22.83 33.17
 1 16 -2 20 36 0 0 0 0 0 4 4 0 0 2-4disc.dat
 4 16 -2 20 40 -2 15.17 35.17 -2 20 30.34 -2 22.83 33.17
 1 16 -6 20 36 0 0 0 0 0 4 -4 0 0 1-4disc.dat
 4 16 -6 20 36 -6 14.34 30.34 -6 20 30.34 -6 22.83 33.17
 4 16 -9 8 24 -9 4 20 -9 4 16 -9 8 16
 4 16 -9 8 -20 -9 4 -20 -9 4 -16 -9 8 -16
 4 16 -11 8 24 -11 4 20 -11 4 16 -11 8 16
 4 16 -11 8 -20 -11 4 -20 -11 4 -16 -11 8 -16
 1 16 -14 20 36 0 0 0 0 0 4 -4 0 0 1-4disc.dat
 4 16 -14 20 36 -14 14.34 30.34 -14 20 30.34 -14 22.83 33.17
 1 16 -18 20 36 0 0 0 0 0 4 4 0 0 2-4disc.dat
 4 16 -18 20 40 -18 15.17 35.17 -18 20 30.34 -18 22.83 33.17
 1 16 -22 20 36 0 0 0 0 0 4 4 0 0 2-4disc.dat
 4 16 -22 20 40 -22 15.17 35.17 -22 20 30.34 -22 22.83 33.17
 1 16 -26 20 36 0 0 0 0 0 4 -4 0 0 1-4disc.dat
 4 16 -26 20 36 -26 14.34 30.34 -26 20 30.34 -26 22.83 33.17
 4 16 -29 8 24 -29 4 20 -29 4 16 -29 8 16
 4 16 -29 8 -20 -29 4 -20 -29 4 -16 -29 8 -16
 4 16 -31 8 24 -31 4 20 -31 4 16 -31 8 16
 4 16 -31 8 -20 -31 4 -20 -31 4 -16 -31 8 -16
 1 16 -32 20 36 0 0 0 0 0 4 -4 0 0 1-4disc.dat
 4 16 -32 20 36 -32 14.34 30.34 -32 20 30.34 -32 22.83 33.17
 4 16 -36 4 20 -36 8 20 -36 8 -20 -36 4 -20
 4 16 -36 4 20 -36 24 20 -36 24 32 -36 16 32
 1 16 -36 20 36 0 0 0 0 0 4 4 0 0 2-4disc.dat
 4 16 -36 20 40 -36 15.17 35.17 -36 20 30.34 -36 22.83 33.17
 4 16 -40 0 -20 -40 24 -20 -40 24 -40 -40 20 -40
 4 16 -40 0 20 -40 8 20 -40 8 -20 -40 0 -20
 4 16 -40 0 20 -40 8 20 -40 17.17 33.17 -40 15.17 35.17
 4 16 -40 8 20 -40 24 20 -40 24 32 -40 20 32
 3 16 -40 8 20 -40 20 32 -40 18.47 32.30
 3 16 -40 8 20 -40 18.47 32.30 -40 17.17 33.17

 1 16 40 20 36 0 -4 0 0 0 -4 -4 0 0 1-8cyli.dat
 1 16 36 20 36 0 -4 0 4 0 0 0 0 -4 1-8cyli.dat
 1 16 26 20 36 0 -4 0 4 0 0 0 0 -4 1-8cyli.dat
 1 16 18 20 36 0 -4 0 4 0 0 0 0 -4 1-8cyli.dat
 1 16 6 20 36 0 -4 0 4 0 0 0 0 -4 1-8cyli.dat
 1 16 -6 20 36 0 4 0 4 0 0 0 0 -4 1-8cyli.dat
 1 16 -18 20 36 0 4 0 4 0 0 0 0 -4 1-8cyli.dat
 1 16 -26 20 36 0 4 0 4 0 0 0 0 -4 1-8cyli.dat
 1 16 -36 20 36 0 4 0 4 0 0 0 0 -4 1-8cyli.dat
 1 16 -40 20 36 0 4 0 0 0 -4 -4 0 0 1-8cyli.dat
 1 16 36 20 36 0 -14 0 4 0 0 0 0 4 1-4cyli.dat
 1 16 18 20 36 0 -16 0 4 0 0 0 0 4 1-4cyli.dat
 1 16 -18 20 36 0 16 0 4 0 0 0 0 4 1-4cyli.dat
 1 16 -36 20 36 0 14 0 4 0 0 0 0 4 1-4cyli.dat

 4 16 40 15.17 35.17 40 17.17 33.17 36 17.17 33.17 36 15.17 35.17
 4 16 22 15.17 35.17 22 20 30.34 18 20 30.34 18 15.17 35.17
 4 16 2 15.17 35.17 2 20 30.34 -2 20 30.34 -2 15.17 35.17
 4 16 -18 15.17 35.17 -18 20 30.34 -22 20 30.34 -22 15.17 35.17
 4 16 -36 15.17 35.17 -36 17.17 33.17 -40 17.17 33.17 -40 15.17 35.17
 4 16 36 20 -36 36 8 -24 -36 8 -24 -36 20 -36
 4 16 40 20 -40 40 0 -20 -40 0 -20 -40 20 -40

 4 16 36 22.83 33.17 36 20 30.34 32 20 30.34 32 22.83 33.17
 4 16 26 22.83 33.17 26 20 30.34 22 20 30.34 22 22.83 33.17
 4 16 18 22.83 33.17 18 20 30.34 14 20 30.34 14 22.83 33.17
 4 16  6 22.83 33.17  6 20 30.34  2 20 30.34  2 22.83 33.17
 4 16  -6 22.83 33.17  -6 20 30.34  -2 20 30.34  -2 22.83 33.17
 4 16 -18 22.83 33.17 -18 20 30.34 -14 20 30.34 -14 22.83 33.17
 4 16 -26 22.83 33.17 -26 20 30.34 -22 20 30.34 -22 22.83 33.17
 4 16 -36 22.83 33.17 -36 20 30.34 -32 20 30.34 -32 22.83 33.17
 4 16 32 14.34 30.34 32 20 36 26 20 36 26 14.34 30.34
 4 16 14 14.34 30.34 14 20 36  6 20 36  6 14.34 30.34
 4 16 -14 14.34 30.34 -14 20 36  -6 20 36  -6 14.34 30.34
 4 16 -32 14.34 30.34 -32 20 36 -26 20 36 -26 14.34 30.34
 4 16 36 4 20 36 14.34 30.34 -36 14.34 30.34 -36 4 20
 4 16 36 15.57 35.17 36 20 40 22 20 40 22 15.57 35.17
 4 16 18 15.57 35.17 18 20 40  2 20 40  2 15.57 35.17
 4 16 -18 15.57 35.17 -18 20 40  -2 20 40  -2 15.57 35.17
 4 16 -36 15.57 35.17 -36 20 40 -22 20 40 -22 15.57 35.17
 4 16 40 0 20 40 15.57 35.17 -40 15.57 35.17 -40 0 20

 1 16 30 0 10 1 0 0 0 1 0 0 0 1 stud.dat
 1 16 10 0 10 1 0 0 0 1 0 0 0 1 stud.dat
 1 16 -10 0 10 1 0 0 0 1 0 0 0 1 stud.dat
 1 16 -30 0 10 1 0 0 0 1 0 0 0 1 stud.dat
 1 16 30 0 -10 1 0 0 0 1 0 0 0 1 stud.dat
 1 16 10 0 -10 1 0 0 0 1 0 0 0 1 stud.dat
 1 16 -10 0 -10 1 0 0 0 1 0 0 0 1 stud.dat
 1 16 -30 0 -10 1 0 0 0 1 0 0 0 1 stud.dat
0
