0 Panel  1 x  2 x  1 with Rounded Corners
0 Name: 4865b.dat
0 Author: Rolf Osterthun [Rolf]
0 !LDRAW_ORG Part UPDATE 2011-02
0 !LICENSE Redistributable under CCAL version 2.0 : see CAreadme.txt

0 BFC CERTIFY CCW

0 !HISTORY 2011-12-29 [PTadmin] Official Update 2011-02

1 16 0 20 0 1 0 0 0 -1 0 0 0 1 stud3.dat
0 BFC INVERTNEXT
1 16 0 24 0 16 0 0 0 -4 0 0 0 6 box5.dat
4 16 20 24 10 16 24 6 -16 24 6 -20 24 10
4 16 -20 24 10 -16 24 6 -16 24 -6 -20 24 -10
4 16 -20 24 -10 -16 24 -6 16 24 -6 20 24 -10
4 16 20 24 -10 16 24 -6 16 24 6 20 24 10
2 24 20 24 10 -20 24 10
2 24 -20 24 10 -20 24 -10
2 24 20 24 -10 20 24 10
2 24 20 2 6 20 16 6
2 24 -20 2 6 -20 16 6
2 24 20 2 10 20 24 10
2 24 -20 2 10 -20 24 10
2 24 18 0 10 -18 0 10
2 24 -18 0 6 18 0 6
4 16 -20 24 10 -20 24 -10 -20 16 -10 -20 16 6
4 16 20 24 -10 20 24 10 20 16 6 20 16 -10
4 16 -20 24 10 -20 16 6 -20 2 6 -20 2 10
4 16 20 16 6 20 24 10 20 2 10 20 2 6
4 16 20 24 10 -20 24 10 -18 2 10 18 2 10
4 16 18 2 10 -18 2 10 -18 0 10 18 0 10
3 16 20 24 10 18 2 10 20 2 10
3 16 -20 24 10 -20 2 10 -18 2 10
4 16 -20 16 6 20 16 6 18 2 6 -18 2 6
4 16 -18 2 6 18 2 6 18 0 6 -18 0 6
3 16 20 16 6 20 2 6 18 2 6
3 16 -20 16 6 -18 2 6 -20 2 6
4 16 18 0 6 18 0 10 -18 0 10 -18 0 6
1 16 18 2 6 2 0 0 0 0 -2 0 2 0 1-4disc.dat
1 16 18 2 10 2 0 0 0 0 -2 0 -2 0 1-4disc.dat
1 16 -18 2 10 -2 0 0 0 0 -2 0 -2 0 1-4disc.dat
1 16 -18 2 6 -2 0 0 0 0 -2 0 2 0 1-4disc.dat
1 16 18 2 6 2 0 0 0 0 -2 0 4 0 1-4cylo.dat
1 16 -18 2 10 -2 0 0 0 0 -2 0 -4 0 1-4cylo.dat
1 16 0 20 -2 -20 0 0 0 -4 0 0 0 -8 box2-5.dat
0 //
