0 Electric Power Functions S-Brick Bluetooth Receiver
0 Name: sbrick.dat
0 Author: Philippe Hurbain [Philo]
0 !LDRAW_ORG Unofficial_Part
0 !LICENSE Redistributable under CCAL version 2.0 : see CAreadme.txt

0 BFC CERTIFY CCW

0 !HISTORY 2014-07-22 [Philo] Initial version
0 !HISTORY 2014-10-14 [Philo] New mold - Reduced height by 16 ldu, added pinholes on left side.

1 16 0 -24 -20 -40 0 0 0 -8 0 0 0 20 box2-5.dat
1 16 0 -8 20 -40 0 0 0 -8 0 0 0 20 box2-7.dat
1 16 40 12 0 0 -1 0 0 0 -12 40 0 0 rect.dat
2 24 -40 0 -40 -40 0 40
2 24 -40 0 40 -40 24 40
2 24 -40 24 40 -40 24 -40
2 24 -40 24 -40 -40 0 -40
1 16 -20 10 -30 1 0 0 0 0 1 0 -1 0 connhole.dat
1 16 0 10 -30 1 0 0 0 0 1 0 -1 0 connhole.dat
1 16 20 10 -30 1 0 0 0 0 1 0 -1 0 connhole.dat
1 16 20 10 -20 -8 0 0 0 0 8 0 1 0 4-4disc.dat
1 16 20 10 -40 -9 0 0 0 0 9 0 1 0 4-4ndis.dat
1 16 -40 10 0 0 1 0 0 0 9 9 0 0 4-4ndis.dat
1 16 -40 10 20 0 1 0 0 0 9 9 0 0 4-4ndis.dat
1 16 0 10 -40 -9 0 0 0 0 9 0 1 0 4-4ndis.dat
1 16 -20 10 -40 -9 0 0 0 0 9 0 1 0 4-4ndis.dat
1 16 0 10 -20 -8 0 0 0 0 8 0 1 0 4-4disc.dat
1 16 -20 10 -20 -8 0 0 0 0 8 0 1 0 4-4disc.dat
1 16 -30 -32 -30 1 0 0 0 1 0 0 0 1 s\sbsqst.dat
1 16 -10 -32 -30 1 0 0 0 1 0 0 0 1 s\sbsqst.dat
1 16 10 -32 -30 1 0 0 0 1 0 0 0 1 s\sbsqst.dat
1 16 30 -32 -30 1 0 0 0 1 0 0 0 1 s\sbsqst.dat
1 16 -30 -16 10 1 0 0 0 1 0 0 0 1 s\sbsqst.dat
1 16 -10 -16 10 1 0 0 0 1 0 0 0 1 s\sbsqst.dat
1 16 10 -16 10 1 0 0 0 1 0 0 0 1 s\sbsqst.dat
1 16 30 -16 10 1 0 0 0 1 0 0 0 1 s\sbsqst.dat
1 16 20 -16 22 1 0 0 0 1 0 0 0 1 s\sbelec.dat
1 16 20 -16 34 -1 0 0 0 1 0 0 0 -1 s\sbelec.dat
1 16 -20 -16 22 1 0 0 0 1 0 0 0 1 s\sbelec.dat
1 16 -20 -16 34 -1 0 0 0 1 0 0 0 -1 s\sbelec.dat
1 16 20 -32 -18 1 0 0 0 1 0 0 0 1 s\sbelec.dat
1 16 20 -32 -6 -1 0 0 0 1 0 0 0 -1 s\sbelec.dat
1 16 -20 -32 -18 1 0 0 0 1 0 0 0 1 s\sbelec.dat
1 16 -20 -32 -6 -1 0 0 0 1 0 0 0 -1 s\sbelec.dat
1 16 20 20 -20 1 0 0 0 -1 0 0 0 -1 s\sbbtube.dat
1 16 0 20 -20 1 0 0 0 -1 0 0 0 -1 s\sbbtube.dat
1 16 -20 20 -20 1 0 0 0 -1 0 0 0 -1 s\sbbtube.dat
4 16 40 0 -40 40 0 40 40 -16 40 40 -16 0
4 16 40 -16 0 40 -32 0 40 -32 -40 40 0 -40
4 16 -40 -16 0 -40 -16 40 -40 0 40 -40 0 -40
4 16 -40 0 -40 -40 -32 -40 -40 -32 0 -40 -16 0
2 24 -12 0 -40 -40 0 -40
2 24 -12 0 -40 -10 -16 -40
2 24 -4 -16 -40 -10 -16 -40
2 24 12 0 -40 40 0 -40
2 24 12 0 -40 10 -16 -40
2 24 4 -16 -40 10 -16 -40
2 24 4 -16 -40 4 -16 -36
2 24 -4 -16 -40 -4 -16 -36
2 24 -40 -32 -40 -40 0 -40
2 24 40 -32 -40 40 0 -40
2 24 40 0 40 -40 0 40
2 24 -20 24 40 -40 24 40
2 24 20 24 40 40 24 40
2 24 10 16 40 20 16 40
2 24 -20 16 40 -10 16 40
2 24 10 16 40 10 12 40
2 24 -10 16 40 -10 12 40
2 24 40 24 -40 -40 24 -40
0 BFC INVERTNEXT
1 16 0 -16 -36 4 0 0 0 0 4 0 -4 0 2-4cylo.dat
0 BFC INVERTNEXT
1 16 0 -16 -36 -4 0 0 0 0 -4 0 -4 0 2-4cylo.dat
1 16 0 -16 -40 4 0 0 0 0 -4 0 1 0 2-4ndis.dat
1 16 0 -16 -40 -4 0 0 0 0 4 0 1 0 2-4ndis.dat
1 35 0 -16 -36 4 0 0 0 0 4 0 -4 0 4-8sphe.dat
1 494 0 -16 -36 -4 0 0 0 0 4 0 1 0 4-4disc.dat
4 16 40 0 -40 40 -32 -40 10 -16 -40 12 0 -40
4 16 4 -16 -40 10 -16 -40 40 -32 -40 4 -20 -40
4 16 -12 0 -40 -10 -16 -40 -40 -32 -40 -40 0 -40
4 16 -4 -20 -40 -40 -32 -40 -10 -16 -40 -4 -16 -40
4 16 4 -20 -40 40 -32 -40 -40 -32 -40 -4 -20 -40
4 16 -4 -12 -40 -4 -16 -40 -10 -16 -40 -12 0 -40
4 16 12 0 -40 10 -16 -40 4 -16 -40 4 -12 -40
4 16 4 -12 -40 -4 -12 -40 -12 0 -40 12 0 -40
4 16 -9 19 -40 -9 1 -40 -11 1 -40 -11 19 -40
4 16 11 19 -40 11 1 -40 9 1 -40 9 19 -40
4 16 29 1 -40 40 0 -40 -40 0 -40 -29 1 -40
4 16 29 19 -40 40 24 -40 40 0 -40 29 1 -40
4 16 -29 1 -40 -40 0 -40 -40 24 -40 -29 19 -40
4 16 -29 19 -40 -40 24 -40 40 24 -40 29 19 -40
4 16 -40 19 9 -40 1 9 -40 1 11 -40 19 11
4 16 -40 1 -9 -40 0 -40 -40 0 40 -40 1 29
4 16 -40 19 -9 -40 24 -40 -40 0 -40 -40 1 -9
4 16 -40 1 29 -40 0 40 -40 24 40 -40 19 29
4 16 -40 19 29 -40 24 40 -40 24 -40 -40 19 -9
4 16 -20 24 40 -40 24 40 -40 0 40 -20 16 40
4 16 20 16 40 40 0 40 40 24 40 20 24 40
4 16 10 16 40 10 12 40 40 0 40 20 16 40
4 16 -20 16 40 -40 0 40 -10 12 40 -10 16 40
4 16 -10 12 40 -40 0 40 40 0 40 10 12 40
1 494 2 14 26 2 0 0 0 0 2 0 -1.5 0 box4-1.dat
1 494 -6 14 26 2 0 0 0 0 2 0 -1.5 0 box4-1.dat
1 494 -2 14 31 -2 0 0 0 0 2 0 1.5 0 box4-1.dat
1 494 6 14 31 -2 0 0 0 0 2 0 1.5 0 box4-1.dat
4 16 4 16 31 0 16 26 -4 16 26 0 16 31
4 16 8 16 31 4 16 26 0 16 26 4 16 31
4 16 10 16 30 10 16 27 4 16 26 8 16 31
4 16 10 16 27 10 16 25 4 16 25 4 16 26
4 16 0 16 31 -4 16 26 -8 16 26 -4 16 31
4 16 -4 16 31 -8 16 26 -10 16 27 -10 16 30
4 16 -10 16 30 -10 16 27 -12 16 27 -12 16 30
4 16 12 16 30 12 16 27 10 16 27 10 16 30
4 16 0 16 26 0 16 25 -4 16 25 -4 16 26
4 16 0 12 26 0 12 25 -4 12 25 -4 12 26
4 16 4 16 32 4 16 31 0 16 31 0 16 32
4 16 10 16 32 10 16 30 8 16 31 8 16 32
4 16 -8 16 26 -8 16 25 -10 16 25 -10 16 27
4 16 -4 16 32 -4 16 31 -10 16 30 -10 16 32
1 16 10 12 30 2 0 0 0 4 0 0 0 2 1-4cyli.dat
1 16 10 12 30 2 0 0 0 1 0 0 0 2 1-4edge.dat
1 16 10 16 30 2 0 0 0 1 0 0 0 2 1-4edge.dat
1 16 10 12 27 0 0 2 0 4 0 -2 0 0 1-4cyli.dat
1 16 10 12 27 0 0 2 0 1 0 -2 0 0 1-4edge.dat
1 16 10 16 27 0 0 2 0 1 0 -2 0 0 1-4edge.dat
1 16 -10 12 27 -2 0 0 0 4 0 0 0 -2 1-4cyli.dat
1 16 -10 12 27 -2 0 0 0 1 0 0 0 -2 1-4edge.dat
1 16 -10 16 27 -2 0 0 0 1 0 0 0 -2 1-4edge.dat
1 16 -10 12 30 0 0 -2 0 4 0 2 0 0 1-4cyli.dat
1 16 -10 12 30 0 0 -2 0 1 0 2 0 0 1-4edge.dat
1 16 -10 16 30 0 0 -2 0 1 0 2 0 0 1-4edge.dat
1 16 -10 16 30 0 0 -2 0 -1 0 2 0 0 1-4disc.dat
1 16 -10 16 27 -2 0 0 0 -1 0 0 0 -2 1-4disc.dat
1 16 10 16 27 0 0 2 0 -1 0 -2 0 0 1-4disc.dat
1 16 10 16 30 2 0 0 0 -1 0 0 0 2 1-4disc.dat
1 16 12 14 28.5 0 -1 0 0 0 -2 -1.5 0 0 rect2p.dat
1 16 -12 14 28.5 0 1 0 0 0 -2 1.5 0 0 rect2p.dat
1 16 -2 14 25 2 0 0 0 0 -2 0 1 0 rect.dat
1 16 2 14 32 -2 0 0 0 0 -2 0 -1 0 rect.dat
1 16 7 14 25 0 0 -3 -2 0 0 0 1 0 rect3.dat
1 16 9 14 32 0 0 -1 -2 0 0 0 -1 0 rect3.dat
1 16 -7 14 32 0 0 3 -2 0 0 0 -1 0 rect3.dat
1 16 -9 14 25 0 0 1 -2 0 0 0 1 0 rect3.dat
0 BFC INVERTNEXT
1 16 0 20 40 0 0 20 4 0 0 0 -40 0 box3u2p.dat
1 16 0 22 36 0 0 24 2 0 0 0 -40 0 box3u2p.dat
0 BFC INVERTNEXT
1 16 0 22 36 0 0 36 2 0 0 0 -72 0 box3u2p.dat
0 BFC INVERTNEXT
1 16 0 14 36 0 0 16 2 0 0 0 -16 0 box3u2p.dat
1 16 -13 14 38 0 0 3 2 0 0 0 -2 0 box2-7.dat
1 16 13 14 38 0 0 -3 2 0 0 0 -2 0 box2-7.dat
1 16 -30 22 36 -6 0 0 0 0 2 0 1 0 rect2p.dat
1 16 30 22 36 -6 0 0 0 0 2 0 1 0 rect2p.dat
4 16 -24 24 36 -36 24 36 -40 24 40 -20 24 40
4 16 -40 24 -40 -40 24 40 -36 24 36 -36 24 -36
4 16 -24 24 -4 -24 24 36 -20 24 40 -20 24 0
4 16 20 24 40 40 24 40 36 24 36 24 24 36
4 16 36 24 -36 36 24 36 40 24 40 40 24 -40
4 16 20 24 0 20 24 40 24 24 36 24 24 -4
4 16 24 24 -4 -24 24 -4 -20 24 0 20 24 0
4 16 40 24 -40 -40 24 -40 -36 24 -36 36 24 -36
4 16 36 20 -36 -36 20 -36 -24 20 -4 24 20 -4
4 16 -24 20 36 -24 20 -4 -36 20 -36 -36 20 36
4 16 36 20 36 36 20 -36 24 20 -4 24 20 36
4 16 10 16 40 20 16 40 16 16 36 10 16 36
4 16 -20 16 40 -10 16 40 -10 16 36 -16 16 36
1 16 0 12 38 0 0 10 0 -1 0 2 0 0 rect1.dat
4 16 -16 12 36 16 12 36 16 12 20 -16 12 20
1 16 0 12 10 2.82843 0 2.82843 0 4 0 -2.82843 0 2.82843 1-4cylo.dat
1 16 0 16 10 2.82843 0 2.82843 0 -1 0 -2.82843 0 2.82843 1-4chrd.dat
1 16 0 12 10 -2.82843 0 -2.82843 0 4 0 2.82843 0 -2.82843 1-4cylo.dat
1 16 0 16 10 -2.82843 0 -2.82843 0 -1 0 2.82843 0 -2.82843 1-4chrd.dat
0 BFC INVERTNEXT
1 16 9.4142 16 10 0 0 6.58578 0 -4 0 -6 0 0 box4-4a.dat
1 16 0 12 14.414 0 0 -2.82843 0 4 0 -1.58579 0 0 box3u4p.dat
0 BFC INVERTNEXT
1 16 -9.414 16 10 0 0 -6.58578 0 -4 0 6 0 0 box4-4a.dat
1 16 0 12 5.586 0 0 2.82843 0 4 0 1.58579 0 0 box3u4p.dat
4 16 16 16 4 16 16 36 20 16 40 20 16 0
4 16 -20 16 0 -20 16 40 -16 16 36 -16 16 4
4 16 -16 16 16 -16 16 20 16 16 20 16 16 16
4 16 20 16 0 -20 16 0 -16 16 4 16 16 4
4 16 2.8284 16 7.1716 -2.8284 16 7.1716 -2.8284 16 12.8284 2.8284 16 12.8284
1 16 -40 10 0 0 1 0 0 0 1 -1 0 0 peghole.dat
0 BFC INVERTNEXT
1 16 -22 10 0 0 -16 0 0 0 6 -6 0 0 4-4cyli.dat
1 16 -22 10 0 0 1 0 0 0 6 -6 0 0 4-4edge.dat
1 16 -20 10 0 0 -1 0 0 0 1 -1 0 0 4-4ring8.dat
1 16 -40 10 0 0 1 0 0 0 -1 -1 0 0 4-4ring8.dat
1 16 -40 10 20 0 1 0 0 0 1 -1 0 0 peghole.dat
0 BFC INVERTNEXT
1 16 -22 10 20 0 -16 0 0 0 6 -6 0 0 4-4cyli.dat
1 16 -22 10 20 0 1 0 0 0 6 -6 0 0 4-4edge.dat
1 16 -20 10 20 0 -1 0 0 0 1 -1 0 0 4-4ring8.dat
1 16 -40 10 20 0 1 0 0 0 -1 -1 0 0 4-4ring8.dat
1 16 -21 10 0 0 1 0 0 0 8 8 0 0 4-4disc.dat
1 16 -21 10 20 0 1 0 0 0 8 8 0 0 4-4disc.dat
