0 Hinge Arm 2 Finger
0 Name: arm1.dat
0 Author: James Jessiman
0 !LDRAW_ORG Primitive UPDATE 2003-02
0 !LICENSE Redistributable under CCAL version 2.0 : see CAreadme.txt

0 BFC CERTIFY CCW

0 !HISTORY 2002-08-31 [izanette] Modified with WINDZ for BFC compliance
0 !HISTORY 2003-08-01 [PTadmin] Official Update 2003-02
0 !HISTORY 2007-06-24 [PTadmin] Header formatted for Contributor Agreement
0 !HISTORY 2008-07-01 [PTadmin] Official Update 2008-01

2 24 10 0 0 9.6 -2 0
2 24 7.8 -6 0 7.1 -7.1 0
2 24 7.1 -7.1 0 3.8 -9.2 0
2 24 3.8 -9.2 0 0 -10 0
2 24 -10 0 0 -9.6 -2 0
2 24 -7.8 -6 0 -7.1 -7.1 0
2 24 -7.1 -7.1 0 -3.8 -9.2 0
2 24 -3.8 -9.2 0 0 -10 0
2 24 10 0 0 9.6 2 0
2 24 7.8 6 0 7.1 7.1 0
2 24 7.1 7.1 0 3.8 9.2 0
2 24 3.8 9.2 0 0 10 0
2 24 -10 0 0 -9.6 2 0
2 24 -7.8 6 0 -7.1 7.1 0
2 24 -7.1 7.1 0 -3.8 9.2 0
2 24 -3.8 9.2 0 0 10 0
2 24 0 -2 -20 3.8 -2 -19.2
2 24 3.8 -2 -19.2 7.1 -2 -17.1
2 24 7.1 -2 -17.1 9.2 -2 -13.8
2 24 9.2 -2 -13.8 9.6 -2 -12
2 24 9.6 -2 -12 9.6 -2 0
2 24 0 -2 -20 -3.8 -2 -19.2
2 24 -3.8 -2 -19.2 -7.1 -2 -17.1
2 24 -7.1 -2 -17.1 -9.2 -2 -13.8
2 24 -9.2 -2 -13.8 -9.6 -2 -12
2 24 -9.6 -2 -12 -9.6 -2 0
2 24 0 2 -20 3.8 2 -19.2
2 24 3.8 2 -19.2 7.1 2 -17.1
2 24 7.1 2 -17.1 9.2 2 -13.8
2 24 9.2 2 -13.8 9.6 2 -12
2 24 9.6 2 -12 9.6 2 0
2 24 0 2 -20 -3.8 2 -19.2
2 24 -3.8 2 -19.2 -7.1 2 -17.1
2 24 -7.1 2 -17.1 -9.2 2 -13.8
2 24 -9.2 2 -13.8 -9.6 2 -12
2 24 -9.6 2 -12 -9.6 2 0
2 24 0 -6 -20 3.8 -6 -19.2
2 24 3.8 -6 -19.2 7.1 -6 -17.1
2 24 7.1 -6 -17.1 7.8 -6 -16
2 24 7.8 -6 -16 7.8 -6 0
2 24 0 -6 -20 -3.8 -6 -19.2
2 24 -3.8 -6 -19.2 -7.1 -6 -17.1
2 24 -7.1 -6 -17.1 -7.8 -6 -16
2 24 -7.8 -6 -16 -7.8 -6 0
2 24 0 6 -20 3.8 6 -19.2
2 24 3.8 6 -19.2 7.1 6 -17.1
2 24 7.1 6 -17.1 7.8 6 -16
2 24 7.8 6 -16 7.8 6 0
2 24 0 6 -20 -3.8 6 -19.2
2 24 -3.8 6 -19.2 -7.1 6 -17.1
2 24 -7.1 6 -17.1 -7.8 6 -16
2 24 -7.8 6 -16 -7.8 6 0
2 24 7.8 -6 -16 9.2 -3.8 -13.8
2 24 9.2 -3.8 -13.8 9.6 -2 -12
2 24 -7.8 -6 -16 -9.2 -3.8 -13.8
2 24 -9.2 -3.8 -13.8 -9.6 -2 -12
2 24 7.8 6 -16 9.2 3.8 -13.8
2 24 9.2 3.8 -13.8 9.6 2 -12
2 24 -7.8 6 -16 -9.2 3.8 -13.8
2 24 -9.2 3.8 -13.8 -9.6 2 -12
5 24 0 -6 -20 0 -2 -20 -1 -6 -20 3.8 -6 -19.2
5 24 3.8 -6 -19.2 3.8 -2 -19.2 0 -6 -20 7.1 -6 -17.1
5 24 7.1 -6 -17.1 7.1 -2 -17.1 3.8 -6 -19.2 9.2 -3.8 -13.8
5 24 9.2 -3.8 -13.8 9.2 -2 -13.8 7.1 -6 -17.1 9.6 -2 -12
5 24 9.2 -3.8 0 9.2 -3.8 -13.8 7.1 -7.1 0 10 0 0
5 24 0 -6 -20 0 -2 -20 1 -6 -20 -3.8 -6 -19.2
5 24 -3.8 -6 -19.2 -3.8 -2 -19.2 0 -6 -20 -7.1 -6 -17.1
5 24 -7.1 -6 -17.1 -7.1 -2 -17.1 -3.8 -6 -19.2 -9.2 -3.8 -13.8
5 24 -9.2 -3.8 -13.8 -9.2 -2 -13.8 -7.1 -6 -17.1 -9.6 -2 -12
5 24 -9.2 -3.8 0 -9.2 -3.8 -13.8 -7.1 -7.1 0 -10 0 0
5 24 0 6 -20 0 2 -20 -1 6 -20 3.8 6 -19.2
5 24 3.8 6 -19.2 3.8 2 -19.2 0 6 -20 7.1 6 -17.1
5 24 7.1 6 -17.1 7.1 2 -17.1 3.8 6 -19.2 9.2 3.8 -13.8
5 24 9.2 3.8 -13.8 9.2 2 -13.8 7.1 6 -17.1 9.6 2 -12
5 24 9.2 3.8 0 9.2 3.8 -13.8 7.1 7.1 0 10 0 0
5 24 0 6 -20 0 2 -20 1 6 -20 -3.8 6 -19.2
5 24 -3.8 6 -19.2 -3.8 2 -19.2 0 6 -20 -7.1 6 -17.1
5 24 -7.1 6 -17.1 -7.1 2 -17.1 -3.8 6 -19.2 -9.2 3.8 -13.8
5 24 -9.2 3.8 -13.8 -9.2 2 -13.8 -7.1 6 -17.1 -9.6 2 -12
5 24 -9.2 3.8 0 -9.2 3.8 -13.8 -7.1 7.1 0 -10 0 0
4 16 0 -2 -20 3.8 -2 -19.2 3.8 -6 -19.2 0 -6 -20
4 16 3.8 -2 -19.2 7.1 -2 -17.1 7.1 -6 -17.1 3.8 -6 -19.2
4 16 7.1 -2 -17.1 9.2 -2 -13.8 7.8 -6 -16 7.1 -6 -17.1
3 16 9.2 -2 -13.8 9.2 -3.8 -13.8 7.8 -6 -16
3 16 9.2 -2 -13.8 9.6 -2 -12 9.2 -3.8 -13.8
4 16 9.6 -2 0 9.2 -3.8 0 9.2 -3.8 -13.8 9.6 -2 -12
4 16 9.2 -3.8 0 7.8 -6 0 7.8 -6 -16 9.2 -3.8 -13.8
4 16 0 -2 -20 0 -6 -20 -3.8 -6 -19.2 -3.8 -2 -19.2
4 16 -3.8 -2 -19.2 -3.8 -6 -19.2 -7.1 -6 -17.1 -7.1 -2 -17.1
4 16 -7.1 -2 -17.1 -7.1 -6 -17.1 -7.8 -6 -16 -9.2 -2 -13.8
3 16 -9.2 -2 -13.8 -7.8 -6 -16 -9.2 -3.8 -13.8
3 16 -9.2 -2 -13.8 -9.2 -3.8 -13.8 -9.6 -2 -12
4 16 -9.6 -2 0 -9.6 -2 -12 -9.2 -3.8 -13.8 -9.2 -3.8 0
4 16 -9.2 -3.8 0 -9.2 -3.8 -13.8 -7.8 -6 -16 -7.8 -6 0
4 16 0 2 -20 0 6 -20 3.8 6 -19.2 3.8 2 -19.2
4 16 3.8 2 -19.2 3.8 6 -19.2 7.1 6 -17.1 7.1 2 -17.1
4 16 7.1 2 -17.1 7.1 6 -17.1 7.8 6 -16 9.2 2 -13.8
3 16 9.2 2 -13.8 7.8 6 -16 9.2 3.8 -13.8
3 16 9.2 2 -13.8 9.2 3.8 -13.8 9.6 2 -12
4 16 9.6 2 0 9.6 2 -12 9.2 3.8 -13.8 9.2 3.8 0
4 16 9.2 3.8 0 9.2 3.8 -13.8 7.8 6 -16 7.8 6 0
4 16 0 2 -20 -3.8 2 -19.2 -3.8 6 -19.2 0 6 -20
4 16 -3.8 2 -19.2 -7.1 2 -17.1 -7.1 6 -17.1 -3.8 6 -19.2
4 16 -7.1 2 -17.1 -9.2 2 -13.8 -7.8 6 -16 -7.1 6 -17.1
3 16 -9.2 2 -13.8 -9.2 3.8 -13.8 -7.8 6 -16
3 16 -9.2 2 -13.8 -9.6 2 -12 -9.2 3.8 -13.8
4 16 -9.6 2 0 -9.2 3.8 0 -9.2 3.8 -13.8 -9.6 2 -12
4 16 -9.2 3.8 0 -7.8 6 0 -7.8 6 -16 -9.2 3.8 -13.8
4 16 7.1 -7.1 0 3.8 -9.2 0 -3.8 -9.2 0 -7.1 -7.1 0
4 16 7.8 -6 0 7.1 -7.1 0 -7.1 -7.1 0 -7.8 -6 0
4 16 10 0 0 9.6 -2 0 -9.6 -2 0 -10 0 0
4 16 10 0 0 -10 0 0 -9.6 2 0 9.6 2 0
4 16 7.8 6 0 -7.8 6 0 -7.1 7.1 0 7.1 7.1 0
4 16 7.1 7.1 0 -7.1 7.1 0 -3.8 9.2 0 3.8 9.2 0
3 16 3.8 9.2 0 -3.8 9.2 0 0 10 0
3 16 3.8 -9.2 0 0 -10 0 -3.8 -9.2 0
4 16 7.1 6 -17.1 3.8 6 -19.2 -3.8 6 -19.2 -7.1 6 -17.1
4 16 7.8 6 -16 7.1 6 -17.1 -7.1 6 -17.1 -7.8 6 -16
4 16 7.8 6 0 7.8 6 -16 -7.8 6 -16 -7.8 6 0
4 16 7.1 2 -17.1 -7.1 2 -17.1 -3.8 2 -19.2 3.8 2 -19.2
4 16 9.2 2 -13.8 -9.2 2 -13.8 -7.1 2 -17.1 7.1 2 -17.1
4 16 9.6 2 -12 -9.6 2 -12 -9.2 2 -13.8 9.2 2 -13.8
4 16 9.6 2 0 -9.6 2 0 -9.6 2 -12 9.6 2 -12
3 16 3.8 2 -19.2 -3.8 2 -19.2 0 2 -20
3 16 3.8 6 -19.2 0 6 -20 -3.8 6 -19.2
3 16 3.8 -2 -19.2 0 -2 -20 -3.8 -2 -19.2
4 16 7.1 -2 -17.1 3.8 -2 -19.2 -3.8 -2 -19.2 -7.1 -2 -17.1
4 16 9.2 -2 -13.8 7.1 -2 -17.1 -7.1 -2 -17.1 -9.2 -2 -13.8
4 16 9.6 -2 -12 9.2 -2 -13.8 -9.2 -2 -13.8 -9.6 -2 -12
4 16 9.6 -2 0 9.6 -2 -12 -9.6 -2 -12 -9.6 -2 0
3 16 3.8 -6 -19.2 -3.8 -6 -19.2 0 -6 -20
4 16 7.1 -6 -17.1 -7.1 -6 -17.1 -3.8 -6 -19.2 3.8 -6 -19.2
4 16 7.8 -6 -16 -7.8 -6 -16 -7.1 -6 -17.1 7.1 -6 -17.1
4 16 7.8 -6 0 -7.8 -6 0 -7.8 -6 -16 7.8 -6 -16
2 24 7.8 -6 0 -7.8 -6 0
2 24 -9.6 -2 0 9.6 -2 0
2 24 -9.6 2 0 9.6 2 0
2 24 7.8 6 0 -7.8 6 0
0
