0 ~Space Wheel Giant  1/12 Segment
0 Name: s\2573-12.dat
0 Author: John Van Zwieten [jvan]
0 !LDRAW_ORG Subpart UPDATE 2002-04
0 !LICENSE Redistributable under CCAL version 2.0 : see CAreadme.txt

0 !HISTORY 1998-10-15 [PTadmin] Official Update 1998-09
0 !HISTORY 2002-01-15 [sbliss] Fixed bad line
0 !HISTORY 2002-08-18 [PTadmin] Official Update 2002-04
0 !HISTORY 2007-08-28 [PTadmin] Header formatted for Contributor Agreement
0 !HISTORY 2008-07-01 [PTadmin] Official Update 2008-01

 2 24 -9.486 -94.739 -9.063 -53.754 -90.435 -8.652
 2 24 -53.754 -90.435 -8.652 -57.707 -89.31 -9.063
 2 24 -57.707 -89.31 -9.063 -58.892 -88.402 -9.409
 2 24 -58.892 -88.402 -9.409 -60.078 -85.914 -10.274
 2 24 -60.078 -85.914 -10.274 -60.078 -83.643 -11.01
 2 24 -3.162 -94.242 -13.346 -3.162 -85.179 -15.163
 2 24 -3.162 -85.179 -15.163 -9.486 -85.785 -11.291
 2 24 -9.486 -85.785 -11.291 -31.62 -84.703 -11.161
 2 24 -31.62 -84.703 -11.161 -60.078 -83.643 -11.01
0 tread sector B
 2 24 -3.162 -94.739 9.063 -9.486 -94.739 9.063
 2 24 -9.486 -94.739 9.063 -53.754 -90.435 8.652
 2 24 -53.754 -90.435 8.652 -57.707 -89.31 9.063
 2 24 -57.707 -89.31 9.063 -58.892 -88.402 9.409
 2 24 -58.892 -88.402 9.409 -60.078 -85.914 10.274
 2 24 -60.078 -85.914 10.274 -60.078 -83.643 11.01
 2 24 -3.162 -94.739 9.063 -3.162 -85.785 11.291
 2 24 -3.162 -85.785 11.291 -31.62 -84.703 11.161
 2 24 -31.62 -84.703 11.161 -60.078 -83.643 11.01
0 inside edge connect A - B
 2 24 -60.078 -83.643 -11.01 -60.078 -83.643 11.01
0 tread inset connect B - A
 2 24 -3.162 -94.242 -13.346 -3.162 -86.585 -39.518
 2 24 -3.162 -85.179 -15.163 -3.162 -79.944 -33.116
 2 24 -60.078 -83.643 -11.01 -60.078 -77.933 -32.272
0 tread sector C
 2 24 3.162 -94.739 9.057 53.754 -90.433 8.644
 2 24 3.162 -94.739 9.057 3.162 -86.367 5.161
 2 24 3.162 -86.367 5.161 9.486 -86.367 5.161
 2 24 9.486 -86.367 5.161 30.039 -84.208 5.034
 2 24 30.039 -84.208 5.034 47.43 -82.047 4.904
0 tread sector D
 2 24 3.162 -89.998 30.953 9.486 -91.308 26.839
 2 24 9.486 -91.308 26.839 53.754 -87.158 25.618
 2 24 3.162 -89.998 30.953 3.162 -80.455 31.822
 2 24 3.162 -80.455 31.822 9.486 -82.088 27.338
 2 24 9.486 -82.088 27.338 30.039 -80.035 26.654
 2 24 30.039 -80.035 26.654 47.43 -77.982 25.971
 2 24 9.486 -91.308 26.839 9.486 -82.088 27.338
0 tread inset C-D
 2 24 3.162 -94.739 9.057 3.162 -93.418 -18.193
 2 24 3.162 -86.367 5.161 3.162 -85.588 -12.669
0 spoke segment edge A
 2 24 60.078 -24.434 5.291 60.078 -80.332 17.397
 2 24 53.754 -24.231 6.158 53.754 -71.275 18.115
 2 24 60.078 -24.434 5.291 53.754 -24.231 6.158
0 spoke segment edge B
 2 24 60.078 -24.971 -1.214 60.078 -82.096 -3.986
 2 24 53.754 -24.913 -2.1 53.754 -73.282 -6.18
 2 24 60.078 -24.971 -1.214 53.754 -24.913 -2.1
0 Spoke inset A'-B
 2 24 53.754 -24.064 -6.784 53.754 -24.913 -2.1
0 Transition Spoke to tread (C-B)
 2 24 60.078 -82.096 -3.986 59.872 -84.3 -3.082
 2 24 59.872 -84.3 -3.082 59.224 -86.494 -2.124
 2 24 59.224 -86.494 -2.124 58.229 -88.292 2.065
 2 24 58.229 -88.292 2.065 56.916 -89.45 6.391
 2 24 56.916 -89.45 6.391 55.335 -90.251 7.535
 2 24 55.335 -90.251 7.535 53.754 -90.433 8.644
0 Transition Spoke to tread (A-D)
 2 24 60.078 -80.332 17.397 59.872 -82.337 18.353
 2 24 59.872 -82.337 18.353 59.224 -84.331 19.335
 2 24 59.224 -84.331 19.335 58.229 -85.579 21.813
 2 24 58.229 -85.579 21.813 56.916 -86.339 24.247
 2 24 56.916 -86.339 24.247 55.335 -87.041 25.013
 2 24 55.335 -87.041 25.013 53.754 -87.158 25.618
0 Inset Transition (B-C)
 2 24 53.754 -73.282 -6.18 53.548 -75.508 -5.457
 2 24 53.548 -75.508 -5.457 52.9 -77.728 -4.68
 2 24 52.9 -77.728 -4.68 51.905 -79.657 -0.973
 2 24 51.905 -79.657 -0.973 50.592 -80.974 2.894
 2 24 50.592 -80.974 2.894 49.011 -81.82 3.907
 2 24 49.011 -81.82 3.907 47.43 -82.047 4.904
0 Inset Transition (A-D)
 2 24 53.754 -71.275 18.115 53.548 -73.259 19.091
 2 24 53.548 -73.259 19.091 52.9 -75.231 20.092
 2 24 52.9 -75.231 20.092 51.905 -76.445 22.413
 2 24 51.905 -76.445 22.413 50.592 -77.178 24.672
 2 24 50.592 -77.178 24.672 49.011 -77.872 25.413
 2 24 49.011 -77.872 25.413 47.43 -77.982 25.971
0 Hub Ring 1a (on spoke face)
 2 24 60.078 -19.977 -.971 60.078 -19.546 4.236
 2 24 60.078 -22.233 11.435 60.078 -24.434 5.291
 2 24 60.078 -17.786 9.147 60.078 -19.546 4.236
0 Interior Notch
 2 24 50 -79.316 10.44 50 -23.547 3.099
 2 24 54 -75.47 9 54 -23.583 2.812
 2 24 50 -23.547 3.099 54 -23.583 2.812
 2 24 54 -23.583 2.812 54 -23.75 0
 2 24 54 -23.75 0 54 -76.005 0
 2 24 50 -23.749 -0.2 54 -23.75 0
 2 24 50 -23.749 -0.2 50 -79.997 -.675
 2 24 50 -79.997 -.675 50 -79.316 -10.44
 2 24 50 -23.547 -3.099 50 -21.943 -9.087
 4 16 50 -79.316 10.44 50 -23.547 3.099 54 -23.583 2.812 54 -75.47 9
 4 16 54 -75.47 9 54 -23.583 2.812 54 -23.75 0 54 -76.005 0
 4 16 54 -76.005 0 50 -79.997 -.675 50 -23.749 -0.2 54 -23.75 0
 4 16 50 -23.547 3.099 54 -23.583 2.812 54 -23.75 0 50 -23.749 -0.2
 4 16 50 -23.749 -0.2 50 -79.997 -.675 50 -79.316 -10.44 50 -23.547 -3.099
 4 16 50 -79.316 -10.44 50 -23.547 -3.099 50 -21.943 -9.087 50 -73.913 -30.608
 4 16 54 -75.47 9 54 -76.005 0 50 -79.997 -.675 50 -79.316 10.44
0 Inner Wall
 2 24 50 -79.316 10.44 50 -79.316 -10.44
 2 24 50 -73.913 -30.608 50 -79.316 -10.44
 4 16 -60.078 -83.643 -11.01 -60.078 -83.643 11.01 50 -79.316 10.44 50 -79.316 -10.44
 4 16 -60.078 -83.643 -11.01 -60.078 -77.933 -32.272 50 -73.913 -30.608 50 -79.316 -10.44
0 Fill in tread surface
0 Center ring
 4 16 -3.162 -86.585 -39.518 3.162 -86.585 -39.518 3.162 -94.242 -13.346 -3.162 -94.242 -13.346
 4 16 -3.162 -94.242 -13.346 3.162 -94.242 -13.346 3.162 -94.739 9.063 -3.162 -94.739 9.063
0 Tread Inset B'-A
 4 16 -3.162 -85.179 -15.163 -3.162 -79.944 -33.116 -9.486 -85.785 -11.291 -9.486 -79.728 -33.202
 4 16 -9.486 -85.785 -11.291 -9.486 -79.728 -33.202 -31.62 -85.244 -11.222 -31.62 -79.434 -32.903
 4 16 -31.62 -85.244 -11.222 -31.62 -79.434 -32.903 -60.078 -83.643 -11.01 -60.078 -77.933 -32.272
0 Center Wall B'-A
 4 16 -3.162 -94.242 -13.346 -3.162 -86.585 -39.518 -3.162 -85.179 -15.163 -3.162 -79.944 -33.116
0 Tread Wall A
 4 16 -3.162 -94.242 -13.346 -9.486 -94.739 -9.063 -3.162 -85.179 -15.163 -9.486 -85.785 -11.291
 4 16 -9.486 -94.739 -9.063 -31.62 -92.576 -8.847 -9.486 -85.785 -11.291 -31.62 -84.703 -11.161
 4 16 -31.62 -92.576 -8.847 -53.754 -90.435 -8.652 -31.62 -84.703 -11.161 -53.754 -83.881 -11.031
 4 16 -53.754 -83.881 -11.031 -53.754 -90.435 -8.652 -57.707 -89.31 -9.063 -58.892 -88.402 -9.409
 4 16 -53.754 -83.881 -11.031 -58.892 -88.402 -9.409 -60.078 -85.914 -10.274 -60.078 -83.643 -11.01
0 Tread A-B
 4 16 -3.162 -94.242 -13.346 -9.486 -94.739 -9.063 -3.162 -94.739 9.063 -9.486 -94.739 9.063
 4 16 -9.486 -94.739 -9.063 -53.754 -90.435 -8.652 -53.754 -90.435 8.652 -9.486 -94.739 9.063
 4 16 -53.754 -90.435 -8.652 -57.707 -89.31 -9.063 -57.707 -89.31 9.063 -53.754 -90.435 8.652
 4 16 -57.707 -89.31 -9.063 -58.892 -88.402 -9.409 -58.892 -88.402 9.409 -57.707 -89.31 9.063
 4 16 -58.892 -88.402 -9.409 -60.078 -85.914 -10.274 -60.078 -85.914 10.274 -58.892 -88.402 9.409
 4 16 -60.078 -85.914 -10.274 -60.078 -83.643 -11.01 -60.078 -83.643 11.01 -60.078 -85.914 10.274
0 Tread Wall B
 4 16 -3.162 -94.739 9.063 -9.486 -94.739 9.063 -3.162 -85.785 11.291 -9.486 -85.785 11.291
 4 16 -9.486 -94.739 9.063 -31.62 -92.576 8.847 -9.486 -85.785 11.291 -31.62 -84.703 11.161
 4 16 -31.62 -92.576 8.847 -53.754 -90.435 8.652 -31.62 -84.703 11.161 -53.754 -83.881 11.031
 4 16 -53.754 -83.881 11.031 -53.754 -90.435 8.652 -57.707 -89.31 9.063 -58.892 -88.402 9.409
 4 16 -53.754 -83.881 11.031 -58.892 -88.402 9.409 -60.078 -85.914 10.274 -60.078 -83.643 11.01
0 Center Wall D'-C
 4 16 3.162 -94.739 9.057 3.162 -93.418 -18.193 3.162 -86.367 5.161 3.162 -85.588 -12.669
0 Tread Inset D'-C
 4 16 3.162 -85.588 -12.669 9.486 -84.76 -17.369 9.486 -86.367 5.161 3.162 -86.367 5.161
 4 16 9.486 -84.76 -17.369 30.039 -82.64 -16.934 30.039 -84.208 5.034 9.486 -86.367 5.161
 4 16 30.039 -82.64 -16.934 47.43 -80.52 -16.5 47.43 -82.047 4.904 30.039 -84.208 5.034
 4 16 47.43 -80.52 -16.5 49.011 -80.145 -16.928 49.011 -81.82 3.907 47.43 -82.047 4.904
 4 16 49.011 -80.145 -16.928 50.592 -79.174 -17.224 50.592 -80.974 2.894 49.011 -81.82 3.907
 4 16 50.592 -79.174 -17.223 51.905 -77.41 -18.812 51.905 -79.657 -0.973 50.592 -80.974 2.894
 4 16 51.905 -77.41 -18.812 52.9 -75.199 -20.216 52.9 -77.728 -4.68 51.905 -79.657 -0.973
 4 16 52.9 -75.199 -20.216 53.548 -72.988 -20.096 53.548 -75.508 -5.457 52.9 -77.728 -4.68
 4 16 53.548 -72.988 -20.096 53.754 -70.784 -19.949 53.754 -73.282 -6.18 53.548 -75.508 -5.457
 4 16 53.754 -70.784 -19.949 53.754 -24.064 -6.784 53.754 -24.913 -2.1 53.754 -73.282 -6.18
0 Tread Wall C
 3 16 3.162 -94.739 9.057 3.162 -86.367 5.161 9.486 -86.367 5.161
 4 16 3.162 -94.739 9.057 9.486 -86.367 5.161 30.039 -84.208 5.034 53.754 -90.433 8.644
 3 16 30.039 -84.208 5.034 47.43 -82.047 4.904 53.754 -90.433 8.644
 4 16 47.43 -82.047 4.904 49.011 -81.82 3.907 55.335 -90.251 7.535 53.754 -90.433 8.644
 4 16 49.011 -81.82 3.907 50.592 -80.974 2.894 56.916 -89.45 6.391 55.335 -90.251 7.535
 4 16 50.592 -80.974 2.894 51.905 -79.657 -0.973 58.229 -88.292 2.065 56.916 -89.45 6.391
 4 16 51.905 -79.657 -0.973 52.9 -77.728 -4.68 59.224 -86.494 -2.124 58.229 -88.292 2.065
 4 16 52.9 -77.728 -4.68 53.548 -75.508 -5.457 59.872 -84.3 -3.082 59.224 -86.494 -2.124
 4 16 53.548 -75.508 -5.457 53.754 -73.282 -6.18 60.078 -82.096 -3.986 59.872 -84.3 -3.082
 4 16 53.754 -73.282 -6.18 53.754 -24.913 -2.1 60.078 -24.971 -1.214 60.078 -82.096 -3.986
0 Tread C-D
 3 16 3.162 -94.739 9.057 3.162 -89.998 30.953 9.486 -91.308 26.839
 4 16 3.162 -94.739 9.057 53.754 -90.433 8.644 9.486 -91.308 26.839 53.754 -87.158 25.618
 4 16 53.754 -90.433 8.644 55.335 -90.251 7.535 55.335 -87.041 25.013 53.754 -87.158 25.618
 4 16 55.335 -90.251 7.535 56.916 -89.45 6.391 56.916 -86.339 24.247 55.335 -87.041 25.013
 4 16 56.916 -89.45 6.391 58.229 -88.292 2.065 58.229 -85.579 21.813 56.916 -86.339 24.247
 4 16 58.229 -88.292 2.065 59.224 -86.494 -2.124 59.224 -84.331 19.335 58.229 -85.579 21.813
 4 16 59.224 -86.494 -2.124 59.872 -84.3 -3.082 59.872 -82.337 18.353 59.224 -84.331 19.335
 4 16 59.872 -84.3 -3.082 60.078 -82.096 -3.986 60.078 -80.332 17.397 59.872 -82.337 18.353
 4 16 60.078 -24.434 5.291 60.078 -80.332 17.397 60.078 -24.971 -1.214 60.078 -82.096 -3.986
0 Tread Wall D
 4 16 3.162 -89.998 30.953 9.486 -91.308 26.839 3.162 -80.455 31.822 9.486 -82.088 27.338
 4 16 9.486 -91.308 26.839 53.754 -87.158 25.618 9.486 -82.088 27.338 47.43 -77.982 25.971
 4 16 55.335 -87.041 25.013 53.754 -87.158 25.618 49.011 -77.872 25.413 47.43 -77.982 25.971
 4 16 56.916 -86.339 24.247 55.335 -87.041 25.013 50.592 -77.178 24.672 49.011 -77.872 25.413
 4 16 58.229 -85.579 21.813 56.916 -86.339 24.247 51.905 -76.445 22.413 50.592 -77.178 24.672
 4 16 59.224 -84.331 19.335 58.229 -85.579 21.813 52.9 -75.231 20.092 51.905 -76.445 22.413
 4 16 59.872 -82.337 18.353 59.224 -84.331 19.335 53.548 -73.259 19.091 52.9 -75.231 20.092
 4 16 60.078 -80.332 17.397 59.872 -82.337 18.353 53.754 -71.275 18.115 53.548 -73.259 19.091
 4 16 60.078 -24.434 5.291 60.078 -80.332 17.397 53.754 -24.231 6.158 53.754 -71.275 18.115
0 Hub Wall D'-C
 4 16 53.754 -24.064 -6.784 53.754 -24.913 -2.1 60.078 -23.806 -7.634 60.078 -24.971 -1.214
0 Hub Ring
 4 16 60.078 -24.434 5.291 60.078 -24.971 -1.214 60.078 -19.977 -.971 60.078 -19.546 4.236
 4 16 60.078 -22.233 11.435 60.078 -24.434 5.291 60.078 -19.546 4.236 60.078 -17.786 9.147
0 Inner Wall
 4 16 -60.078 -83.643 -11.01 -60.078 -83.643 11.01 50 -79.316 10.44 50 -79.316 -10.44
 4 16 -60.078 -83.643 -11.01 -60.078 -77.933 -32.272 50 -73.913 -30.608 50 -79.316 -10.44
