0 ~Minifig Shield Ovoid with Bull Head - Tan Detail
0 Name: s\2586p4gb.dat
0 Author: Andy Westrate [westrate]
0 !LDRAW_ORG Subpart UPDATE 2005-01
0 !LICENSE Redistributable under CCAL version 2.0 : see CAreadme.txt

0 BFC CERTIFY CCW

0 !HISTORY 2005-12-28 [PTadmin] Official Update 2005-01
0 !HISTORY 2007-08-28 [PTadmin] Header formatted for Contributor Agreement
0 !HISTORY 2008-07-01 [PTadmin] Official Update 2008-01

3 16 0 28.75 -8 1.25 12.25 -8 0 12 -8
3 16 0 -12 -8 1.5 -13 -8 0 -27 -8
4 16 1.5 3.25 -8 0 3 -8 0 4 -8 1.5 4.25 -8
4 16 6 5 -8 6 6 -8 6.5 9 -8 9.75 8 -8
4 16 9.75 8 -8 6.5 9 -8 4.25 12 -8 7.5 16 -8
4 16 1 28.5 -8 4.25 24.5 -8 1.25 12.25 -8 0 28.75 -8
4 16 7.5 16 -8 4.25 12 -8 1.25 12.25 -8 4.25 24.5 -8
4 16 11.75 -1 -8 8 2 -8 6 5 -8 9.75 8 -8
3 16 11.75 -1 -8 9 -2.5 -8 8 2 -8
3 16 9 -5.5 -8 9 -3.25 -8 9.5 -4.5 -8
4 16 11 -3.25 -8 11 -4.5 -8 9 -5.5 -8 9.5 -4.5 -8
3 16 11 -4.5 -8 11.75 -5 -8 9 -5.5 -8
3 16 11.75 -5 -8 11 -4.5 -8 13.25 -3.25 -8
4 16 1.75 11 -8 1.75 9.75 -8 0 10 -8 0 11.25 -8
4 16 3.25 10.25 -8 2.75 9.5 -8 1.75 9.75 -8 1.75 11 -8
3 16 3.25 10.25 -8 3.25 8.75 -8 2.75 9.5 -8
4 16 4.25 5.5 -8 4.25 4.5 -8 1.5 3.25 -8 1.5 4.25 -8
4 16 6 6 -8 6 5 -8 4.25 4.5 -8 4.25 5.5 -8
4 16 5.75 -12.5 -8 5.25 -11.25 -8 5.75 -11.25 -8 6.75 -13 -8
4 16 5.25 -11.25 -8 5.25 -8.75 -8 5.75 -9.25 -8 5.75 -11.25 -8
4 16 7 -7.75 -8 7.5 -8.25 -8 5.75 -9.25 -8 5.25 -8.75 -8
4 16 10 -6.75 -8 10 -8 -8 7.5 -8.25 -8 7 -7.75 -8
4 16 12.5 -6 -8 12.75 -8.75 -8 10 -8 -8 10 -6.75 -8
4 16 2.25 -7.25 -8 1 -6.25 -8 1 -5.25 -8 3.25 -7.25 -8
4 16 10.5 -22.25 -8 9 -23.75 -8 8.5 -23 -8 9.5 -22.25 -8
4 16 8.5 -23 -8 9 -23.75 -8 6.75 -25.5 -8 7.5 -22 -8
4 16 6.75 -25.5 -8 3 -26.75 -8 0 -27 -8 1.5 -13 -8
4 16 7.5 -22 -8 6.75 -25.5 -8 1.5 -13 -8 3 -13.25 -8
3 16 3 -13.25 -8 7.5 -20.5 -8 7.5 -22 -8
4 16 8.5 -19.75 -8 7.5 -20.5 -8 3 -13.25 -8 5.75 -12.5 -8
3 16 5.75 -12.5 -8 6.75 -13 -8 8.5 -19.75 -8
4 16 13 -14.5 -8 11.5 -20.75 -8 10 -21 -8 9.75 -20.25 -8
4 16 10.5 -13 -8 9.75 -20.25 -8 8.5 -19.75 -8 6.75 -13 -8
3 16 10.5 -13 -8 13 -14.5 -8 9.75 -20.25 -8
1 16 0 32.75 -8 0 0 1 1 0 0 0 1 0 2-4disc.dat
1 16 6.75 26.75 -8 1 0 0 0 0 -1 0 1 0 4-4disc.dat
1 16 10.25 18.5 -8 1 0 0 0 0 -1 0 1 0 4-4disc.dat
1 16 13 10 -8 1 0 0 0 0 -1 0 1 0 4-4disc.dat
1 16 15.25 0.25 -8 1 0 0 0 0 -1 0 1 0 4-4disc.dat
1 16 16.75 -9.25 -8 1 0 0 0 0 -1 0 1 0 4-4disc.dat
1 16 13 -24.25 -8 1 0 0 0 0 -1 0 1 0 4-4disc.dat
1 16 6.75 -29 -8 1 0 0 0 0 -1 0 1 0 4-4disc.dat
1 16 0 -30.75 -8 0 0 1 1 0 0 0 1 0 2-4disc.dat
0
