0 ~Minifig Shield Ovoid with Bull Head - Orange-Brown Detail
0 Name: s\2586p4ga.dat
0 Author: Andy Westrate [westrate]
0 !LDRAW_ORG Subpart UPDATE 2005-01
0 !LICENSE Redistributable under CCAL version 2.0 : see CAreadme.txt

0 BFC CERTIFY CCW

0 !HISTORY 2005-12-28 [PTadmin] Official Update 2005-01
0 !HISTORY 2007-08-28 [PTadmin] Header formatted for Contributor Agreement
0 !HISTORY 2008-07-01 [PTadmin] Official Update 2008-01

1 16 0 -14.5 -8 0 0 19 -19 0 0 0 1 0 1-8chrd.dat
1 16 0 -14.5 -8 13.435 0 13.435 -13.435 0 13.435 0 1 0 1-8chrd.dat
4 16 1.75 9.75 -8 2.75 9.5 -8 3.25 8.75 -8 2.5 7.5 -8
4 16 4 8.25 -8 4 7.5 -8 2.5 7.5 -8 3.25 8.75 -8
3 16 4 -2.5 -8 3 -4.5 -8 1 -0.25 -8
4 16 7.5 -5 -8 6 -6.5 -8 3 -4.5 -8 4 -2.5 -8
4 16 9 -5.5 -8 7.75 -6.5 -8 6 -6.5 -8 7.5 -5 -8
4 16 14.5 -16.75 -8 14 -19 -8 12.75 -20 -8 13.75 -15.5 -8
3 16 0 -32 -8 1.25 -32 -8 0 -33.5 -8
3 16 0 -27.75 -8 1.25 -29.5 -8 0 -29.5 -8
3 16 3 -27.5 -8 1.25 -29.5 -8 0 -27.75 -8
4 16 5.5 -30.25 -8 8 -30.25 -8 0 -33.5 -8 1.25 -32 -8
4 16 5.5 -27.75 -8 5.5 -30.25 -8 1.25 -32 -8 1.25 -29.5 -8
4 16 8 -27.75 -8 5.5 -27.75 -8 3 -27.5 -8 7 -26.25 -8
4 16 9.75 -24 -8 11.75 -25.5 -8 8 -27.75 -8 7 -26.25 -8
4 16 11.75 -23 -8 11.75 -25.5 -8 9.75 -24 -8 11.5 -22.25 -8
4 16 11.75 -25.5 -8 13.435 -27.935 -8 8 -30.25 -8 8 -27.75 -8
3 16 3 -27.5 -8 5.5 -27.75 -8 1.25 -29.5 -8
3 16 11.75 -25.5 -8 14.25 -25.5 -8 13.435 -27.935 -8
4 16 11.75 -23 -8 11.5 -22.25 -8 16 -20.5 -8 14.25 -23 -8
3 16 19 -14.5 -8 14.25 -25.5 -8 16 -20.5 -8
3 16 13.435 -27.935 -8 14.25 -25.5 -8 19 -14.5 -8
3 16 16 -20.5 -8 14.25 -25.5 -8 14.25 -23 -8
3 16 15.5 -10.5 -8 18 -10.5 -8 19 -14.5 -8
3 16 18 -8 -8 17.75 -2.5 -8 18 -10.5 -8
3 16 17.75 -2.5 -8 19 -14.5 -8 18 -10.5 -8
4 16 15.5 -8 -8 15.5 -10.5 -8 13.5 -9 -8 13.25 -5.5 -8
4 16 18 -8 -8 15.5 -8 -8 13.25 -5.5 -8 15.75 -3 -8
4 16 16.5 -1 -8 17.75 -2.5 -8 15.75 -3 -8 15.25 -1 -8
3 16 15.75 -3 -8 17.75 -2.5 -8 18 -8 -8
3 16 17.75 -2.5 -8 16.5 -1 -8 16.5 1.5 -8
3 16 15 11.5 -8 17.75 -2.5 -8 16.5 1.5 -8
4 16 14 1.5 -8 14 -1 -8 12.5 -1 -8 10.5 8 -8
4 16 11.75 11.25 -8 11.75 8.75 -8 10.5 8 -8 8.25 16 -8
4 16 11.75 8.75 -8 14.25 8.75 -8 14 1.5 -8 10.5 8 -8
4 16 14.25 8.75 -8 14.25 11.25 -8 15 11.5 -8 16.5 1.5 -8
3 16 14.25 8.75 -8 16.5 1.5 -8 14 1.5 -8
3 16 0 31.5 -8 1.25 31.5 -8 0 29.5 -8
3 16 1.25 31.5 -8 1.5 29 -8 0 29.5 -8
4 16 9 19.75 -8 9 17.25 -8 8.25 16 -8 4.75 25 -8
4 16 11.75 11.25 -8 8.25 16 -8 9 17.25 -8 11.5 17.25 -8
4 16 14.25 11.25 -8 11.75 11.25 -8 11.5 17.25 -8 15 11.5 -8
4 16 15 11.5 -8 11.5 17.25 -8 11.5 19.75 -8 12 21 -8
4 16 9 19.75 -8 4.75 25 -8 5.5 25.5 -8 8 25.5 -8
4 16 11.5 19.75 -8 9 19.75 -8 8 25.5 -8 12 21 -8
3 16 12 21 -8 8 25.5 -8 8 29 -8
4 16 1.25 31.5 -8 5.5 25.5 -8 4.75 25 -8 1.5 29 -8
4 16 1.25 34 -8 5.5 28 -8 5.5 25.5 -8 1.25 31.5 -8
4 16 8 29 -8 8 28 -8 5.5 28 -8 3.5 35 -8
4 16 3.5 35 -8 5.5 28 -8 1.25 34 -8 2 36 -8
4 16 2 36 -8 1.25 34 -8 0 34 -8 0 36.5 -8
1 16 0 32.75 -8 0 0 1.25 1.25 0 0 0 1 0 2-4ndis.dat
1 16 6.75 26.75 -8 1.25 0 0 0 0 -1.25 0 1 0 4-4ndis.dat
1 16 10.25 18.5 -8 1.25 0 0 0 0 -1.25 0 1 0 4-4ndis.dat
1 16 13 10 -8 1.25 0 0 0 0 -1.25 0 1 0 4-4ndis.dat
1 16 15.25 0.25 -8 1.25 0 0 0 0 -1.25 0 1 0 4-4ndis.dat
1 16 16.75 -9.25 -8 1.25 0 0 0 0 -1.25 0 1 0 4-4ndis.dat
1 16 13 -24.25 -8 1.25 0 0 0 0 -1.25 0 1 0 4-4ndis.dat
1 16 6.75 -29 -8 1.25 0 0 0 0 -1.25 0 1 0 4-4ndis.dat
1 16 0 -30.75 -8 0 0 1.25 1.25 0 0 0 1 0 2-4ndis.dat
0
