0 ~Minifig Mechanical Torso without Chest/Rib Surface (Needs Work)
0 Name: s\30375s01.dat
0 Author: Nathan Wright
0 !LDRAW_ORG Subpart UPDATE 2002-05
0 !LICENSE Redistributable under CCAL version 2.0 : see CAreadme.txt

0 !HISTORY 2002-09-04 [OrionP] Rough fixed a problem with the struts
0 !HISTORY 2002-11-30 [PTadmin] Official Update 2002-05
0 !HISTORY 2007-08-30 [PTadmin] Header formatted for Contributor Agreement
0 !HISTORY 2008-07-01 [PTadmin] Official Update 2008-01

1 16 -6 0 0 0 12 0 0 0 4 -4 0 0 4-4cyli.dat
1 16 -6 -32 0 0 12 0 0 0 4 -4 0 0 4-4cyli.dat
1 16 -20 -32 0 0 8.5 0 0 0 4 -4 0 0 4-4cyli.dat
1 16 20 -32 0 0 -8.5 0 0 0 4 4 0 0 4-4cyli.dat
1 16 20 -32 0 0 1 0 0 0 4 -4 0 0 4-4disc.dat
1 16 -20 -32 0 0 1 0 0 0 4 -4 0 0 4-4disc.dat
1 16 -20 -32 0 0 1 0 0 0 4 -4 0 0 4-4edge.dat
1 16 20 -32 0 0 1 0 0 0 4 -4 0 0 4-4edge.dat
1 16 -6 0 0 0 1 0 -2.828 0 2.828 -2.828 0 -2.828 3-4edge.dat
1 16 6 0 0 0 1 0 -2.828 0 2.828 -2.828 0 -2.828 3-4edge.dat
1 16 -6 -32 0 0 1 0 0 0 4 -4 0 0 4-4edge.dat
1 16 6 -32 0 0 1 0 0 0 4 -4 0 0 4-4edge.dat
1 16 11.5 -32 0 0 1 0 0 0 4 -4 0 0 4-4edge.dat
1 16 -11.5 -32 0 0 1 0 0 0 4 -4 0 0 4-4edge.dat
1 16 11.5 -32 1 0 1 0 0 0 -6 6 0 0 1-4edge.dat
1 16 11.5 -32 1 0 1 0 0 0 -6 6 0 0 1-4disc.dat
1 16 6 -32 1 0 1 0 0 0 -6 6 0 0 1-4disc.dat
1 16 -6 -32 1 0 1 0 0 0 -6 6 0 0 1-4disc.dat
1 16 -11.5 -32 1 0 1 0 0 0 -6 6 0 0 1-4disc.dat
1 16 -11.5 -32 1 0 1 0 0 0 -6 6 0 0 1-4edge.dat
1 16 -6 -32 1 0 1 0 0 0 -6 6 0 0 1-4edge.dat
1 16 6 -32 1 0 1 0 0 0 -6 6 0 0 1-4edge.dat
1 16 6 -32 1 0 5.5 0 0 0 -6 6 0 0 1-4cyli.dat
1 16 -6 -32 1 0 -5.5 0 0 0 -6 6 0 0 1-4cyli.dat
1 16 11.5 -33 -2 0 1 0 -5 0 0 0 0 -5 1-4edge.dat
1 16 11.5 -33 -2 0 1 0 -5 0 0 0 0 -5 1-4disc.dat
1 16 6 -33 -2 0 1 0 -5 0 0 0 0 -5 1-4disc.dat
1 16 -6 -33 -2 0 1 0 -5 0 0 0 0 -5 1-4disc.dat
1 16 -11.5 -33 -2 0 1 0 -5 0 0 0 0 -5 1-4disc.dat
1 16 6 -33 -2 0 1 0 -5 0 0 0 0 -5 1-4edge.dat
1 16 -6 -33 -2 0 1 0 -5 0 0 0 0 -5 1-4edge.dat
1 16 -11.5 -33 -2 0 1 0 -5 0 0 0 0 -5 1-4edge.dat
1 16 -6 -33 -2 0 -5.5 0 -5 0 0 0 0 -5 1-4cyli.dat
1 16 6 -33 -2 0 5.5 0 -5 0 0 0 0 -5 1-4cyli.dat
2 24 11.5 -32 7 11.5 -24 7
2 24 6 -32 7 6 -24 7
2 24 -6 -32 7 -6 -24 7
2 24 -11.5 -32 7 -11.5 -24 7
2 24 11.5 -38 1 11.5 -38 -2
2 24 6 -38 1 6 -38 -2
2 24 -6 -38 1 -6 -38 -2
2 24 -11.5 -38 1 -11.5 -38 -2
4 16 11.5 -38 1 11.5 -38 -2 6 -38 1 6 -38 -2
4 16 -11.5 -38 1 -11.5 -38 -2 -6 -38 1 -6 -38 -2
2 24 -6 -24 7 6 -24 7
4 16 11.5 -32 7 11.5 -24 7 6 -32 7 6 -24 7
4 16 -11.5 -32 7 -11.5 -24 7 -6 -32 7 -6 -24 7
2 24 11.5 -25 -8.5 11.5 -33 -7
2 24 6 -25 -8.5 6 -33 -7
2 24 -6 -25 -8.5 -6 -33 -7
2 24 -11.5 -25 -8.5 -11.5 -33 -7
1 16 6 0 0 0 3 0 -5 0 0 0 0 -5 4-4cyli.dat
1 16 9 0 0 0 2 0 -5 0 0 0 0 -5 4-4disc.dat
1 16 -9 0 0 0 2 0 -5 0 0 0 0 -5 4-4disc.dat
1 16 -9 0 0 0 3 0 -5 0 0 0 0 -5 4-4cyli.dat
2 24 11.5 -25 -8.5 11.5 -24 7
2 24 -11.5 -25 -8.5 -11.5 -24 7
4 16 11.5 -38 1 11.5 -38 -2 11.5 -33 -2 11.5 -32 1
4 16 -11.5 -38 1 -11.5 -38 -2 -11.5 -33 -2 -11.5 -32 1
4 16 6 -38 1 6 -38 -2 6 -33 -2 6 -32 1
4 16 -6 -38 1 -6 -38 -2 -6 -33 -2 -6 -32 1
4 16 11.5 -33 -7 11.5 -25 -8.5 11.5 -33 -2 11.5 -32 1
4 16 -11.5 -33 -7 -11.5 -25 -8.5 -11.5 -33 -2 -11.5 -32 1
4 16 6 -33 -7 6 -25 -8.5 6 -33 -2 6 -32 1
4 16 -6 -33 -7 -6 -25 -8.5 -6 -33 -2 -6 -32 1
4 16 11.5 -24 7 11.5 -25 -8.5 11.5 -32 7 11.5 -32 1
4 16 -11.5 -24 7 -11.5 -25 -8.5 -11.5 -32 7 -11.5 -32 1
4 16 6 -24 7 6 -25 -8.5 6 -32 7 6 -32 1
4 16 -6 -24 7 -6 -25 -8.5 -6 -32 7 -6 -32 1
3 16 6 -24 7 6 -25 -8.5 6 -24 -8.6
3 16 -6 -24 7 -6 -25 -8.5 -6 -24 -8.6
2 24 11.5 -24 7 9.5 -14 7
2 24 -11.5 -24 7 -9.5 -14 7
2 24 11.5 -25 -8.5 10.2 -18 -9
2 24 6 -25 -8.5 6 -24 -8.6
2 24 -6 -25 -8.5 -6 -24 -8.6
2 24 -11.5 -25 -8.5 -10.2 -18 -9
2 24 5.1 -7.8 -1.3 6.3 -14 7
2 24 -5.1 -7.8 -1.3 -6.3 -14 7
2 24 5.6 -10.3 -1.7 7.1 -18 -9
2 24 -5.6 -10.3 -1.7 -7.1 -18 -9
2 24 9.2 -13.3 -4.6 10.2 -18 -9
2 24 -9.2 -13.3 -4.6 -10.2 -18 -9
2 24 8.5 -9.4 0.8 9.5 -14 7
2 24 -8.5 -9.4 0.8 -9.5 -14 7
2 24 7.5 -20 -8.85 7.1 -18 -9
2 24 -7.5 -20 -8.85 -7.1 -18 -9
2 24 7.5 -20 -8.85 -7.5 -20 -8.85
2 24 7.5 -20 3 -7.5 -20 3
2 24 7.5 -20 -8.85 7.5 -20 3
2 24 -7.5 -20 -8.85 -7.5 -20 3
2 24 5.7 -11 3 7.5 -20 3
2 24 -5.7 -11 3 -7.5 -20 3
2 24 7.1 -18 -9 10.2 -18 -9
2 24 -7.1 -18 -9 -10.2 -18 -9
2 24 6 -24 -8.6 -6 -24 -8.6
2 24 -6 -24 7 -6 -24 -8.6
2 24 6 -24 7 6 -24 -8.6
2 24 9.5 -14 7 6.3 -14 7
2 24 -9.5 -14 7 -6.3 -14 7
2 24 5.7 -11 4.3 6.1 -13 7
2 24 -5.7 -11 4.3 -6.1 -13 7
2 24 -6.3 -14 7 -6.1 -13 7
2 24 6.3 -14 7 6.1 -13 7
2 24 5.7 -11 4.3 5.7 -11 3
2 24 -5.7 -11 4.3 -5.7 -11 3
2 24 -5.7 -11 4.3 -4 -11 7
2 24 5.7 -11 4.3 4 -11 7
2 24 -6.1 -13 7 -4 -11 7
2 24 6.1 -13 7 4 -11 7
2 24 5.7 -11 3 -5.7 -11 3
2 24 4 -11 7 -4 -11 7
4 16 -6 -29 -7.75 -6 -33 -7 -11.5 -33 -7 -11.5 -29 -7.75
4 16 6 -29 -7.75 6 -33 -7 11.5 -33 -7 11.5 -29 -7.75
4 16 6 -24 -8.6 6 -24 7 -6 -24 -8.6 -6 -24 7
4 16 7.5 -20 -8.85 7.5 -20 3 7.1 -18 -9 7.1 -18 3
4 16 -7.5 -20 -8.85 -7.5 -20 3 -7.1 -18 -9 -7.1 -18 3
4 16 -7.5 -20 -8.85 -7.5 -20 3 7.5 -20 -8.85 7.5 -20 3
4 16 5.1 -7.8 -1.3 5.7 -11 3 5.6 -10.3 -1.7 7.1 -18 3
4 16 -5.1 -7.8 -1.3 -5.7 -11 3 -5.6 -10.3 -1.7 -7.1 -18 3
3 16 7.1 -18 -9 7.1 -18 3 5.6 -10.3 -1.7
3 16 -7.1 -18 -9 -7.1 -18 3 -5.6 -10.3 -1.7
4 16 5.7 -11 3 -5.7 -11 3 7.5 -20 3 -7.5 -20 3
4 16 10.2 -18 -9 11.5 -24 7 9.5 -14 7 11.5 -25 -8.5
4 16 -10.2 -18 -9 -11.5 -24 7 -9.5 -14 7 -11.5 -25 -8.5
3 16 9.5 -14 7 8.3 -7.8 -1.3 8.8 -10.3 -1.7
3 16 -9.5 -14 7 -8.3 -7.8 -1.3 -8.8 -10.3 -1.7
3 16 9.5 -14 7 10.2 -18 -9 8.8 -10.3 -1.7
3 16 -9.5 -14 7 -10.2 -18 -9 -8.8 -10.3 -1.7
4 16 9.5 -14 7 6.3 -14 7 5.1 -7.8 -1.3 8.3 -7.8 -1.3
4 16 -9.5 -14 7 -6.3 -14 7 -5.1 -7.8 -1.3 -8.3 -7.8 -1.3
4 16 11.5 -24 7 -11.5 -24 7 9.5 -14 7 -9.5 -14 7
4 16 6.3 -14 7 6.1 -13 7 5.7 -11 4.3 5.7 -11 3
4 16 -6.3 -14 7 -6.1 -13 7 -5.7 -11 4.3 -5.7 -11 3
4 16 5.7 -11 3 5.7 -11 4.3 -5.7 -11 4.3 -5.7 -11 3
4 16 4 -11 7 5.7 -11 4.3 -5.7 -11 4.3 -4 -11 7
4 16 4 -11 7 6.1 -13 7 -6.1 -13 7 -4 -11 7
4 16 6.3 -14 7 6.1 -13 7 -6.1 -13 7 -6.3 -14 7
3 16 6.1 -13 7 4 -11 7 5.7 -11 4.3
3 16 -6.1 -13 7 -4 -11 7 -5.7 -11 4.3
0 strut, 9 forward 11 out
1 16 -6.1 0 0.32 2.432 -2.49 0.333 -0.519 -12.783 -0.35 0.256 -2.155 2.453 1-4cyli.dat
1 16 6.1 0 0.16 -2.432 2.49 0.333 -0.519 -12.783 -0.35 0.256 -2.155 2.453 1-4cyli.dat
1 16 -6.1 0 0.32 -2.432 -2.49 0.333 0.519 -12.783 -0.35 -0.256 -2.155 2.453 1-4cyli.dat
1 16 6.1 0 0.16 2.432 2.49 0.333 0.519 -12.783 -0.35 -0.256 -2.155 2.453 1-4cyli.dat
1 16 -6.1 0 0.32 -2.432 -2.49 -0.333 0.519 -12.783 0.35 -0.256 -2.155 -2.453 1-4cyli.dat
1 16 6.1 0 0.16 2.432 2.49 -0.333 0.519 -12.783 0.35 -0.256 -2.155 -2.453 1-4cyli.dat
1 16 11.01 -17.56 -2.89 -0.084 0.999239 -0.0288351 0.351742 0.0194158 -2.31786 -2.2714 -0.0338317 -0.357873 2-4edge.dat
1 16 -11.01 -17.56 -2.89 0.084 -0.999239 0.0288351 0.351742 0.0194158 -2.31786 -2.2714 -0.0338317 -0.357873 2-4edge.dat
1 16 11.01 -17.56 -2.89 -0.084 0.999239 -0.0288351 0.351742 0.0194158 -2.31786 -2.2714 -0.0338317 -0.357873 2-4disc.dat
1 16 -11.01 -17.56 -2.89 0.084 -0.999239 0.0288351 0.351742 0.0194158 -2.31786 -2.2714 -0.0338317 -0.357873 2-4disc.dat
1 16 11.01 -17.56 -2.89 -0.084 -1.01108 -0.0288351 0.351742 0.0786446 -2.31786 -2.2714 0.0494535 -0.357873 2-4cyli.dat
1 16 -11.01 -17.56 -2.89 0.084 1.01108 0.0288351 0.351742 0.0786446 -2.31786 -2.2714 0.0494535 -0.357873 2-4cyli.dat
2 24 10.97 -13.18 -3.23 10.92 -15.58 -4.41
2 24 -10.97 -13.18 -3.23 -10.92 -15.58 -4.41
2 24 11.04 -13.49 -1.25 11.05 -16.13 -0.85
2 24 -11.04 -13.49 -1.25 -11.05 -16.13 -0.85
2 24 10.92 -17.21 -5.16 10.92 -15.58 -4.41
2 24 -10.92 -17.21 -5.16 -10.92 -15.58 -4.41
2 24 11.09 -17.91 -0.62 11.05 -16.13 -0.85
2 24 -11.09 -17.91 -0.62 -11.05 -16.13 -0.85
2 24 10.97 -13.18 -3.23 11.01 -12.3 -2.28
2 24 -10.97 -13.18 -3.23 -11.01 -12.3 -2.28
2 24 11.04 -13.49 -1.25 11.02 -12.36 -1.89
2 24 -11.04 -13.49 -1.25 -11.02 -12.36 -1.89
2 24 11.02 -12.36 -1.89 11.01 -12.3 -2.28
2 24 -11.02 -12.36 -1.89 -11.01 -12.3 -2.28
4 16 8.97 -12.34 -4.44 9.9 -17.16 -5.12 9.46 -12.26 -4.34 10.92 -17.21 -5.16
4 16 -8.97 -12.34 -4.44 -9.9 -17.16 -5.12 -9.46 -12.26 -4.34 -10.92 -17.21 -5.16
4 16 9.14 -13.07 0.3 10.06 -17.86 -0.58 9.627 -12.96 0.2 11.09 -17.91 -0.62
4 16 -9.14 -13.07 0.3 -10.06 -17.86 -0.58 -9.627 -12.96 0.2 -11.09 -17.91 -0.62
4 16 10.26 -12.18 -3.86 10.92 -15.58 -4.41 9.46 -12.26 -4.34 10.92 -17.21 -5.16
4 16 -10.26 -12.18 -3.86 -10.92 -15.58 -4.41 -9.46 -12.26 -4.34 -10.92 -17.21 -5.16
4 16 10.39 -12.73 -0.3 11.05 -16.13 -0.85 9.63 -12.96 0.2 11.09 -17.91 -0.62
4 16 -10.39 -12.73 -0.3 -11.05 -16.13 -0.85 -9.63 -12.96 0.198 -11.09 -17.91 -0.62
4 16 10.92 -15.58 -4.41 11.05 -16.13 -0.85 10.92 -17.21 -5.16 11.09 -17.91 -0.62
4 16 -10.92 -15.58 -4.41 -11.05 -16.13 -0.85 -10.92 -17.21 -5.16 -11.09 -17.91 -0.62
4 16 10.26 -12.18 -3.86 10.92 -15.58 -4.41 10.78 -12.21 -3.07 10.97 -13.18 -3.23
4 16 -10.26 -12.18 -3.86 -10.92 -15.58 -4.41 -10.78 -12.21 -3.07 -10.97 -13.18 -3.23
4 16 10.39 -12.73 -0.3 11.05 -16.13 -0.85 10.86 -12.52 -1.09 11.04 -13.49 -1.25
4 16 -10.39 -12.73 -0.3 -11.05 -16.13 -0.85 -10.86 -12.52 -1.09 -11.04 -13.49 -1.25
4 16 10.92 -15.58 -4.41 11.05 -16.13 -0.85 10.97 -13.18 -3.23 11.04 -13.49 -1.25
4 16 -10.92 -15.58 -4.41 -11.05 -16.13 -0.85 -10.97 -13.18 -3.23 -11.04 -13.49 -1.25
3 16 10.78 -12.21 -3.07 10.97 -13.18 -3.23 11.01 -12.3 -2.28
3 16 -10.78 -12.21 -3.07 -10.97 -13.18 -3.23 -11.01 -12.3 -2.28
3 16 10.86 -12.52 -1.09 11.04 -13.49 -1.25 11.02 -12.36 -1.89
3 16 -10.86 -12.52 -1.09 -11.04 -13.49 -1.25 -11.02 -12.36 -1.89
4 16 11.01 -12.3 -2.28 11.02 -12.36 -1.89 11.04 -13.49 -1.25 10.97 -13.18 -3.23
4 16 -11.01 -12.3 -2.28 -11.02 -12.36 -1.89 -11.04 -13.49 -1.25 -10.97 -13.18 -3.23
2 24 10.2 -17.2 -5.23 9.2 -13.3 -4.6
2 24 -10.2 -17.2 -5.23 -9.2 -13.3 -4.6
2 24 10.07 -17.91 -0.58 8.5 -9.4 0.8
2 24 -10.07 -17.91 -0.58 -8.5 -9.4 0.8
1 16 10.2 -17.56 -2.86 -0.084 0.981627 0.439303 0.351742 0.190693 -2.27426 -2.2714 -0.00665914 -0.368379 2-4edge.dat
1 16 -10.2 -17.56 -2.86 0.084 -0.981627 -0.439303 0.351742 0.190693 -2.27426 -2.2714 -0.00665914 -0.368379 2-4edge.dat
2 24 5.6 -10.3 -1.7 6.3 -12.1 -3.5
2 24 -5.6 -10.3 -1.7 -6.3 -12.1 -3.5
2 24 6.9 -12.8 -4.4 6.3 -12.1 -3.5
2 24 -6.9 -12.8 -4.4 -6.3 -12.1 -3.5
2 24 6.9 -12.8 -4.4 8 -13.4 -5
2 24 -6.9 -12.8 -4.4 -8 -13.4 -5
2 24 8 -13.4 -5 8.8 -13.4 -5
2 24 -8 -13.4 -5 -8.8 -13.4 -5
2 24 8.8 -13.4 -5 9.2 -13.3 -4.6
2 24 -8.8 -13.4 -5 -9.2 -13.3 -4.6
2 24 8.5 -9.4 0.8 7 -9.3 0.7
2 24 -8.5 -9.4 0.8 -7 -9.3 0.7
2 24 5.8 -8.8 0 7 -9.3 0.7
2 24 -5.8 -8.8 0 -7 -9.3 0.7
2 24 5.8 -8.8 0 5.1 -7.8 -1.3
2 24 -5.8 -8.8 0 -5.1 -7.8 -1.3
2 24 9 -4.3 -2.4 9 -2.8 -1.5
2 24 -9 -4.3 -2.4 -9 -2.8 -1.5
2 24 9 -1.9 -0.4 9 -2.8 -1.5
2 24 -9 -1.9 -0.4 -9 -2.8 -1.5
2 24 9 -1.9 -0.4 9 -3.1 0.3
2 24 -9 -1.9 -0.4 -9 -3.1 0.3
2 24 9 -3.1 0.3 9 -4.8 0.8
2 24 -9 -3.1 0.3 -9 -4.8 0.8
1 16 6 0 0 0 1 0 1 0 0 0 0 -1 2-4ring4.dat
1 16 6 0 0 0 1 0 -1 0 0 0 0 1 2-4ring4.dat
1 16 -6 0 0 0 1 0 1 0 0 0 0 -1 2-4ring4.dat
1 16 -6 0 0 0 1 0 -1 0 0 0 0 1 2-4ring4.dat
1 16 9 0 0 0 1 0 -3.53553 0 3.53553 -3.53553 0 -3.53553 3-4edge.dat
1 16 -9 0 0 0 1 0 -3.53553 0 3.53553 -3.53553 0 -3.53553 3-4edge.dat
1 16 6 0 0 0 1 0 -3.53553 0 3.53553 -3.53553 0 -3.53553 3-4edge.dat
1 16 -6 0 0 0 1 0 -3.53553 0 3.53553 -3.53553 0 -3.53553 3-4edge.dat
2 24 9 -3.5 -3.5 9 -4.3 -2.4
2 24 -9 -3.5 -3.5 -9 -4.3 -2.4
2 24 9 -3.5 3.5 9 -4.6 1.9
2 24 -9 -3.5 3.5 -9 -4.6 1.9
2 24 9 -4.8 0.8 9 -4.6 1.9
2 24 -9 -4.8 0.8 -9 -4.6 1.9
2 24 4.6 -3.7 -1.6 6 -2.8 -2.9
2 24 -4.6 -3.7 -1.6 -6 -2.8 -2.9
2 24 4.6 -3.7 -1.6 4.5 -4 0
2 24 -4.6 -3.7 -1.6 -4.5 -4 0
2 24 5.3 -3.7 1.6 4.5 -4 0
2 24 -5.3 -3.7 1.6 -4.5 -4 0
2 24 5.3 -3.7 1.6 6 -3.5 1.9
2 24 -5.3 -3.7 1.6 -6 -3.5 1.9
2 24 6 -3.5 1.9 6 -2.8 2.9
2 24 -6 -3.5 1.9 -6 -2.8 2.9
2 24 6 -2.8 -2.9 6 -3.8 -3.1
2 24 -6 -2.8 -2.9 -6 -3.8 -3.1
2 24 6 -3.8 -3.1 7.5 -3.8 -3.1
2 24 -6 -3.8 -3.1 -7.5 -3.8 -3.1
2 24 9 -4.3 -2.4 7.5 -3.8 -3.1
2 24 -9 -4.3 -2.4 -7.5 -3.8 -3.1
2 24 6 -3.5 1.9 6 -4.6 1.7
2 24 -6 -3.5 1.9 -6 -4.6 1.7
2 24 7.5 -4.6 1.7 6 -4.6 1.7
2 24 -7.5 -4.6 1.7 -6 -4.6 1.7
2 24 7.5 -4.6 1.7 9 -4.8 0.8
2 24 -7.5 -4.6 1.7 -9 -4.8 0.8
2 24 6 -3.5 -3.5 6 -3.8 -3.1
2 24 -6 -3.5 -3.5 -6 -3.8 -3.1
2 24 6 -3.5 3.5 6 -4.6 1.9
2 24 -6 -3.5 3.5 -6 -4.6 1.9
2 24 6 -4.6 1.7 6 -4.6 1.9
2 24 -6 -4.6 1.7 -6 -4.6 1.9
1 16 0 -17.5 7 0 0 -1 1 0 0 0 -1 0 stud2.dat
0 COMMENT end of file
0
