0 ~Minifig Mechanical Head SW Battle Droid without Top Surfaces
0 Name: s\30378s01.dat
0 Author: Nathan Wright
0 !LDRAW_ORG Subpart UPDATE 2002-05
0 !LICENSE Redistributable under CCAL version 2.0 : see CAreadme.txt

0 BFC NOCERTIFY

0 !HISTORY 2002-06-09 [fwcain] Separated DAT code into subfile (to enable pattern files)... 
0 !HISTORY 2002-11-30 [PTadmin] Official Update 2002-05
0 !HISTORY 2007-08-30 [PTadmin] Header formatted for Contributor Agreement
0 !HISTORY 2008-07-01 [PTadmin] Official Update 2008-01

 1 16 4 0 0 0 -8 0 0 0 -4 4 0 0 2-4cyli.dat
 1 16 4 0 0 0 -8 0 0 0 -6.6 6.6 0 0 2-4cyli.dat
0
 1 16 4 0 0 0 -1 0 0 0 -4 4 0 0 2-4edge.dat
 1 16 4 0 0 0 -1 0 0 0 -6.6 6.6 0 0 2-4edge.dat
 1 16 -4 0 0 0 -1 0 0 0 -4 4 0 0 2-4edge.dat
 1 16 -4 0 0 0 -1 0 0 0 -6.6 6.6 0 0 2-4edge.dat
0
 2 24 4 0 4 4 1.5 3.7
 2 24 4 0 -4 4 1.5 -3.7
 2 24 4 1.85 3.5 4 1.5 3.7
 2 24 4 1.85 -3.5 4 1.5 -3.7
 2 24 4 1.85 3.5 4 4.5 3.5
 2 24 4 1.85 -3.5 4 4.5 -3.5
 2 24 4 4.5 4.8 4 4.5 3.5
 2 24 4 4.5 -4.8 4 4.5 -3.5
 2 24 4 4.5 4.8 4 2.5 6.1
 2 24 4 4.5 -4.8 4 2.5 -6.1
 2 24 4 0 6.6 4 2.5 6.1
 2 24 4 0 -6.6 4 2.5 -6.1
 2 24 -4 0 4 -4 1.5 3.7
 2 24 -4 0 -4 -4 1.5 -3.7
 2 24 -4 1.85 3.5 -4 1.5 3.7
 2 24 -4 1.85 -3.5 -4 1.5 -3.7
 2 24 -4 1.85 3.5 -4 4.5 3.5
 2 24 -4 1.85 -3.5 -4 4.5 -3.5
 2 24 -4 4.5 4.8 -4 4.5 3.5
 2 24 -4 4.5 -4.8 -4 4.5 -3.5
 2 24 -4 4.5 4.8 -4 2.5 6.1
 2 24 -4 4.5 -4.8 -4 2.5 -6.1
 2 24 -4 0 6.6 -4 2.5 6.1
 2 24 -4 0 -6.6 -4 2.5 -6.1
 2 24 4 4.5 4.8 -4 4.5 4.8
 2 24 4 4.5 -4.8 -4 4.5 -4.8
 2 24 4 4.5 3.5 -4 4.5 3.5
 2 24 4 4.5 -3.5 -4 4.5 -3.5
 2 24 4 1.85 3.5 -4 1.85 3.5
 2 24 4 1.85 -3.5 -4 1.85 -3.5
0
 4 16 4 0 6.6 -4 0 6.6 4 2.5 6.1 -4 2.5 6.1
 4 16 4 0 -6.6 -4 0 -6.6 4 2.5 -6.1 -4 2.5 -6.1
 4 16 4 4.5 4.8 -4 4.5 4.8 4 2.5 6.1 -4 2.5 6.1
 4 16 4 4.5 -4.8 -4 4.5 -4.8 4 2.5 -6.1 -4 2.5 -6.1
 4 16 4 4.5 4.8 -4 4.5 4.8 4 4.5 3.5 -4 4.5 3.5
 4 16 4 4.5 -4.8 -4 4.5 -4.8 4 4.5 -3.5 -4 4.5 -3.5
 4 16 4 1.85 3.5 -4 1.85 3.5 4 4.5 3.5 -4 4.5 3.5
 4 16 4 1.85 -3.5 -4 1.85 -3.5 4 4.5 -3.5 -4 4.5 -3.5
 4 16 4 1.85 3.5 -4 1.85 3.5 4 1.5 3.7 -4 1.5 3.7
 4 16 4 1.85 -3.5 -4 1.85 -3.5 4 1.5 -3.7 -4 1.5 -3.7
 4 16 4 0 4 -4 0 4 4 1.5 3.7 -4 1.5 3.7
 4 16 4 0 -4 -4 0 -4 4 1.5 -3.7 -4 1.5 -3.7
 3 16 4 4.5 3.5 4 4.5 4.8 4 1.85 3.5
 4 16 4 4.5 4.8 4 1.85 3.5 4 2.5 6.1 4 1.5 3.7
 4 16 4 0 6.6 4 0 4 4 2.5 6.1 4 1.5 3.7
 4 16 4 0 6.6 4 0 4 4 -2.5 6.1 4 -1.5 3.7
 4 16 4 -2.85 2.83 4 -4.7 4.65 4 -2.5 6.1 4 -1.5 3.7
 4 16 4 -2.85 2.83 4 -4.7 4.65 4 -3.7 1.55 4 -6.1 2.5
 4 16 4 -4 0 4 -6.6 0 4 -3.7 1.55 4 -6.1 2.5
 3 16 4 4.5 -3.5 4 4.5 -4.8 4 1.85 -3.5
 4 16 4 4.5 -4.8 4 1.85 -3.5 4 2.5 -6.1 4 1.5 -3.7
 4 16 4 0 -6.6 4 0 -4 4 2.5 -6.1 4 1.5 -3.7
 4 16 4 0 -6.6 4 0 -4 4 -2.5 -6.1 4 -1.5 -3.7
 4 16 4 -2.85 -2.83 4 -4.7 -4.65 4 -2.5 -6.1 4 -1.5 -3.7
 4 16 4 -2.85 -2.83 4 -4.7 -4.65 4 -3.7 -1.55 4 -6.1 -2.5
 4 16 4 -4 0 4 -6.6 0 4 -3.7 -1.55 4 -6.1 -2.5
 3 16 -4 4.5 3.5 -4 4.5 4.8 -4 1.85 3.5
 4 16 -4 4.5 4.8 -4 1.85 3.5 -4 2.5 6.1 -4 1.5 3.7
 4 16 -4 0 6.6 -4 0 4 -4 2.5 6.1 -4 1.5 3.7
 4 16 -4 0 6.6 -4 0 4 -4 -2.5 6.1 -4 -1.5 3.7
 4 16 -4 -2.85 2.83 -4 -4.7 4.65 -4 -2.5 6.1 -4 -1.5 3.7
 4 16 -4 -2.85 2.83 -4 -4.7 4.65 -4 -3.7 1.55 -4 -6.1 2.5
 4 16 -4 -4 0 -4 -6.6 0 -4 -3.7 1.55 -4 -6.1 2.5
 3 16 -4 4.5 -3.5 -4 4.5 -4.8 -4 1.85 -3.5
 4 16 -4 4.5 -4.8 -4 1.85 -3.5 -4 2.5 -6.1 -4 1.5 -3.7
 4 16 -4 0 -6.6 -4 0 -4 -4 2.5 -6.1 -4 1.5 -3.7
 4 16 -4 0 -6.6 -4 0 -4 -4 -2.5 -6.1 -4 -1.5 -3.7
 4 16 -4 -2.85 -2.83 -4 -4.7 -4.65 -4 -2.5 -6.1 -4 -1.5 -3.7
 4 16 -4 -2.85 -2.83 -4 -4.7 -4.65 -4 -3.7 -1.55 -4 -6.1 -2.5
 4 16 -4 -4 0 -4 -6.6 0 -4 -3.7 -1.55 -4 -6.1 -2.5
0
 2 24 3.2 -5.8 3 3.2 -22.67 3
 2 24 -3.2 -5.8 3 -3.2 -22.67 3
 2 24 -3.2 -5.8 -3 -3.2 -22.34 -3
 2 24 3.2 -5.8 -3 3.2 -22.34 -3
 2 24 3.2 -5.8 3 -3.2 -5.8 3
 2 24 3.2 -5.8 -3 -3.2 -5.8 -3
 2 24 3.2 -5.8 -3 3.2 -6.1 -2.5
 2 24 3.2 -5.8 3 3.2 -6.1 2.5
 2 24 3.2 -6.6 0 3.2 -6.1 -2.5
 2 24 3.2 -6.6 0 3.2 -6.1 2.5
 2 24 -3.2 -5.8 -3 -3.2 -6.1 -2.5
 2 24 -3.2 -5.8 3 -3.2 -6.1 2.5
 2 24 -3.2 -6.6 0 -3.2 -6.1 -2.5
 2 24 -3.2 -6.6 0 -3.2 -6.1 2.5
 2 24 3.2 -7 1 3.2 -7.5 1.5
 2 24 3.2 -7 -1 3.2 -7.5 -1.5
 2 24 3.2 -7 -1 3.2 -7 1
 2 24 3.2 -23.8 -1 3.2 -23.8 1
 2 24 3.2 -23.8 -1 3.2 -23.3 -1.5
 2 24 3.2 -23.8 1 3.2 -23.3 1.5
 2 24 3.2 -7.5 1.5 3.2 -23.3 1.5
 2 24 3.2 -7.5 -1.5 3.2 -23.3 -1.5
 2 24 2 -7 1 2 -7.5 1.5
 2 24 2 -7 -1 2 -7.5 -1.5
 2 24 2 -7 -1 2 -7 1
 2 24 2 -23.8 -1 2 -23.8 1
 2 24 2 -23.8 -1 2 -23.3 -1.5
 2 24 2 -23.8 1 2 -23.3 1.5
 2 24 2 -7.5 1.5 2 -23.3 1.5
 2 24 2 -7.5 -1.5 2 -23.3 -1.5
 2 24 -2 -7 1 -2 -7.5 1.5
 2 24 -2 -7 -1 -2 -7.5 -1.5
 2 24 -2 -7 -1 -2 -7 1
 2 24 -2 -23.8 -1 -2 -23.8 1
 2 24 -2 -23.8 -1 -2 -23.3 -1.5
 2 24 -2 -23.8 1 -2 -23.3 1.5
 2 24 -2 -7.5 1.5 -2 -23.3 1.5
 2 24 -2 -7.5 -1.5 -2 -23.3 -1.5
 2 24 -3.2 -7 1 -3.2 -7.5 1.5
 2 24 -3.2 -7 -1 -3.2 -7.5 -1.5
 2 24 -3.2 -7 -1 -3.2 -7 1
 2 24 -3.2 -23.8 -1 -3.2 -23.8 1
 2 24 -3.2 -23.8 -1 -3.2 -23.3 -1.5
 2 24 -3.2 -23.8 1 -3.2 -23.3 1.5
 2 24 -3.2 -7.5 1.5 -3.2 -23.3 1.5
 2 24 -3.2 -7.5 -1.5 -3.2 -23.3 -1.5
0
 4 16 3.2 -5.8 3 -3.2 -5.8 3 3.2 -22.67 3 -3.2 -22.67 3
 4 16 3.2 -5.8 -3 -3.2 -5.8 -3 3.2 -22.34 -3 -3.2 -22.34 -3
 4 16 3.2 -5.8 3 3.2 -5.8 -3 3.2 -7 1 3.2 -7 -1
 4 16 3.2 -5.8 3 3.2 -7 1 3.2 -7.5 1.5 3.2 -7.5 3
 4 16 3.2 -5.8 -3 3.2 -7 -1 3.2 -7.5 -1.5 3.2 -7.5 -3
 4 16 3.2 -22.67 3 3.2 -23.3 1.5 3.2 -7.5 1.5 3.2 -7.5 3
 4 16 3.2 -22.34 -3 3.2 -23.3 -1.5 3.2 -7.5 -1.5 3.2 -7.5 -3
 4 16 -3.2 -5.8 3 -3.2 -5.8 -3 -3.2 -7 1 -3.2 -7 -1
 4 16 -3.2 -5.8 3 -3.2 -7 1 -3.2 -7.5 1.5 -3.2 -7.5 3
 4 16 -3.2 -5.8 -3 -3.2 -7 -1 -3.2 -7.5 -1.5 -3.2 -7.5 -3
 4 16 -3.2 -22.67 3 -3.2 -23.3 1.5 -3.2 -7.5 1.5 -3.2 -7.5 3
 4 16 -3.2 -22.34 -3 -3.2 -23.3 -1.5 -3.2 -7.5 -1.5 -3.2 -7.5 -3
 4 16 3.2 -7 1 3.2 -7 -1 2 -7 1 2 -7 -1
 4 16 3.2 -7 -1 3.2 -7.5 -1.5 2 -7 -1 2 -7.5 -1.5
 4 16 3.2 -7 1 3.2 -7.5 1.5 2 -7 1 2 -7.5 1.5
 4 16 3.2 -23.3 1.5 3.2 -7.5 1.5 2 -23.3 1.5 2 -7.5 1.5
 4 16 3.2 -23.3 -1.5 3.2 -7.5 -1.5 2 -23.3 -1.5 2 -7.5 -1.5
 4 16 3.2 -23.3 -1.5 3.2 -23.8 -1 2 -23.3 -1.5 2 -23.8 -1
 4 16 3.2 -23.3 1.5 3.2 -23.8 1 2 -23.3 1.5 2 -23.8 1
 4 16 3.2 -23.8 -1 3.2 -23.8 1 2 -23.8 -1 2 -23.8 1
 4 16 -2 -7 1 -2 -7 -1 -3.2 -7 1 -3.2 -7 -1
 4 16 -2 -7 -1 -2 -7.5 -1.5 -3.2 -7 -1 -3.2 -7.5 -1.5
 4 16 -2 -7 1 -2 -7.5 1.5 -3.2 -7 1 -3.2 -7.5 1.5
 4 16 -2 -23.3 1.5 -2 -7.5 1.5 -3.2 -23.3 1.5 -3.2 -7.5 1.5
 4 16 -2 -23.3 -1.5 -2 -7.5 -1.5 -3.2 -23.3 -1.5 -3.2 -7.5 -1.5
 4 16 -2 -23.3 -1.5 -2 -23.8 -1 -3.2 -23.3 -1.5 -3.2 -23.8 -1
 4 16 -2 -23.3 1.5 -2 -23.8 1 -3.2 -23.3 1.5 -3.2 -23.8 1
 4 16 -2 -23.8 -1 -2 -23.8 1 -3.2 -23.8 -1 -3.2 -23.8 1
 4 16 2 -7 1 2 -7 -1 2 -7.5 -1.5 2 -7.5 1.5
 4 16 2 -23.3 1.5 2 -23.3 -1.5 2 -7.5 -1.5 2 -7.5 1.5
 4 16 2 -23.3 1.5 2 -23.3 -1.5 2 -23.8 -1 2 -23.8 1
 4 16 -2 -7 1 -2 -7 -1 -2 -7.5 -1.5 -2 -7.5 1.5
 4 16 -2 -23.3 1.5 -2 -23.3 -1.5 -2 -7.5 -1.5 -2 -7.5 1.5
 4 16 -2 -23.3 1.5 -2 -23.3 -1.5 -2 -23.8 -1 -2 -23.8 1
0
 2 24 5.01 -22.05 -12.02 5.17 -22.35 -11.66
 2 24 -5.01 -22.05 -12.02 -5.17 -22.35 -11.66
 2 24 5.01 -22.05 -12.02 4.55 -21.98 -12.52
 2 24 -5.01 -22.05 -12.02 -4.55 -21.98 -12.52
 2 24 3.7 -22.25 -13.17 4.55 -21.98 -12.52
 2 24 -3.7 -22.25 -13.17 -4.55 -21.98 -12.52
 2 24 5.17 -22.35 -11.66 5.11 -22.72 -11.49
 2 24 -5.17 -22.35 -11.66 -5.11 -22.72 -11.49
 2 24 4.7 -23.18 -11.6 5.11 -22.72 -11.49
 2 24 -4.7 -23.18 -11.6 -5.11 -22.72 -11.49
 2 24 4.7 -23.18 -11.6 3.87 -23.76 -12.05
 2 24 -4.7 -23.18 -11.6 -3.87 -23.76 -12.05
 2 24 3.15 -23.28 -12.9 3.22 -22.89 -13.13
 2 24 -3.15 -23.28 -12.9 -3.22 -22.89 -13.13
 2 24 3.22 -22.89 -13.13 3.39 -22.55 -13.28
 2 24 -3.22 -22.89 -13.13 -3.39 -22.55 -13.28
 2 24 3.39 -22.55 -13.28 3.7 -22.25 -13.17
 2 24 -3.39 -22.55 -13.28 -3.7 -22.25 -13.17
 2 24 3.27 -23.58 -12.64 3.15 -23.28 -12.9
 2 24 -3.27 -23.58 -12.64 -3.15 -23.28 -12.9
 2 24 3.53 -23.78 -12.37 3.27 -23.58 -12.64
 2 24 -3.53 -23.78 -12.37 -3.27 -23.58 -12.64
 2 24 3.53 -23.78 -12.37 3.87 -23.76 -12.05
 2 24 -3.53 -23.78 -12.37 -3.87 -23.76 -12.05
0
 3 16 -4.7 -23.18 -11.6 -3.53 -23.18 -11.6 -3.87 -23.76 -12.049
 3 16 4.7 -23.18 -11.6 3.53 -23.18 -11.6 3.87 -23.76 -12.049
 4 16 -4.7 -23.18 -11.6 -3.53 -23.18 -11.6 -5.11 -22.72 -11.49 -3.27 -22.72 -11.49
 4 16 4.7 -23.18 -11.6 3.53 -23.18 -11.6 5.11 -22.72 -11.49 3.27 -22.72 -11.49
 4 16 -5.17 -22.35 -11.66 -3.15 -22.35 -11.66 -5.11 -22.72 -11.49 -3.27 -22.72 -11.49
 4 16 5.17 -22.35 -11.66 3.15 -22.35 -11.66 5.11 -22.72 -11.49 3.27 -22.72 -11.49
 4 16 -5.17 -22.35 -11.66 -3.15 -22.35 -11.66 -5.01 -22.05 -12.02 -3.22 -22.05 -12.02
 4 16 5.17 -22.35 -11.66 3.15 -22.35 -11.66 5.01 -22.05 -12.02 3.22 -22.05 -12.02
 4 16 -4.55 -21.98 -12.52 -3.39 -21.98 -12.52 -5.01 -22.05 -12.02 -3.22 -22.05 -12.02
 4 16 4.55 -21.98 -12.52 3.39 -21.98 -12.52 5.01 -22.05 -12.02 3.22 -22.05 -12.02
 3 16 -4.55 -21.98 -12.52 -3.39 -21.98 -12.52 -3.7 -22.25 -13.17
 3 16 4.55 -21.98 -12.52 3.39 -21.98 -12.52 3.7 -22.25 -13.17
0
 3 16 -3.39 -22.55 -13.28 -3.39 -21.98 -12.52 -3.7 -22.25 -13.17
 3 16 3.39 -22.55 -13.28 3.39 -21.98 -12.52 3.7 -22.25 -13.17
 4 16 -3.39 -22.55 -13.28 -3.39 -21.98 -12.52 -3.22 -22.89 -13.13 -3.22 -22.05 -12.02
 4 16 3.39 -22.55 -13.28 3.39 -21.98 -12.52 3.22 -22.89 -13.13 3.22 -22.05 -12.02
 4 16 -3.15 -23.28 -12.9 -3.15 -22.35 -11.66 -3.22 -22.89 -13.13 -3.22 -22.05 -12.02
 4 16 3.15 -23.28 -12.9 3.15 -22.35 -11.66 3.22 -22.89 -13.13 3.22 -22.05 -12.02
 4 16 -3.15 -23.28 -12.9 -3.15 -22.35 -11.66 -3.27 -23.58 -12.64 -3.27 -22.72 -11.49
 4 16 3.15 -23.28 -12.9 3.15 -22.35 -11.66 3.27 -23.58 -12.64 3.27 -22.72 -11.49
 4 16 -3.53 -23.78 -12.37 -3.53 -23.18 -11.6 -3.27 -23.58 -12.64 -3.27 -22.72 -11.49
 4 16 3.53 -23.78 -12.37 3.53 -23.18 -11.6 3.27 -23.58 -12.64 3.27 -22.72 -11.49
 3 16 -3.53 -23.78 -12.37 -3.53 -23.18 -11.6 -3.87 -23.76 -12.05
 3 16 3.53 -23.78 -12.37 3.53 -23.18 -11.6 3.87 -23.76 -12.05
0
 4 16 -5.27 -23.05 -11.11 -3.55 -23.93 -12.28 -5.3 -23.25 -10.96 -3.6 -24.4 -11.94
 4 16 5.27 -23.05 -11.11 3.55 -23.93 -12.28 5.3 -23.25 -10.96 3.6 -24.4 -11.94
 4 16 -3.53 -23.78 -12.37 -1.96 -24.13 -12.84 -2 -24.88 -12.3 -3.6 -24.4 -11.94
 4 16 3.53 -23.78 -12.37 1.96 -24.13 -12.84 2 -24.88 -12.3 3.6 -24.4 -11.94
 4 16 -5.06 -21.58 -12.28 -3.38 -22.41 -13.39 -3.2 -20.78 -14.57 -4.8 -19.86 -13.65
 4 16 5.06 -21.58 -12.28 3.38 -22.41 -13.39 3.2 -20.78 -14.57 4.8 -19.86 -13.65
 4 16 -1.9 -22.9 -13.75 -3.39 -22.55 -13.28 -3.2 -20.78 -14.57 -1.8 -21.2 -14.99
 4 16 1.9 -22.9 -13.75 3.39 -22.55 -13.28 3.2 -20.78 -14.57 1.8 -21.2 -14.99
 3 16 -5.17 -22.35 -11.66 -5.22 -22.66 -11.41 -5.11 -22.72 -11.49
 3 16 5.17 -22.35 -11.66 5.22 -22.66 -11.41 5.11 -22.72 -11.49
 3 16 -5.17 -22.35 -11.66 -5.12 -22 -11.94 -5.01 -22.05 -12.02
 3 16 5.17 -22.35 -11.66 5.12 -22 -11.94 5.01 -22.05 -12.02
 4 16 -5.11 -22.72 -11.49 -5.22 -22.66 -11.41 -5.25 -22.91 -11.22 -4.7 -23.18 -11.6
 4 16 5.11 -22.72 -11.49 5.22 -22.66 -11.41 5.25 -22.91 -11.22 4.7 -23.18 -11.6
 4 16 -5.27 -23.05 -11.11 -3.87 -23.76 -12.05 -5.25 -22.91 -11.22 -4.7 -23.18 -11.6
 4 16 5.27 -23.05 -11.11 3.87 -23.76 -12.05 5.25 -22.91 -11.22 4.7 -23.18 -11.6
 4 16 -5.01 -22.05 -12.02 -5.12 -22 -11.94 -4.55 -21.98 -12.52 -5.08 -21.718 -12.17
 4 16 5.01 -22.05 -12.02 5.12 -22 -11.94 4.55 -21.98 -12.52 5.08 -21.72 -12.17
 4 16 -3.7 -22.25 -13.17 -5.06 -21.58 -12.28 -4.55 -21.98 -12.52 -5.08 -21.72 -12.17
 4 16 3.7 -22.25 -13.17 5.06 -21.58 -12.28 4.55 -21.98 -12.52 5.08 -21.72 -12.17
 3 16 -3.7 -22.25 -13.17 -3.39 -22.55 -13.28 -3.38 -22.41 -13.39
 3 16 3.7 -22.25 -13.17 3.39 -22.55 -13.28 3.38 -22.41 -13.39
 3 16 -3.53 -23.78 -12.37 -3.87 -23.76 -12.05 -3.55 -23.93 -12.28
 3 16 3.53 -23.78 -12.37 3.87 -23.76 -12.05 3.55 -23.93 -12.28
 4 16 -3.39 -22.55 -13.28 -1.9 -22.9 -13.75 -1.91 -23.19 -13.53 -3.22 -22.89 -13.13
 4 16 3.39 -22.55 -13.28 1.9 -22.9 -13.75 1.91 -23.19 -13.53 3.22 -22.89 -13.13
 4 16 -3.15 -23.28 -12.9 -1.92 -23.56 -13.26 -1.91 -23.19 -13.53 -3.22 -22.89 -13.13
 4 16 3.15 -23.28 -12.9 1.92 -23.56 -13.26 1.91 -23.19 -13.53 3.22 -22.89 -13.13
 4 16 -3.15 -23.28 -12.9 -1.92 -23.56 -13.26 -3.27 -23.58 -12.64 -1.94 -23.87 -13.02
 4 16 3.15 -23.28 -12.9 1.92 -23.56 -13.26 3.27 -23.58 -12.64 1.94 -23.87 -13.02
 4 16 -1.96 -24.13 -12.84 -3.53 -23.78 -12.37 -3.27 -23.58 -12.64 -1.94 -23.87 -13.02
 4 16 1.96 -24.13 -12.84 3.53 -23.78 -12.37 3.27 -23.58 -12.64 1.94 -23.87 -13.02
0
 2 24 3.2 -19.01 -7.99 7 -19.01 -7.99
 2 24 -3.2 -19.01 -7.99 -7 -19.01 -7.99
 2 24 6.8 -16.61 -10.39 7 -19.01 -7.99
 2 24 -6.8 -16.61 -10.39 -7 -19.01 -7.99
 2 24 6.8 -16.61 -10.39 6.3 -13.35 -13.65
 2 24 -6.8 -16.61 -10.39 -6.3 -13.35 -13.65
 2 24 5.3 -10.03 -16.97 6.3 -13.35 -13.65
 2 24 -5.3 -10.03 -16.97 -6.3 -13.35 -13.65
 2 24 5.3 -10.03 -16.97 4 -6.99 -20.01
 2 24 -5.3 -10.03 -16.97 -4 -6.99 -20.01
 2 24 7 -19.01 -7.99 6.7 -20.85 -8.98
 2 24 -7 -19.01 -7.99 -6.7 -20.85 -8.98
 2 24 0.5 -7.91 -21.78 -0.5 -7.91 -21.78
 2 24 0.5 -7.91 -21.78 1 -7.88 -21.74
 2 24 -0.5 -7.91 -21.78 -1 -7.88 -21.74
 2 24 1.8 -7.81 -21.6 1 -7.88 -21.74
 2 24 -1.8 -7.81 -21.6 -1 -7.88 -21.74
 2 24 1.8 -7.81 -21.6 2.7 -7.57 -21.13
 2 24 -1.8 -7.81 -21.6 -2.7 -7.57 -21.13
 2 24 4 -6.99 -20.01 2.7 -7.57 -21.13
 2 24 -4 -6.99 -20.01 -2.7 -7.57 -21.13
0
 4 16 0.5 -7.91 -21.78 -0.5 -7.91 -21.78 1.1 -12.86 -19.8 -1.1 -12.86 -19.8
 4 16 1.5 -17.17 -17.47 -1.5 -17.17 -17.47 1.1 -12.86 -19.8 -1.1 -12.86 -19.8
 4 16 1.5 -17.17 -17.47 -1.5 -17.17 -17.47 1.8 -21.2 -14.99 -1.8 -21.2 -14.99
 4 16 2 -24.88 -12.3 -2 -24.88 -12.3 1.8 -21.2 -14.99 -1.8 -21.2 -14.99
0
 4 16 0.5 -7.91 -21.78 1.1 -12.86 -19.8 1 -7.88 -21.74 2.1 -12.72 -19.66
 4 16 -0.5 -7.91 -21.78 -1.1 -12.86 -19.8 -1 -7.88 -21.74 -2.1 -12.72 -19.66
 4 16 1.8 -7.81 -21.6 3.2 -12.22 -19.16 1 -7.88 -21.74 2.1 -12.72 -19.66
 4 16 -1.8 -7.81 -21.6 -3.2 -12.22 -19.16 -1 -7.88 -21.74 -2.1 -12.72 -19.66
 4 16 1.8 -7.81 -21.6 3.2 -12.22 -19.16 2.7 -7.57 -21.13 4.3 -11.37 -18.31
 4 16 -1.8 -7.81 -21.6 -3.2 -12.22 -19.16 -2.7 -7.57 -21.13 -4.3 -11.37 -18.31
 4 16 4 -6.99 -20.01 5.3 -10.03 -16.97 2.7 -7.57 -21.13 4.3 -11.37 -18.31
 4 16 -4 -6.99 -20.01 -5.3 -10.03 -16.97 -2.7 -7.57 -21.13 -4.3 -11.37 -18.31
 4 16 1.1 -12.86 -19.8 1.5 -17.17 -17.47 2.1 -12.72 -19.66 2.7 -16.89 -17.18
 4 16 -1.1 -12.86 -19.8 -1.5 -17.17 -17.47 -2.1 -12.72 -19.66 -2.7 -16.89 -17.18
 4 16 3.2 -12.22 -19.16 4.2 -16.18 -16.48 2.1 -12.72 -19.66 2.7 -16.89 -17.18
 4 16 -3.2 -12.22 -19.16 -4.2 -16.18 -16.48 -2.1 -12.72 -19.66 -2.7 -16.89 -17.18
 4 16 3.2 -12.22 -19.16 4.2 -16.18 -16.48 4.3 -11.37 -18.31 5.4 -15.05 -15.34
 4 16 -3.2 -12.22 -19.16 -4.2 -16.18 -16.48 -4.3 -11.37 -18.31 -5.4 -15.05 -15.34
 4 16 5.3 -10.03 -16.97 6.3 -13.35 -13.65 4.3 -11.37 -18.31 5.4 -15.05 -15.34
 4 16 -5.3 -10.03 -16.97 -6.3 -13.35 -13.65 -4.3 -11.37 -18.31 -5.4 -15.05 -15.34
 4 16 1.5 -17.17 -17.47 1.8 -21.2 -14.99 2.7 -16.89 -17.18 3.2 -20.78 -14.57
 4 16 -1.5 -17.17 -17.47 -1.8 -21.2 -14.99 -2.7 -16.89 -17.18 -3.2 -20.78 -14.57
 4 16 4.2 -16.18 -16.48 4.8 -19.86 -13.65 2.7 -16.89 -17.18 3.2 -20.78 -14.57
 4 16 -4.2 -16.18 -16.48 -4.8 -19.86 -13.65 -2.7 -16.89 -17.18 -3.2 -20.78 -14.57
 4 16 4.2 -16.18 -16.48 4.8 -19.86 -13.65 5.4 -15.05 -15.34 6.1 -18.51 -12.3
 4 16 -4.2 -16.18 -16.48 -4.8 -19.86 -13.65 -5.4 -15.05 -15.34 -6.1 -18.51 -12.3
 4 16 6.3 -13.35 -13.65 6.8 -16.61 -10.39 5.4 -15.05 -15.34 6.1 -18.51 -12.3
 4 16 -6.3 -13.35 -13.65 -6.8 -16.61 -10.39 -5.4 -15.05 -15.34 -6.1 -18.51 -12.3
 4 16 4.8 -19.86 -13.65 5.3 -23.25 -10.96 6.1 -18.51 -12.3 6.6 -21.56 -9.55
 4 16 -4.8 -19.86 -13.65 -5.3 -23.25 -10.96 -6.1 -18.51 -12.3 -6.6 -21.56 -9.55
 4 16 6.8 -16.61 -10.39 7 -19.01 -7.99 6.1 -18.51 -12.3 6.7 -20.85 -8.98
 4 16 -6.8 -16.61 -10.39 -7 -19.01 -7.99 -6.1 -18.51 -12.3 -6.7 -20.85 -8.98
 3 16 6.1 -18.51 -12.3 6.6 -21.56 -9.55 6.7 -20.85 -8.98
 3 16 -6.1 -18.51 -12.3 -6.6 -21.56 -9.55 -6.7 -20.85 -8.98
0
 2 24 2.7 -5.89 -19.55 -2.7 -5.89 -19.55
 2 24 0 -6.78 -21.21 0.9 -6.73 -21.12
 2 24 0 -6.78 -21.21 -0.9 -6.73 -21.12
 2 24 1.5 -6.64 -20.93 0.9 -6.73 -21.12
 2 24 -1.5 -6.64 -20.93 -0.9 -6.73 -21.12
 2 24 1.5 -6.64 -20.93 2.2 -6.34 -20.38
 2 24 -1.5 -6.64 -20.93 -2.2 -6.34 -20.38
 2 24 2.7 -5.89 -19.55 2.2 -6.34 -20.38
 2 24 -2.7 -5.89 -19.55 -2.2 -6.34 -20.38
 2 24 2.7 -10.74 -16.26 -2.7 -10.74 -16.26
 2 24 2.7 -10.74 -16.26 2.7 -5.89 -19.55
 2 24 -2.7 -10.74 -16.26 -2.7 -5.89 -19.55
 2 24 4 -6.99 -20.01 2.2 -6.99 -20.01
 2 24 -4 -6.99 -20.01 -2.2 -6.99 -20.01
 2 24 -2.7 -10.74 -16.26 -2.2 -6.99 -20.01
 2 24 2.7 -10.74 -16.26 2.2 -6.99 -20.01
 2 24 1.5 -7.25 -20.53 2.2 -6.99 -20.01
 2 24 -1.5 -7.25 -20.53 -2.2 -6.99 -20.01
 2 24 1.5 -7.25 -20.53 0.9 -7.35 -20.71
 2 24 -1.5 -7.25 -20.53 -0.9 -7.35 -20.71
 2 24 0 -7.4 -20.8 0.9 -7.35 -20.71
 2 24 0 -7.4 -20.8 -0.9 -7.35 -20.71
0
 4 16 0 -6.99 -20.01 4 -6.99 -20.01 2.7 -7.57 -21.13 1.8 -7.81 -21.6
 4 16 0 -6.99 -20.01 -4 -6.99 -20.01 -2.7 -7.57 -21.13 -1.8 -7.81 -21.6
 4 16 0 -6.99 -20.01 1 -7.88 -21.74 2.7 -7.57 -21.13 1.8 -7.81 -21.6
 4 16 0 -6.99 -20.01 -1 -7.88 -21.74 -2.7 -7.57 -21.13 -1.8 -7.81 -21.6
 4 16 0 -6.99 -20.01 1 -7.88 -21.74 0.5 -7.91 -21.78 0 -7.91 -21.78
 4 16 0 -6.99 -20.01 -1 -7.88 -21.74 -0.5 -7.91 -21.78 0 -7.91 -21.78
 4 16 7 -19.01 -7.99 -7 -19.01 -7.99 6.8 -16.61 -10.39 -6.8 -16.61 -10.39
 4 16 6.3 -13.35 -13.65 -6.3 -13.35 -13.65 6.8 -16.61 -10.39 -6.8 -16.61 -10.39
 4 16 6.3 -13.35 -13.65 -6.3 -13.35 -13.65 2.7 -10.74 -16.26 -2.7 -10.74 -16.26
 4 16 4 -6.99 -20.01 2.2 -6.99 -20.01 5.3 -10.03 -16.97 2.7 -10.74 -16.26
 4 16 -4 -6.99 -20.01 -2.2 -6.99 -20.01 -5.3 -10.03 -16.97 -2.7 -10.74 -16.26
 3 16 2.7 -10.74 -16.26 5.3 -10.03 -16.97 6.3 -13.35 -13.65
 3 16 -2.7 -10.74 -16.26 -5.3 -10.03 -16.97 -6.3 -13.35 -13.65
 4 16 2.7 -5.89 -19.55 2.2 -6.34 -20.38 2.2 -6.99 -20.01 2.7 -10.74 -16.26
 4 16 -2.7 -5.89 -19.55 -2.2 -6.34 -20.38 -2.2 -6.99 -20.01 -2.7 -10.74 -16.26
 4 16 2.7 -10.74 -16.26 -2.7 -5.89 -19.55 2.7 -5.89 -19.55 -2.7 -10.74 -16.26
 4 16 2.2 -6.34 -20.38 2.2 -6.99 -20.01 1.5 -6.64 -20.93 1.5 -7.25 -20.53
 4 16 -2.2 -6.34 -20.38 -2.2 -6.99 -20.01 -1.5 -6.64 -20.93 -1.5 -7.25 -20.53
 4 16 0.9 -6.73 -21.12 0.9 -7.35 -20.71 1.5 -6.64 -20.93 1.5 -7.25 -20.53
 4 16 -0.9 -6.73 -21.12 -0.9 -7.35 -20.71 -1.5 -6.64 -20.93 -1.5 -7.25 -20.53
 4 16 0.9 -6.73 -21.12 0.9 -7.35 -20.71 0 -6.78 -21.21 0 -7.4 -20.8
 4 16 -0.9 -6.73 -21.12 -0.9 -7.35 -20.71 0 -6.78 -21.21 0 -7.4 -20.8
 4 16 2.7 -5.89 -19.55 2.2 -6.34 -20.38 1.5 -6.64 -20.93 0 -5.89 -19.55
 4 16 -2.7 -5.89 -19.55 -2.2 -6.34 -20.38 -1.5 -6.64 -20.93 0 -5.89 -19.55
 4 16 1.5 -6.64 -20.93 0.9 -6.73 -21.12 0 -6.78 -21.21 0 -5.89 -19.55
 4 16 -1.5 -6.64 -20.93 -0.9 -6.73 -21.12 0 -6.78 -21.21 0 -5.89 -19.55
0
 1 16 3.2 -19.9 9.12 0 0 2 0.749 0.927 0 -1.854 0.374607 0 2-4edge.dat
 1 16 3.2 -25.74 6.76 0 0 2 0.749 0.927 0 -1.854 0.374607 0 2-4edge.dat
 1 16 3.2 -26.67 6.39 0 0 2 0.749 0.927 0 -1.854 0.374607 0 2-4edge.dat
 1 16 3.2 -27.41 6.09 0 0 2 0.749 0.927 0 -1.854 0.374607 0 2-4edge.dat
 1 16 3.2 -28.15 5.79 0 0 2 0.749 0.927 0 -1.854 0.374607 0 2-4edge.dat
 1 16 3.2 -28.9 5.49 0 0 2 0.749 0.927 0 -1.854 0.374607 0 2-4edge.dat
 1 16 3.2 -29.66 5.19 0 0 1.3 0.590188 0.891007 0 -1.15831 0.45399 0 2-4edge.dat
 1 16 3.2 -28.9 5.49 0 0 1.3 0.486989 0.927 0 -1.20534 0.374607 0 2-4edge.dat
 1 16 3.2 -28.15 5.79 0 0 1.3 0.486989 0.927 0 -1.20534 0.374607 0 2-4edge.dat
 1 16 3.2 -27.41 6.09 0 0 1.3 0.486989 0.927 0 -1.20534 0.374607 0 2-4edge.dat
 1 16 3.2 -26.67 6.39 0 0 1.3 0.486989 0.927 0 -1.20534 0.374607 0 2-4edge.dat
 1 16 3.2 -25.74 6.76 0 0 1.3 0.486989 0.927 0 -1.20534 0.374607 0 2-4edge.dat
 1 16 3.2 -19.9 9.12 0 0 1.3 0.486989 0.927 0 -1.20534 0.374607 0 2-4edge.dat
 1 16 3.2 -19.16 9.42 0 0 1.3 0.486989 0.927 0 -1.20534 0.374607 0 2-4edge.dat
 1 16 -3.2 -19.9 9.12 0 0 -2 -0.749 0.927 0 1.854 0.374607 0 2-4edge.dat
 1 16 -3.2 -25.74 6.76 0 0 -2 -0.749 0.927 0 1.854 0.374607 0 2-4edge.dat
 1 16 -3.2 -26.67 6.39 0 0 -2 -0.749 0.927 0 1.854 0.374607 0 2-4edge.dat
 1 16 -3.2 -27.41 6.09 0 0 -2 -0.749 0.927 0 1.854 0.374607 0 2-4edge.dat
 1 16 -3.2 -28.15 5.79 0 0 -2 -0.749 0.927 0 1.854 0.374607 0 2-4edge.dat
 1 16 -3.2 -28.9 5.49 0 0 -2 -0.749 0.927 0 1.854 0.374607 0 2-4edge.dat
 1 16 -3.2 -29.66 5.19 0 0 -1.3 -0.590188 0.891007 0 1.15831 0.45399 0 2-4edge.dat
 1 16 -3.2 -28.9 5.49 0 0 -1.3 -0.486989 0.927 0 1.20534 0.374607 0 2-4edge.dat
 1 16 -3.2 -28.15 5.79 0 0 -1.3 -0.486989 0.927 0 1.20534 0.374607 0 2-4edge.dat
 1 16 -3.2 -27.41 6.09 0 0 -1.3 -0.486989 0.927 0 1.20534 0.374607 0 2-4edge.dat
 1 16 -3.2 -26.67 6.39 0 0 -1.3 -0.486989 0.927 0 1.20534 0.374607 0 2-4edge.dat
 1 16 -3.2 -25.74 6.76 0 0 -1.3 -0.486989 0.927 0 1.20534 0.374607 0 2-4edge.dat
 1 16 -3.2 -19.9 9.12 0 0 -1.3 -0.486989 0.927 0 1.20534 0.374607 0 2-4edge.dat
 1 16 -3.2 -19.16 9.42 0 0 -1.3 -0.486989 0.927 0 1.20534 0.374607 0 2-4edge.dat
0
 2 24 3.2 -25.92 4.53 3.2 -26.66 4.24
 2 24 -3.2 -25.92 4.53 -3.2 -26.66 4.24
 2 24 3.2 -25.26 5.56 3.2 -26.18 5.18
 2 24 -3.2 -25.26 5.56 -3.2 -26.18 5.18
 2 24 3.2 -26.23 7.97 3.2 -27.16 7.59
 2 24 -3.2 -26.23 7.97 -3.2 -27.16 7.59
 2 24 3.2 -26.49 8.62 3.2 -27.42 8.24
 2 24 -3.2 -26.49 8.62 -3.2 -27.42 8.24
 2 24 3.2 -27.4 3.94 3.2 -28.15 3.64
 2 24 -3.2 -27.4 3.94 -3.2 -28.15 3.64
 2 24 3.2 -26.92 4.88 3.2 -27.67 4.58
 2 24 -3.2 -26.92 4.88 -3.2 -27.67 4.58
 2 24 3.2 -27.9 7.29 3.2 -28.64 7
 2 24 -3.2 -27.9 7.29 -3.2 -28.64 7
 2 24 3.2 -28.16 7.94 3.2 -28.9 7.64
 2 24 -3.2 -28.16 7.94 -3.2 -28.9 7.64
 2 24 3.2 -28.41 4.28 3.2 -29.08 4.02
 2 24 -3.2 -28.41 4.28 -3.2 -29.08 4.02
 2 24 3.2 -29.38 6.7 3.2 -30.25 6.34
 2 24 -3.2 -29.38 6.7 -3.2 -30.25 6.34
 2 24 3.2 -29.64 7.34 3.2 -30.57 6.97
 2 24 -3.2 -29.64 7.34 -3.2 -30.57 6.97
 2 24 3.2 -24.99 4.91 3.2 -25.26 5.56
 2 24 -3.2 -24.99 4.91 -3.2 -25.26 5.56
 2 24 3.2 -26.23 7.97 3.2 -26.49 8.62
 2 24 -3.2 -26.23 7.97 -3.2 -26.49 8.62
 2 24 3.2 -25.92 4.53 3.2 -26.18 5.18
 2 24 -3.2 -25.92 4.53 -3.2 -26.18 5.18
 2 24 3.2 -27.16 7.59 3.2 -27.42 8.24
 2 24 -3.2 -27.16 7.59 -3.2 -27.42 8.24
 2 24 3.2 -26.66 4.24 3.2 -26.92 4.88
 2 24 -3.2 -26.66 4.24 -3.2 -26.92 4.88
 2 24 3.2 -27.9 7.29 3.2 -28.16 7.94
 2 24 -3.2 -27.9 7.29 -3.2 -28.16 7.94
 2 24 3.2 -27.4 3.94 3.2 -27.67 4.58
 2 24 -3.2 -27.4 3.94 -3.2 -27.67 4.58
 2 24 3.2 -28.64 7 3.2 -28.9 7.64
 2 24 -3.2 -28.64 7 -3.2 -28.9 7.64
 2 24 3.2 -28.15 3.64 3.2 -28.41 4.28
 2 24 -3.2 -28.15 3.64 -3.2 -28.41 4.28
 2 24 3.2 -29.38 6.7 3.2 -29.64 7.34
 2 24 -3.2 -29.38 6.7 -3.2 -29.64 7.34
 2 24 3.2 -30.25 6.34 3.2 -30.57 6.97
 2 24 -3.2 -30.25 6.34 -3.2 -30.57 6.97
 2 24 3.2 -18.67 8.22 -3.2 -18.67 8.22
 2 24 3.2 -19.65 10.63 -3.2 -19.65 10.63
 2 24 3.2 -20.39 10.33 -3.2 -20.39 10.33
 2 24 3.2 -20.65 10.98 -3.2 -20.65 10.98
 2 24 3.2 -19.41 7.92 -3.2 -19.41 7.92
 2 24 3.2 -19.15 7.27 -3.2 -19.15 7.27
0
 1 16 -3.2 -19.9 9.12 0 0 -1.3 -0.486989 0.741747 0 1.20534 0.299685 0 2-4cyli.dat
 1 16 3.2 -19.9 9.12 0 0 1.3 0.486989 0.741747 0 -1.20534 0.299685 0 2-4cyli.dat
 1 16 -3.2 -26.67 6.39 0 0 -1.3 -0.486989 0.927 0 1.20534 0.374607 0 2-4cyli.dat
 1 16 3.2 -26.67 6.39 0 0 1.3 0.486989 0.927 0 -1.20534 0.374607 0 2-4cyli.dat
 1 16 -3.2 -28.15 5.79 0 0 -1.3 -0.486989 0.741747 0 1.20534 0.299685 0 2-4cyli.dat
 1 16 3.2 -28.15 5.79 0 0 1.3 0.486989 0.741747 0 -1.20534 0.299685 0 2-4cyli.dat
 1 16 -3.2 -29.82 5.12 0 0 -1.3 -0.486989 0.927 0 1.20534 0.374607 0 2-4cyli.dat
 1 16 3.2 -29.82 5.12 0 0 1.3 0.486989 0.927 0 -1.20534 0.374607 0 2-4cyli.dat
0
 1 16 -3.2 -19.9 9.12 0 0 -2 -0.749 0.927 0 1.854 0.374607 0 2-4disc.dat
 1 16 3.2 -19.9 9.12 0 0 2 0.749 0.927 0 -1.854 0.374607 0 2-4disc.dat
 1 16 -3.2 -25.74 6.76 0 0 -2 -0.749 0.927 0 1.854 0.374607 0 2-4disc.dat
 1 16 3.2 -25.74 6.76 0 0 2 0.749 0.927 0 -1.854 0.374607 0 2-4disc.dat
 1 16 -3.2 -26.67 6.39 0 0 -2 -0.749 0.927 0 1.854 0.374607 0 2-4disc.dat
 1 16 3.2 -26.67 6.39 0 0 2 0.749 0.927 0 -1.854 0.374607 0 2-4disc.dat
 1 16 -3.2 -27.41 6.09 0 0 -2 -0.749 0.927 0 1.854 0.374607 0 2-4disc.dat
 1 16 3.2 -27.41 6.09 0 0 2 0.749 0.927 0 -1.854 0.374607 0 2-4disc.dat
 1 16 -3.2 -28.15 5.79 0 0 -2 -0.749 0.927 0 1.854 0.374607 0 2-4disc.dat
 1 16 3.2 -28.15 5.79 0 0 2 0.749 0.927 0 -1.854 0.374607 0 2-4disc.dat
 1 16 -3.2 -28.9 5.49 0 0 -2 -0.749 0.927 0 1.854 0.374607 0 2-4disc.dat
 1 16 3.2 -28.9 5.49 0 0 2 0.749 0.927 0 -1.854 0.374607 0 2-4disc.dat
 1 16 -3.2 -19.16 9.42 0 0 -1.3 -0.486989 0.927 0 1.20534 0.374607 0 2-4disc.dat
 1 16 3.2 -19.16 9.42 0 0 1.3 0.486989 0.927 0 -1.20534 0.374607 0 2-4disc.dat
0
 4 16 3.2 -18.67 8.22 -3.2 -18.67 8.22 3.2 -19.65 10.63 -3.2 -19.65 10.63
 4 16 3.2 -18.67 8.22 -3.2 -18.67 8.22 3.2 -19.41 7.92 -3.2 -19.41 7.92
 4 16 3.2 -19.15 7.27 -3.2 -19.15 7.27 3.2 -19.41 7.92 -3.2 -19.41 7.92
 4 16 3.2 -19.65 10.63 -3.2 -19.65 10.63 3.2 -20.39 10.33 -3.2 -20.39 10.33
 4 16 3.2 -20.65 10.98 -3.2 -20.65 10.98 3.2 -20.39 10.33 -3.2 -20.39 10.33
 4 16 3.2 -19.15 7.269 -3.2 -19.15 7.269 3.2 -23.79 5.4 -3.2 -23.79 5.4
 4 16 3.2 -19.01 -7.99 -3.2 -19.01 -7.99 3.2 -22.87 -4.13 -3.2 -22.87 -4.13
 4 16 3.2 -23 -3.6 -3.2 -23 -3.6 3.2 -22.87 -4.13 -3.2 -22.87 -4.13
 4 16 3.2 -23 -3.6 -3.2 -23 -3.6 3.2 -22.82 -3.21 -3.2 -22.82 -3.21
 4 16 3.2 -22.34 -3 -3.2 -22.34 -3 3.2 -22.82 -3.21 -3.2 -22.82 -3.21
 4 16 3.2 -22.67 3 -3.2 -22.67 3 3.2 -23.79 5.4 -3.2 -23.79 5.4
0
 4 16 -3.2 -26.49 8.62 -3.2 -26.23 7.97 -3.2 -30.57 6.97 -3.2 -30.31 6.32
 4 16 3.2 -26.49 8.62 3.2 -26.23 7.97 3.2 -30.57 6.97 3.2 -30.31 6.32
 4 16 -3.2 -28.73 3.39 -3.2 -29.08 4.02 -3.2 -24.99 4.91 -3.2 -25.26 5.56
 4 16 3.2 -28.73 3.39 3.2 -29.08 4.02 3.2 -24.99 4.91 3.2 -25.26 5.56
 4 16 -3.2 -19.01 -7.99 -7 -19.01 -7.99 -3.2 -20.85 -8.98 -6.7 -20.85 -8.98
 4 16 3.2 -19.01 -7.99 7 -19.01 -7.99 3.2 -20.85 -8.98 6.7 -20.85 -8.98
 4 16 -3.2 -20.85 -8.98 -3.2 -19.01 -7.99 -3.2 -22.87 -4.13 -3.2 -28.13 -3.63
 4 16 3.2 -20.85 -8.98 3.2 -19.01 -7.99 3.2 -22.87 -4.13 3.2 -28.13 -3.63
 4 16 -3.2 -23 -3.6 -3.2 -23.3 -1.5 -3.2 -23.8 -1 -3.2 -22.82 -3.21
 4 16 3.2 -23 -3.6 3.2 -23.3 -1.5 3.2 -23.8 -1 3.2 -22.82 -3.21
 3 16 -3.2 -23.3 -1.5 -3.2 -22.34 -3 -3.2 -22.82 -3.21
 3 16 3.2 -23.3 -1.5 3.2 -22.34 -3 3.2 -22.82 -3.21
 3 16 -3.2 -28.13 -3.63 -3.2 -22.87 -4.13 -3.2 -23 -3.6
 3 16 3.2 -28.13 -3.63 3.2 -22.87 -4.13 3.2 -23 -3.6
 4 16 -3.2 -24.99 4.91 -3.2 -23.79 5.4 -3.2 -22.67 3 -3.2 -23.3 1.5
 4 16 3.2 -24.99 4.91 3.2 -23.79 5.4 3.2 -22.67 3 3.2 -23.3 1.5
 4 16 -3.2 -23.3 1.5 -3.2 -23.8 1 -3.2 -24.99 4.91 -3.2 -28.73 3.39
 4 16 3.2 -23.3 1.5 3.2 -23.8 1 3.2 -24.99 4.91 3.2 -28.73 3.39
 3 16 -3.2 -23 -3.6 -3.2 -23.8 -1 -3.2 -28.13 -3.63
 3 16 3.2 -23 -3.6 3.2 -23.8 -1 3.2 -28.13 -3.63
 4 16 -3.2 -23.8 -1 -3.2 -23.8 1 -3.2 -28.13 -3.63 -3.2 -28.73 3.39
 4 16 3.2 -23.8 -1 3.2 -23.8 1 3.2 -28.13 -3.63 3.2 -28.73 3.39
 4 16 -3.2 -29.43 -2.93 -3.2 -29.92 2.43 -3.2 -28.13 -3.63 -3.2 -28.73 3.39
 4 16 3.2 -29.43 -2.93 3.2 -29.92 2.43 3.2 -28.13 -3.63 3.2 -28.73 3.39
 4 16 -3.2 -29.43 -2.93 -3.2 -29.92 2.43 -3.2 -30.37 -1.77 -3.2 -30.64 1.09
 4 16 3.2 -29.43 -2.93 3.2 -29.92 2.43 3.2 -30.37 -1.77 3.2 -30.64 1.09
 3 16 -3.2 -30.37 -1.77 -3.2 -30.64 1.09 -3.2 -30.79 -0.3
 3 16 3.2 -30.37 -1.77 3.2 -30.64 1.09 3.2 -30.79 -0.3
0
 2 24 3.2 -19.01 -8 3.2 -22.87 -4.13
 2 24 -3.2 -19.01 -8 -3.2 -22.87 -4.13
 2 24 3.2 -23 -3.6 3.2 -22.87 -4.13
 2 24 -3.2 -23 -3.6 -3.2 -22.87 -4.13
 2 24 3.2 -23 -3.6 3.2 -22.82 -3.21
 2 24 -3.2 -23 -3.6 -3.2 -22.82 -3.21
 2 24 3.2 -22.34 -3 3.2 -22.82 -3.21
 2 24 -3.2 -22.34 -3 -3.2 -22.82 -3.21
 2 24 3.2 -23.7876 5.39633 3.2 -22.67 3
 2 24 -3.2 -23.7876 5.39633 -3.2 -22.67 3
 2 24 3.2 -22.67 3 -3.2 -22.67 3
 2 24 3.2 -23.79 5.4 -3.2 -23.79 5.4
 2 24 6.7 -20.85 -8.98 3.2 -20.85 -8.98
 2 24 -6.7 -20.85 -8.98 -3.2 -20.85 -8.98
 2 24 3.2 -19.01 -7.99 3.2 -20.85 -8.98
 2 24 -3.2 -19.01 -7.99 -3.2 -20.85 -8.98
 2 24 3.2 -28.13 -3.63 3.2 -20.85 -8.98
 2 24 -3.2 -28.13 -3.63 -3.2 -20.85 -8.98
 2 24 3.2 -28.13 -3.63 3.2 -29.43 -2.93
 2 24 -3.2 -28.13 -3.63 -3.2 -29.43 -2.93
 2 24 3.2 -30.37 -1.77 3.2 -29.43 -2.93
 2 24 -3.2 -30.37 -1.77 -3.2 -29.43 -2.93
 2 24 3.2 -30.37 -1.77 3.2 -30.79 -0.3
 2 24 -3.2 -30.37 -1.77 -3.2 -30.79 -0.3
 2 24 3.2 -30.64 1.09 3.2 -30.79 -0.3
 2 24 -3.2 -30.64 1.09 -3.2 -30.79 -0.3
 2 24 3.2 -30.64 1.09 3.2 -29.92 2.43
 2 24 -3.2 -30.64 1.09 -3.2 -29.92 2.43
 2 24 3.2 -28.73 3.39 3.2 -29.92 2.43
 2 24 -3.2 -28.73 3.39 -3.2 -29.92 2.43
 2 24 3.2 -28.73 3.39 3.2 -29.08 4.02
 2 24 -3.2 -28.73 3.39 -3.2 -29.08 4.02
 2 24 3.2 -23.79 5.4 3.2 -24.99 4.91
 2 24 -3.2 -23.79 5.4 -3.2 -24.99 4.91
0
 2 24 6.7 -20.85 -8.98 6.3 -28.13 -3.63
 2 24 -6.7 -20.85 -8.98 -6.3 -28.13 -3.63
 2 24 6.3 -28.13 -3.63 5.73 -29.43 -2.93
 2 24 -6.3 -28.13 -3.63 -5.73 -29.43 -2.93
 2 24 5.2 -30.37 -1.77 5.73 -29.43 -2.93
 2 24 -5.2 -30.37 -1.77 -5.73 -29.43 -2.93
 2 24 5.2 -30.37 -1.77 5 -30.79 -0.3
 2 24 -5.2 -30.37 -1.77 -5 -30.79 -0.3
 2 24 5.2 -30.64 1.11 5 -30.79 -0.3
 2 24 -5.2 -30.64 1.11 -5 -30.79 -0.3
 2 24 5.2 -30.64 1.09 5.73 -29.92 2.43
 2 24 -5.2 -30.64 1.09 -5.73 -29.92 2.43
 2 24 6.3 -28.73 3.39 5.73 -29.92 2.43
 2 24 -6.3 -28.73 3.39 -5.73 -29.92 2.43
 2 24 6.3 -28.73 3.39 3.2 -28.73 3.39
 2 24 -6.3 -28.73 3.39 -3.2 -28.73 3.39
 2 24 6.3 -28.73 3.39 5.3 -29.76 5.39
 2 24 -6.3 -28.73 3.39 -5.3 -29.76 5.39
 2 24 3.9 -30.4 6.7 5.3 -29.76 5.39
 2 24 -3.9 -30.4 6.7 -5.3 -29.76 5.39
 2 24 3.9 -30.4 6.7 3.2 -30.57 6.97
 2 24 -3.9 -30.4 6.7 -3.2 -30.57 6.97
0
 4 16 3.2 -28.73 3.39 6.3 -28.73 3.39 5.3 -29.76 5.39 3.9 -30.4 6.7
 4 16 -3.2 -28.73 3.39 -6.3 -28.73 3.39 -5.3 -29.76 5.39 -3.9 -30.4 6.7
 3 16 3.2 -28.73 3.39 3.9 -30.4 6.7 3.2 -30.57 6.97
 3 16 -3.2 -28.73 3.39 -3.9 -30.4 6.7 -3.2 -30.57 6.97
0
 4 16 -6.7 -20.85 -8.98 -3.2 -20.85 -8.98 -6.3 -28.13 -3.68 -3.2 -28.13 -3.68
 4 16 6.7 -20.85 -8.98 3.2 -20.85 -8.98 6.3 -28.13 -3.68 3.2 -28.13 -3.68
 4 16 -5.73 -29.43 -2.93 -3.2 -29.43 -2.93 -6.3 -28.13 -3.68 -3.2 -28.13 -3.68
 4 16 5.73 -29.43 -2.93 3.2 -29.43 -2.93 6.3 -28.13 -3.68 3.2 -28.13 -3.68
 4 16 -5.73 -29.43 -2.93 -3.2 -29.43 -2.93 -5.2 -30.37 -1.77 -3.2 -30.37 -1.77
 4 16 5.73 -29.43 -2.93 3.2 -29.43 -2.93 5.2 -30.37 -1.77 3.2 -30.37 -1.77
 4 16 -5 -30.79 -0.30 -3.2 -30.79 -0.30 -5.2 -30.37 -1.77 -3.2 -30.37 -1.77
 4 16 5 -30.79 -0.30 3.2 -30.79 -0.30 5.2 -30.37 -1.77 3.2 -30.37 -1.77
 4 16 -5 -30.79 -0.30 -3.2 -30.79 -0.30 -5.2 -30.64 1.09 -3.2 -30.64 1.09
 4 16 5 -30.79 -0.30 3.2 -30.79 -0.30 5.2 -30.64 1.09 3.2 -30.64 1.09
 4 16 -5 -30.79 0.30 -3.2 -30.79 0.30 -5.2 -30.37 1.77 -3.2 -30.37 1.77
 4 16 5 -30.79 0.30 3.2 -30.79 0.30 5.2 -30.37 1.77 3.2 -30.37 1.77
 4 16 -5.73 -29.92 2.43 -3.2 -29.92 2.43 -5.2 -30.64 1.09 -3.2 -30.64 1.09
 4 16 5.73 -29.92 2.43 3.2 -29.92 2.43 5.2 -30.64 1.09 3.2 -30.64 1.09
 4 16 -5.73 -29.92 2.43 -3.2 -29.92 2.43 -6.3 -28.73 3.39 -3.2 -28.73 3.39
 4 16 5.73 -29.92 2.43 3.2 -29.92 2.43 6.3 -28.73 3.39 3.2 -28.73 3.39
0
 4 16 2 -24.8787 -12.3037 -2 -24.8787 -12.3037 2.5 -30.18 -7.42 -2.5 -30.18 -7.42
0
 4 16 -2 -24.88 -12.3 -2.5 -30.18 -7.42 -3.6 -24.4 -11.94 -3.9 -29.79 -6.71
 4 16 2 -24.88 -12.3 2.5 -30.18 -7.42 3.6 -24.4 -11.94 3.9 -29.79 -6.71
 4 16 -5.3 -23.25 -10.96 -5.3 -29.09 -5.4 -3.6 -24.4 -11.94 -3.9 -29.79 -6.71
 4 16 5.3 -23.25 -10.96 5.3 -29.09 -5.4 3.6 -24.4 -11.94 3.9 -29.79 -6.71
 4 16 -5.3 -23.25 -10.96 -5.3 -29.09 -5.4 -6.6 -21.55 -9.55 -6.3 -28.13 -3.63
 4 16 5.3 -23.25 -10.96 5.3 -29.09 -5.4 6.6 -21.55 -9.55 6.3 -28.13 -3.63
 3 16 -6.6 -21.55 -9.55 -6.7 -20.85 -8.98 -6.3 -28.13 -3.63
 3 16 6.6 -21.55 -9.55 6.7 -20.85 -8.98 6.3 -28.13 -3.63
0
0 side-rivets
0
 1 16 -3.2 -27 0 0 -3.8 0 2.7 0 0 0 0 -2.7 4-4cyli.dat
 1 16 3.2 -27 0 0 3.8 0 2.7 0 0 0 0 2.7 4-4cyli.dat
 1 16 -6.8 -27 0 0 -0.2 0 2 0 0 0 0 -2 4-4cyli.dat
 1 16 6.8 -27 0 0 0.2 0 2 0 0 0 0 2 4-4cyli.dat
 1 16 -6.8 -27 0 0 0.7 0 2 0 0 0 0 -2 4-8sphe.dat
 1 16 6.8 -27 0 0 -0.7 0 2 0 0 0 0 2 4-8sphe.dat
0
 1 16 -3.2 -27 0 0 1 0 2.7 0 0 0 0 -2.7 4-4edge.dat
 1 16 3.2 -27 0 0 -1 0 2.7 0 0 0 0 2.7 4-4edge.dat
 1 16 -7 -27 0 0 1 0 2.7 0 0 0 0 -2.7 4-4edge.dat
 1 16 7 -27 0 0 -1 0 2.7 0 0 0 0 2.7 4-4edge.dat
 1 16 -7 -27 0 0 1 0 2 0 0 0 0 -2 4-4edge.dat
 1 16 7 -27 0 0 -1 0 2 0 0 0 0 2 4-4edge.dat
 1 16 -6.8 -27 0 0 1 0 2 0 0 0 0 -2 4-4edge.dat
 1 16 6.8 -27 0 0 -1 0 2 0 0 0 0 2 4-4edge.dat
0
 4 16 -7 -27 -2.7 -7 -27 -2 -7 -28.03 -2.5 -7 -27.77 -1.85
 4 16 7 -27 -2.7 7 -27 -2 7 -28.03 -2.5 7 -27.77 -1.85
 4 16 -7 -27 2.7 -7 -27 2 -7 -28.03 2.5 -7 -27.77 1.85
 4 16 7 -27 2.7 7 -27 2 7 -28.03 2.5 7 -27.77 1.85
 4 16 -7 -28.92 -1.91 -7 -28.41 -1.41 -7 -28.03 -2.5 -7 -27.77 -1.85
 4 16 7 -28.92 -1.91 7 -28.41 -1.41 7 -28.03 -2.5 7 -27.77 -1.85
 4 16 -7 -28.92 1.91 -7 -28.41 1.41 -7 -28.03 2.5 -7 -27.77 1.85
 4 16 7 -28.92 1.91 7 -28.41 1.41 7 -28.03 2.5 7 -27.77 1.85
 4 16 -7 -28.92 -1.91 -7 -28.41 -1.41 -7 -29.5 -1.03 -7 -28.85 -0.76
 4 16 7 -28.92 -1.91 7 -28.41 -1.41 7 -29.5 -1.03 7 -28.85 -0.76
 4 16 -7 -28.92 1.91 -7 -28.41 1.41 -7 -29.5 1.03 -7 -28.85 0.76
 4 16 7 -28.92 1.91 7 -28.41 1.41 7 -29.5 1.03 7 -28.85 0.76
 4 16 -7 -29.7 0 -7 -29 0 -7 -29.5 -1.03 -7 -28.85 -0.76
 4 16 7 -29.7 0 7 -29 0 7 -29.5 -1.03 7 -28.85 -0.76
 4 16 -7 -29.7 0 -7 -29 0 -7 -29.5 1.03 -7 -28.85 0.76
 4 16 7 -29.7 0 7 -29 0 7 -29.5 1.03 7 -28.85 0.76
 4 16 -7 -27 -2.7 -7 -27 -2 -7 -25.97 -2.5 -7 -26.23 -1.85
 4 16 7 -27 -2.7 7 -27 -2 7 -25.97 -2.5 7 -26.23 -1.85
 4 16 -7 -27 2.7 -7 -27 2 -7 -25.97 2.5 -7 -26.23 1.85
 4 16 7 -27 2.7 7 -27 2 7 -25.97 2.5 7 -26.23 1.85
 4 16 -7 -25.08 -1.91 -7 -25.59 -1.41 -7 -25.97 -2.5 -7 -26.23 -1.85
 4 16 7 -25.08 -1.91 7 -25.59 -1.41 7 -25.97 -2.5 7 -26.23 -1.85
 4 16 -7 -25.08 1.91 -7 -25.59 1.41 -7 -25.97 2.5 -7 -26.23 1.85
 4 16 7 -25.08 1.91 7 -25.59 1.41 7 -25.97 2.5 7 -26.23 1.85
 4 16 -7 -25.08 -1.91 -7 -25.59 -1.41 -7 -24.5 -1.03 -7 -25.15 -0.76
 4 16 7 -25.08 -1.91 7 -25.59 -1.41 7 -24.5 -1.03 7 -25.15 -0.76
 4 16 -7 -25.08 1.91 -7 -25.59 1.41 -7 -24.5 1.03 -7 -25.15 0.76
 4 16 7 -25.08 1.91 7 -25.59 1.41 7 -24.5 1.03 7 -25.15 0.76
 4 16 -7 -24.3 0 -7 -25 0 -7 -24.5 -1.03 -7 -25.15 -0.76
 4 16 7 -24.3 0 7 -25 0 7 -24.5 -1.03 7 -25.15 -0.76
 4 16 -7 -24.3 0 -7 -25 0 -7 -24.5 1.03 -7 -25.15 0.76
 4 16 7 -24.3 0 7 -25 0 7 -24.5 1.03 7 -25.15 0.76
0
0 COMMENT end of file
