0 ~Minifig Head with Sideburns & Droopy Moustache - Facial Hair
0 Name: s\3626b37a.dat
0 Author: Franklin W. Cain [fwcain]
0 !LDRAW_ORG Subpart UPDATE 2003-01
0 !LICENSE Redistributable under CCAL version 2.0 : see CAreadme.txt

0 !HISTORY 2003-03-12 [PTadmin] Official Update 2003-01
0 !HISTORY 2007-08-31 [PTadmin] Header formatted for Contributor Agreement
0 !HISTORY 2008-07-01 [PTadmin] Official Update 2008-01

 3 16 -1 12 -12.801 -1 13.500 -12.801 -1.750 12 -12.652
 3 16 1 12 -12.801 1 13.500 -12.801 1.750 12 -12.652
 4 16 -1 13.500 -12.801 -1.750 12 -12.652 -4.250 12.750 -12.154 -3.500 14.250 -12.304
 4 16 1 13.500 -12.801 1.750 12 -12.652 4.250 12.750 -12.154 3.500 14.250 -12.304
 3 16 -3.500 14.250 -12.304 -4.250 12.750 -12.154 -4.975 13.500 -12.010
 3 16 3.500 14.250 -12.304 4.250 12.750 -12.154 4.975 13.500 -12.010
 3 16 -3.500 14.250 -12.304 -4.250 15.250 -12.154 -4.975 13.500 -12.010
 3 16 3.500 14.250 -12.304 4.250 15.250 -12.154 4.975 13.500 -12.010
 3 16 -4.250 15.250 -12.154 -4.975 13.500 -12.010 -4.975 17 -12.010
 3 16 4.250 15.250 -12.154 4.975 13.500 -12.010 4.975 17 -12.010
0
 3 16 -4.975 13.500 -12.010 -4.975 17 -12.010 -5.750 17 -11.492
 3 16 4.975 13.500 -12.010 4.975 17 -12.010 5.750 17 -11.492
0
 3 16 -4.975 17 -12.010 -5.750 17 -11.492 -5.750 19 -10.271
 3 16 4.975 17 -12.010 5.750 17 -11.492 5.750 19 -10.271
0
0
 4 16 -9.192 4.500 -9.192 -12.010 4.500 -4.975 -11.897 6 -5.144 -9.530 6 -8.686
 4 16 9.192 4.500 -9.192 12.010 4.500 -4.975 11.897 6 -5.144 9.530 6 -8.686
 4 16 -9.530 6.500 -8.686 -11.897 6.500 -5.144 -11.784 8 -5.312 -9.868 8 -8.180
 4 16 9.530 6.500 -8.686 11.897 6.500 -5.144 11.784 8 -5.312 9.868 8 -8.180
 4 16 -9.868 8.500 -8.180 -11.784 8.500 -5.312 -11.672 10 -5.481 -10.207 10 -7.674
 4 16 9.868 8.500 -8.180 11.784 8.500 -5.312 11.672 10 -5.481 10.207 10 -7.674
 4 16 -10.207 10.500 -7.674 -11.672 10.500 -5.481 -11.559 12 -5.649 -10.545 12 -7.168
 4 16 10.207 10.500 -7.674 11.672 10.500 -5.481 11.559 12 -5.649 10.545 12 -7.168
 4 16 -10.545 12.500 -7.168 -11.559 12.500 -5.649 -11.446 14 -5.818 -10.883 14 -6.662
 4 16 10.545 12.500 -7.168 11.559 12.500 -5.649 11.446 14 -5.818 10.883 14 -6.662
0
 4 16 -8.674 2.586 -8.674 -9.192 4 -9.192 -12.010 4 -4.975 -11.334 2.586 -4.695
 4 16 8.674 2.586 -8.674 9.192 4 -9.192 12.010 4 -4.975 11.334 2.586 -4.695
0
0 COMMENT end of file
