0 ~Slope Brick 75  2 x  2 x  3 without Front and Back Surfaces
0 Name: s\3684s01.dat
0 Author: Franklin W. Cain [fwcain]
0 !LDRAW_ORG Subpart UPDATE 2004-03
0 !LICENSE Redistributable under CCAL version 2.0 : see CAreadme.txt

0 BFC CERTIFY CCW

0 !HISTORY 2004-01-31 [OrionP] Fixed error in BFC, Fixed L3P errors
0 !HISTORY 2004-09-15 [PTadmin] Official Update 2004-03
0 !HISTORY 2007-08-31 [PTadmin] Header formatted for Contributor Agreement
0 !HISTORY 2008-07-01 [PTadmin] Official Update 2008-01

0 // un-comment for front and back faces...
0 // 4 16 20 0 -10 -20 0 -10 -20 68 -30 20 68 -30
0 // 4 16 20 72 10 -20 72 10 -20 0 10 20 0 10

1 16 0 4 -10 0 0 6 0 1 0 6 0 0  1-8edge.dat

 2 24 4.2 4 -5.8 5.52 4 -7.72
 2 24 5.52 4 -7.72 5.58 4 -8
 2 24 5.58 4 -8 6 11 -10

1 16 0 4 -10 0 0 -6 0 1 0 6 0 0  1-8edge.dat

 2 24 -4.2 4 -5.8 -5.52 4 -7.72
 2 24 -5.52 4 -7.72 -5.58 4 -8
 2 24 -5.58 4 -8 -6 11 -10

1 16 0 11 -10 6 0 0 0 1 21 0 0 -6  2-4edge.dat

1 16 0 4 -10 0 0 8 0 1 0 8 0 0  1-8edge.dat

 2 24 5.6 4 -4.4 7.36 4 -6.96
 2 24 7.36 4 -6.96 6.89 4 -8
 2 24 6.89 4 -8 8 11 -10

1 16 0 4 -10 0 0 -8 0 1 0 8 0 0  1-8edge.dat

 2 24 -5.6 4 -4.4 -7.36 4 -6.96
 2 24 -7.36 4 -6.96 -6.89 4 -8
 2 24 -6.89 4 -8 -8 11 -10

1 16 0 11 -10 8 0 0 0 1 28 0 0 -8  2-4edge.dat

0 BFC INVERTNEXT
 1 16 0 4 -10 6 0 0 0 36 0 0 0 6 2-4cyli.dat

0 BFC INVERTNEXT
 1 16 0 11 -10 6 0 0 0 29 21 0 0 -6 2-4cyli.dat

 1 16 0 4 -10 8 0 0 0 36 0 0 0 8 2-4cyli.dat
 1 16 0 11 -10 8 0 0 0 29 28 0 0 -8 2-4cyli.dat

 1 16 0 40 -10 1 0 0 0 -8 0 0 0 1 stud4a.dat

 2 24 16 72 6 -16 72 6
 2 24 -16 72 6 -16 72 -26
 2 24 -16 72 -26 16 72 -26
 2 24 16 72 -26 16 72 6

 2 24 16 4 6 -16 4 6
 2 24 -16 4 6 -16 4 -8
 2 24 -16 4 -8 -16 67 -26
 2 24 -16 67 -26 16 67 -26
 2 24 16 67 -26 16 4 -8
 2 24 16 4 -8 16 4 6

 2 24 16 4 6 16 72 6
 2 24 -16 4 6 -16 72 6
 2 24 -16 67 -26 -16 72 -26
 2 24 16 67 -26 16 72 -26

 2 24 16 4 -8 -16 4 -8

 2 24 20 72 10 -20 72 10
 2 24 -20 72 10 -20 72 -30
 2 24 -20 72 -30 20 72 -30
 2 24 20 72 -30 20 72 10
 2 24 20 68 -30 -20 68 -30

 2 24 20 0 -10 20 68 -30
 2 24 20 68 -30 20 72 -30
 2 24 20 0 10 20 72 10
 2 24 -20 0 -10 -20 68 -30
 2 24 -20 68 -30 -20 72 -30
 2 24 -20 0 10 -20 72 10

 2 24 20 0 -10 20 0 10
 2 24 20 0 -10 -20 0 -10
 2 24 20 0 10 -20 0 10
 2 24 -20 0 -10 -20 0 10

 4 16 20 72 10 16 72 6 -16 72 6 -20 72 10
 4 16 -20 72 10 -16 72 6 -16 72 -26 -20 72 -30
 4 16 -20 72 -30 -16 72 -26 16 72 -26 20 72 -30
 4 16 20 72 -30 16 72 -26 16 72 6 20 72 10

 4 16 16 4 6 -16 4 6 -16 72 6 16 72 6
 4 16 -16 4 6 -16 4 -8 -16 72 -8 -16 72 6
 4 16 -16 4 -8 -16 67 -26 -16 72 -26 -16 72 -8
 4 16 -16 67 -26 16 67 -26 16 72 -26 -16 72 -26
 4 16 16 67 -26 16 4 -8 16 72 -8 16 72 -26
 4 16 16 4 -8 16 4 6 16 72 6 16 72 -8

 4 16 16 67 -26 -16 67 -26 -16 4 -8 16 4 -8

 4 16 16 4 6 16 4 -8 -16 4 -8 -16 4 6

4 16 20 68 -30 20 68 10 20 0 10 20 0 -10
4 16 20 72 -30 20 72 10 20 68 10 20 68 -30

 4 16 20 72 -30 20 68 -30 -20 68 -30 -20 72 -30

 4 16 -20  0 -10 -20  0  10 -20 68  10 -20 68 -30
 4 16 -20 68 -30 -20 68  10 -20 72  10 -20 72 -30

 4 16 20 0 10 -20 0 10 -20 0 -10 20 0 -10

 1 16 10 0 0 1 0 0 0 1 0 0 0 1 stud2.dat
 1 16 -10 0 0 1 0 0 0 1 0 0 0 1 stud2.dat

0 end of file
