0 ~Minifig Book Front without Front Cover
0 Name: s\466bs01.dat
0 Author: Franklin W. Cain [fwcain]
0 !LDRAW_ORG Subpart UPDATE 2004-02
0 !LICENSE Redistributable under CCAL version 2.0 : see CAreadme.txt

0 BFC NOCERTIFY

0 !HISTORY 2004-04-22 [PTadmin] Official Update 2004-02
0 !HISTORY 2007-09-09 [PTadmin] Header formatted for Contributor Agreement
0 !HISTORY 2008-07-01 [PTadmin] Official Update 2008-01

 1 16  17   0  -1 17  0  0  0  0 27  0  3  0  box5.dat
0
 4 16  33 -26   2  33  26   2  33  26   4  33 -26   4
 4 16  27 -22   4  27  22   4  33  26   4  33 -26   4
0
 4 16   1 -26   2   1 -26   4  33 -26   4  33 -26   2
 4 16   1  26   2   1  26   4  33  26   4  33  26   2
 4 16   1 -22   2   1 -22   4  27 -22   4  27 -22   2
 4 16   1  22   2   1  22   4  27  22   4  27  22   2
 4 16   1 -22   4   1 -26   4  33 -26   4  27 -22   4
 4 16   1  22   4   1  26   4  33  26   4  27  22   4
 4 16   1 -22   2   1 -22   4   1 -26   4   1 -26   2
 4 16   1  22   2   1  22   4   1  26   4   1  26   2
0
 4 16  27 -22   2  27  22   2  27  22   7  27 -22   7
0
 2 24  27 -22   2  27  22   2
 2 24  33 -26   2  33  26   2
 2 24  33 -26   4  33  26   4
0
 2 24   1 -22   4   3 -22   4
 2 24   1  22   4   3  22   4
 2 24   2 -22   2  27 -22   2
 2 24   2  22   2  27  22   2
 2 24   1 -26   2  33 -26   2
 2 24   1  26   2  33  26   2
 2 24   1 -26   4  33 -26   4
 2 24   1  26   4  33  26   4
0
 2 24   1 -22   2   1 -26   2
 2 24   1  22   2   1  26   2
 2 24   1 -22   4   1 -26   4
 2 24   1  22   4   1  26   4
0
 2 24   1 -22   2   1 -22   4
 2 24   1  22   2   1  22   4
 2 24  27 -22   2  27 -22   7
 2 24  27  22   2  27  22   7
 2 24   1 -26   2   1 -26   4
 2 24   1  26   2   1  26   4
 2 24  33 -26   2  33 -26   4
 2 24  33  26   2  33  26   4
0
 1 16   1.5 -22   2  0.5  0  0  0 44  0  0  0  0.5  2-4cyli.dat
 1 16   1.5 -22   2  0.5  0  0  0  1  0  0  0  0.5  2-4edge.dat
 1 16   1.5  22   2  0.5  0  0  0  1  0  0  0  0.5  2-4edge.dat
0
 2 24   1 -22   2   1  22   2
 2 24   2 -22   2   2  22   2
0
 4 16  27 -22   7  31 -22   7  31  22   7  27  22   7
 4 16  31 -24   4  31  24   4  31  24   7  31 -24   7
0
 4 16   3 -22   4   3 -24   4   3 -24   9   3 -22   9
 4 16   3  22   4   3  24   4   3  24   9   3  22   9
 4 16   3 -22   9   3 -24   9  29 -24   9  29 -22   9
 4 16   3  22   9   3  24   9  29  24   9  29  22   9
 4 16  29 -22   9  29 -24   9  31 -24   7  31 -22   7
 4 16  29  22   9  29  24   9  31  24   7  31  22   7
0
 4 16   3 -22   4   3 -22   9  31 -22   7  31 -22   4
 4 16   3  22   4   3  22   9  31  22   7  31  22   4
 4 16   3 -24   4   3 -24   9  31 -24   7  31 -24   4
 4 16   3  24   4   3  24   9  31  24   7  31  24   4
 3 16   3 -22   9  29 -22   9  31 -22   7
 3 16   3  22   9  29  22   9  31  22   7
 3 16   3 -24   9  29 -24   9  31 -24   7
 3 16   3  24   9  29  24   9  31  24   7
0
 2 24  31 -24   4  31  24   4
0
 2 24   3 -24   4  31 -24   4
 2 24   3  24   4  31  24   4
 2 24  27 -22   7  31 -22   7
 2 24  27  22   7  31  22   7
 2 24  27  -4   7  27 -22   7
 2 24  27   4   7  27  22   7
 2 24  31  -4   7  31 -24   7
 2 24  31   4   7  31  24   7
 2 24  31 -24   4  31 -24   7
 2 24  31  24   4  31  24   7
 2 24   3 -22   4   3 -24   4
 2 24   3  22   4   3  24   4
 2 24   3 -22   9   3 -24   9
 2 24   3  22   9   3  24   9
 2 24  29 -22   9  29 -24   9
 2 24  29  22   9  29  24   9
0
 2 24   3 -22   4   3 -22   9
 2 24   3  22   4   3  22   9
 2 24   3 -24   4   3 -24   9
 2 24   3  24   4   3  24   9
 2 24   3 -22   9  29 -22   9
 2 24   3  22   9  29  22   9
 2 24   3 -24   9  29 -24   9
 2 24   3  24   9  29  24   9
 2 24  29 -22   9  31 -22   7
 2 24  29  22   9  31  22   7
 2 24  29 -24   9  31 -24   7
 2 24  29  24   9  31  24   7
0
 1 16  27   0   7  0  1  0 -4  0  0  0  0  1  2-4disc.dat
 1 16  27   0   7  0  4  0 -4  0  0  0  0  1  2-4cyli.dat
0
 1 16  31   0   7  0  0.5  0 -4  0  0  0  0  1  4-8sphe.dat
0
 1 16  27   0   7  0  1  0 -4  0  0  0  0  1  2-4edge.dat
 1 16  31   0   7  0  1  0 -4  0  0  0  0 -1  2-4edge.dat
0
 2 24  27  -4   7  31  -4   7
 2 24  27   4   7  31   4   7
0
0 end of file
