0 ~Slope Brick 45  6 x  4 Double Inverted with Centre Holes
0 Name: s\60219s01.dat
0 Author: Willy Tschager [Holly-Wood]
0 !LDRAW_ORG Subpart UPDATE 2012-02
0 !LICENSE Redistributable under CCAL version 2.0 : see CAreadme.txt

0 BFC CERTIFY CCW

0 !HISTORY 2012-08-09 [PTadmin] Official Update 2012-02

1 16 -10 10 50 4 0 0 0 1 4 0 0 -4 4-4edge.dat
1 16 -30 10 50 4 0 0 0 1 4 0 0 -4 4-4edge.dat
1 16 -10 10 50 6 0 0 0 1 6 0 0 -6 4-4edge.dat
1 16 -30 10 50 6 0 0 0 1 6 0 0 -6 4-4edge.dat
1 16 0 16 0 0 0 -6 0 4 0 6 0 0 1-4edge.dat
1 16 -20 16 0 6 0 0 0 4 0 0 0 6 2-4edge.dat
2 24 0 24 40 -40 24 40
2 24 -40 24 0 -40 24 40
2 24 -40 16 0 -40 16 40
2 24 -40 4 60 -40 24 40
2 24 -40 0 40 -40 0 60
2 24 -38 18 42 -38 2 58
2 24 -38 0 42 -38 0 58
0 BFC INVERTNEXT
1 16 -10 6 50 0 0 4 0 4 0 4 0 0 2-4cyls.dat
0 BFC INVERTNEXT
1 16 -10 6 50 0 0 -4 0 4 0 4 0 0 2-4cyls.dat
0 BFC INVERTNEXT
1 16 -30 6 50 0 0 4 0 4 0 4 0 0 2-4cyls.dat
0 BFC INVERTNEXT
1 16 -30 6 50 0 0 -4 0 4 0 4 0 0 2-4cyls.dat
1 16 -10 4 50 0 0 6 0 6 0 6 0 0 2-4cyls.dat
1 16 -10 4 50 0 0 -6 0 6 0 6 0 0 2-4cyls.dat
1 16 -30 4 50 0 0 6 0 6 0 6 0 0 2-4cyls.dat
1 16 -30 4 50 0 0 -6 0 6 0 6 0 0 2-4cyls.dat
0 BFC INVERTNEXT
1 16 -10 0 50 4 0 0 0 6 0 0 0 4 4-4cyli.dat
0 BFC INVERTNEXT
1 16 -30 0 50 4 0 0 0 6 0 0 0 4 4-4cyli.dat
1 16 -10 0 50 6 0 0 0 4 0 0 0 6 4-4cyli.dat
1 16 -30 0 50 6 0 0 0 4 0 0 0 6 4-4cyli.dat
4 16 0 24 40 0 24 36 -36 24 36 -40 24 40
4 16 -40 24 40 -36 24 36 -36 24 0 -40 24 0
0 BFC INVERTNEXT
1 16 -18 22 18 0 -18 0 2 0 0 0 0 18 box2-7.dat
1 16 0 20 0 0 0 -6.1 0 -2 0 6.1 0 0 1-4ndis.dat
1 16 -20 20 0 6.1 0 0 0 -2 0 0 0 6.1 2-4ndis.dat
3 16 0 20 6.1 -6.1 20 6.1 0 20 36
4 16 -36 20 36 0 20 36 -6.1 20 6.1 -13.9 20 6.1
4 16 -13.9 20 0 -13.9 20 6.1 -6.1 20 6.1 -6.1 20 0
3 16 -13.9 20 6.1 -26.1 20 6.1 -36 20 36
4 16 -26.1 20 6.1 -26.1 20 0 -36 20 0 -36 20 36
4 16 -38 2 58 -38 0 58 -38 0 42 -38 18 42
4 16 -40 24 40 -40 24 0 -40 16 0 -40 16 40
4 16 -40 24 40 -40 0 40 -40 0 60 -40 4 60
4 16 0 24 40 -40 24 40 -40 4 60 0 4 60
1 16 -20 2 60 0 0 -20 2 0 0 0 -1 0 rect3.dat
1 16 -19 1 58 0 0 -19 1 0 0 0 1 0 rect3.dat
4 16 0 18 42 0 2 58 -38 2 58 -38 18 42
1 16 -19 9 42 0 0 -19 9 0 0 0 -1 0 rect3.dat
1 16 -20 8 40 0 0 -20 8 0 0 0 1 0 rect3.dat
4 16 0 0 60 -40 0 60 -38 0 58 0 0 58
4 16 -40 0 60 -40 0 40 -38 0 42 -38 0 58
4 16 -40 0 40 0 0 40 0 0 42 -38 0 42
0 BFC INVERTNEXT
1 16 0 16 0 0 0 -6 0 4 0 6 0 0 1-4cyli.dat
0 BFC INVERTNEXT
1 16 -20 16 0 6 0 0 0 4 0 0 0 6 2-4cyli.dat
1 16 0 16 0 0 0 -6 0 2 0 6 0 0 1-4ndis.dat
1 16 -20 16 0 6 0 0 0 2 0 0 0 6 2-4ndis.dat
3 16 0 16 40 -6 16 6 0 16 6
4 16 -14 16 6 -6 16 6 0 16 40 -40 16 40
4 16 -6 16 0 -6 16 6 -14 16 6 -14 16 0
3 16 -40 16 40 -26 16 6 -14 16 6
4 16 -40 16 40 -40 16 0 -26 16 0 -26 16 6
0
