0 ~6581 Tyre 1/2th
0 Name: s\6581a.dat
0 Author: Jeff Boen
0 !LDRAW_ORG Subpart UPDATE 1999-04
0 !LICENSE Redistributable under CCAL version 2.0 : see CAreadme.txt

0 !HISTORY 1999-05-24 [PTadmin] Official Update 1999-04
0 !HISTORY 2007-09-10 [PTadmin] Header formatted for Contributor Agreement
0 !HISTORY 2008-07-01 [PTadmin] Official Update 2008-01

0 // Faces (Quads and Triangles)
 4 16 25 -40.07 0.07 22 -39.06 -8.85 25 -39.06 -8.85 22 -40.07 0.07 
 4 16 22 -40.07 0.07 22 -35.16 -7.96 22 -39.06 -8.85 22 -36.07 0.07 
 4 16 22 -36.07 0.07 18 -35.16 -7.96 22 -35.16 -7.96 18 -36.07 0.07 
 4 16 18 -36.07 0.07 18 -47.84 -10.85 18 -35.16 -7.96 18 -49.07 0.07 
 4 16 18 -49.07 0.07 16 -49.79 -11.30 18 -47.84 -10.85 16 -51.07 0.07 
 4 16 16 -51.07 0.07 -16 -49.79 -11.30 16 -49.79 -11.30 -16 -51.07 0.07 
 4 16 -16 -51.07 0.07 -18 -47.84 -10.85 -16 -49.79 -11.30 -18 -49.07 0.07 
 4 16 -18 -49.07 0.07 -18 -35.16 -7.96 -18 -47.84 -10.85 -18 -36.07 0.07 
 4 16 -18 -36.07 0.07 -22 -35.16 -7.96 -18 -35.16 -7.96 -22 -36.07 0.07 
 4 16 -22 -36.07 0.07 -22 -39.06 -8.85 -22 -35.16 -7.96 -22 -40.07 0.07 
 4 16 -22 -40.07 0.07 -25 -39.06 -8.85 -22 -39.06 -8.85 -25 -40.07 0.07 
 4 16 -25 -40.07 0.07 -25 -49.79 -11.30 -25 -39.06 -8.85 -25 -51.07 0.07 
 4 16 -25 -51.07 0.07 -12 -53.69 -12.19 -25 -49.79 -11.30 -12 -55.07 0.07 
 4 16 -12 -55.07 0.07 0 -53.69 -12.19 -12 -53.69 -12.19 0 -55.07 0.07 
 4 16 0 -55.07 0.07 0 -59.54 -13.52 0 -53.69 -12.19 0 -61.07 0.07 
 4 16 0 -61.07 0.07 12 -59.54 -13.52 0 -59.54 -13.52 12 -61.07 0.07 
 4 16 12 -61.07 0.07 23 -55.64 -12.63 12 -59.54 -13.52 23 -57.07 0.07 
 4 16 23 -57.07 0.07 25 -49.79 -11.30 23 -55.64 -12.63 25 -51.07 0.07 
 4 16 25 -51.07 0.07 25 -39.06 -8.85 25 -49.79 -11.30 25 -40.07 0.07 
 4 16 0 -55.07 0.07 12 -61.07 0.07 0 -61.07 0.07 16 -51.07 0.07 
 4 16 16 -51.07 0.07 23 -57.07 0.07 12 -61.07 0.07 25 -51.07 0.07 
 4 16 0 -53.69 -12.19 12 -59.54 -13.52 0 -59.54 -13.52 16 -49.79 -11.30 
 4 16 16 -49.79 -11.30 23 -55.64 -12.63 12 -59.54 -13.52 25 -49.79 -11.30 
0
0 3DSMAX Object: 1/28 Tire Section 01
0 Normal Edge Lines
 2 24 25 -40.07 0.07 25 -39.06 -8.85 
 2 24 22 -40.07 0.07 22 -39.06 -8.85 
 2 24 22 -36.07 0.07 22 -35.16 -7.96 
 2 24 18 -36.07 0.07 18 -35.16 -7.96 
 2 24 18 -49.07 0.07 18 -47.84 -10.85 
 2 24 16 -51.07 0.07 16 -49.79 -11.30 
 2 24 -16 -51.07 0.07 -16 -49.79 -11.30 
 2 24 -18 -49.07 0.07 -18 -47.84 -10.85 
 2 24 -18 -36.07 0.07 -18 -35.16 -7.96 
 2 24 -22 -36.07 0.07 -22 -35.16 -7.96 
 2 24 -22 -40.07 0.07 -22 -39.06 -8.85 
 2 24 -25 -40.07 0.07 -25 -39.06 -8.85 
 2 24 -25 -51.07 0.07 -25 -49.79 -11.30 
 2 24 -12 -53.69 -12.19 -25 -49.79 -11.30 
 2 24 -25 -51.07 0.07 -12 -55.07 0.07 
 2 24 -12 -55.07 0.07 -12 -53.69 -12.19 
 2 24 0 -53.69 -12.19 -12 -53.69 -12.19 
 2 24 -12 -55.07 0.07 0 -55.07 0.07 
 2 24 0 -55.07 0.07 0 -53.69 -12.19 
 2 24 0 -59.54 -13.52 0 -53.69 -12.19 
 2 24 0 -55.07 0.07 0 -61.07 0.07 
 2 24 0 -61.07 0.07 0 -59.54 -13.52 
 2 24 12 -59.54 -13.52 0 -59.54 -13.52 
 2 24 0 -61.07 0.07 12 -61.07 0.07 
 2 24 12 -61.07 0.07 12 -59.54 -13.52 
 2 24 23 -55.64 -12.63 12 -59.54 -13.52 
 2 24 12 -61.07 0.07 23 -57.07 0.07 
 2 24 23 -57.07 0.07 23 -55.64 -12.63 
 2 24 25 -49.79 -11.30 23 -55.64 -12.63 
 2 24 23 -57.07 0.07 25 -51.07 0.07 
 2 24 25 -51.07 0.07 25 -49.79 -11.30 
0
0 3DSMAX Object: 1/28 Tire Section 02
0 Faces (Quads and Triangles)
 4 16 -25 -36.10 -17.32 -22 -39.06 -8.85 -25 -39.06 -8.85 -22 -36.10 -17.32 
 4 16 -22 -36.10 -17.32 -22 -35.16 -7.96 -22 -39.06 -8.85 -22 -32.50 -15.58 
 4 16 -22 -32.50 -15.58 -18 -35.16 -7.96 -22 -35.16 -7.96 -18 -32.50 -15.58 
 4 16 -18 -32.50 -15.58 -18 -47.84 -10.85 -18 -35.16 -7.96 -18 -44.21 -21.22 
 4 16 -18 -44.21 -21.22 -16 -49.79 -11.29 -18 -47.84 -10.85 -16 -46.01 -22.09 
 4 16 -16 -46.01 -22.09 16 -49.79 -11.29 -16 -49.79 -11.29 16 -46.01 -22.09 
 4 16 16 -46.01 -22.09 18 -47.84 -10.85 16 -49.79 -11.29 18 -44.21 -21.22 
 4 16 18 -44.21 -21.22 18 -35.16 -7.96 18 -47.84 -10.85 18 -32.50 -15.58 
 4 16 18 -32.50 -15.58 22 -35.16 -7.96 18 -35.16 -7.96 22 -32.50 -15.58 
 4 16 22 -32.50 -15.58 22 -39.06 -8.85 22 -35.16 -7.96 22 -36.10 -17.32 
 4 16 22 -36.10 -17.32 25 -39.06 -8.85 22 -39.06 -8.85 25 -36.10 -17.32 
 4 16 25 -36.10 -17.32 25 -49.79 -11.29 25 -39.06 -8.85 25 -46.01 -22.09 
 4 16 25 -46.01 -22.09 12 -53.69 -12.18 25 -49.79 -11.29 12 -49.61 -23.83 
 4 16 12 -49.61 -23.83 0 -53.69 -12.18 12 -53.69 -12.18 0 -49.61 -23.83 
 4 16 0 -49.61 -23.83 0 -59.54 -13.52 0 -53.69 -12.18 0 -55.02 -26.43 
 4 16 0 -55.02 -26.43 -12 -59.54 -13.52 0 -59.54 -13.52 -12 -55.02 -26.43 
 4 16 -12 -55.02 -26.43 -23 -55.64 -12.63 -12 -59.54 -13.52 -23 -51.42 -24.69 
 4 16 -23 -51.42 -24.69 -25 -49.79 -11.29 -23 -55.64 -12.63 -25 -46.01 -22.09 
 4 16 -25 -46.01 -22.09 -25 -39.06 -8.85 -25 -49.79 -11.29 -25 -36.10 -17.32 
 4 16 0 -49.61 -23.83 -12 -55.02 -26.43 0 -55.02 -26.43 -16 -46.01 -22.09 
 4 16 -16 -46.01 -22.09 -23 -51.42 -24.69 -12 -55.02 -26.43 -25 -46.01 -22.09 
 4 16 0 -53.69 -12.18 -12 -59.54 -13.52 0 -59.54 -13.52 -16 -49.79 -11.29 
 4 16 -16 -49.79 -11.29 -23 -55.64 -12.63 -12 -59.54 -13.52 -25 -49.79 -11.29 
0
0 3DSMAX Object: 1/28 Tire Section 02
0 Normal Edge Lines
 2 24 -25 -36.10 -17.32 -25 -39.06 -8.85 
 2 24 -22 -36.10 -17.32 -22 -39.06 -8.85 
 2 24 -22 -32.50 -15.58 -22 -35.16 -7.96 
 2 24 -18 -32.50 -15.58 -18 -35.16 -7.96 
 2 24 -18 -44.21 -21.22 -18 -47.84 -10.85 
 2 24 -16 -46.01 -22.09 -16 -49.79 -11.29 
 2 24 16 -46.01 -22.09 16 -49.79 -11.29 
 2 24 18 -44.21 -21.22 18 -47.84 -10.85 
 2 24 18 -32.50 -15.58 18 -35.16 -7.96 
 2 24 22 -32.50 -15.58 22 -35.16 -7.96 
 2 24 22 -36.10 -17.32 22 -39.06 -8.85 
 2 24 25 -36.10 -17.32 25 -39.06 -8.85 
 2 24 25 -46.01 -22.09 25 -49.79 -11.29 
 2 24 12 -53.69 -12.18 25 -49.79 -11.29 
 2 24 25 -46.01 -22.09 12 -49.61 -23.83 
 2 24 12 -49.61 -23.83 12 -53.69 -12.18 
 2 24 0 -53.69 -12.18 12 -53.69 -12.18 
 2 24 12 -49.61 -23.83 0 -49.61 -23.83 
 2 24 0 -49.61 -23.83 0 -53.69 -12.18 
 2 24 0 -59.54 -13.52 0 -53.69 -12.18 
 2 24 0 -49.61 -23.83 0 -55.02 -26.43 
 2 24 0 -55.02 -26.43 0 -59.54 -13.52 
 2 24 -12 -59.54 -13.52 0 -59.54 -13.52 
 2 24 0 -55.02 -26.43 -12 -55.02 -26.43 
 2 24 -12 -55.02 -26.43 -12 -59.54 -13.52 
 2 24 -23 -55.64 -12.63 -12 -59.54 -13.52 
 2 24 -12 -55.02 -26.43 -23 -51.42 -24.69 
 2 24 -23 -51.42 -24.69 -23 -55.64 -12.63 
 2 24 -25 -49.79 -11.29 -23 -55.64 -12.63 
 2 24 -23 -51.42 -24.69 -25 -46.01 -22.09 
 2 24 -25 -46.01 -22.09 -25 -49.79 -11.29 
0
0 3DSMAX Object: 1/28 Tire Section 03
0 Faces (Quads and Triangles)
 4 16 -25 -24.98 -31.26 -22 -31.33 -24.91 -25 -31.33 -24.91 -22 -24.98 -31.26 
 4 16 -22 -24.98 -31.26 -22 -28.20 -22.42 -22 -31.33 -24.91 -22 -22.49 -28.13 
 4 16 -22 -22.49 -28.13 -18 -28.20 -22.42 -22 -28.20 -22.42 -18 -22.49 -28.13 
 4 16 -18 -22.49 -28.13 -18 -38.36 -30.52 -18 -28.20 -22.42 -18 -30.59 -38.29 
 4 16 -18 -30.59 -38.29 -16 -39.93 -31.77 -18 -38.36 -30.52 -16 -31.84 -39.86 
 4 16 -16 -31.84 -39.86 16 -39.93 -31.77 -16 -39.93 -31.77 16 -31.84 -39.86 
 4 16 16 -31.84 -39.86 18 -38.36 -30.52 16 -39.93 -31.77 18 -30.59 -38.29 
 4 16 18 -30.59 -38.29 18 -28.20 -22.42 18 -38.36 -30.52 18 -22.49 -28.13 
 4 16 18 -22.49 -28.13 22 -28.20 -22.42 18 -28.20 -22.42 22 -22.49 -28.13 
 4 16 22 -22.49 -28.13 22 -31.33 -24.91 22 -28.20 -22.42 22 -24.98 -31.26 
 4 16 22 -24.98 -31.26 25 -31.33 -24.91 22 -31.33 -24.91 25 -24.98 -31.26 
 4 16 25 -24.98 -31.26 25 -39.93 -31.77 25 -31.33 -24.91 25 -31.84 -39.86 
 4 16 25 -31.84 -39.86 12 -43.05 -34.27 25 -39.93 -31.77 12 -34.34 -42.99 
 4 16 12 -34.34 -42.99 0 -43.05 -34.27 12 -43.05 -34.27 0 -34.34 -42.99 
 4 16 0 -34.34 -42.99 0 -47.75 -38.01 0 -43.05 -34.27 0 -38.08 -47.68 
 4 16 0 -38.08 -47.68 -12 -47.75 -38.01 0 -47.75 -38.01 -12 -38.08 -47.68 
 4 16 -12 -38.08 -47.68 -23 -44.62 -35.51 -12 -47.75 -38.01 -23 -35.58 -44.55 
 4 16 -23 -35.58 -44.55 -25 -39.93 -31.77 -23 -44.62 -35.51 -25 -31.84 -39.86 
 4 16 -25 -31.84 -39.86 -25 -31.33 -24.91 -25 -39.93 -31.77 -25 -24.98 -31.26 
 4 16 0 -34.34 -42.99 -12 -38.08 -47.68 0 -38.08 -47.68 -16 -31.84 -39.86 
 4 16 -16 -31.84 -39.86 -23 -35.58 -44.55 -12 -38.08 -47.68 -25 -31.84 -39.86 
 4 16 0 -43.05 -34.27 -12 -47.75 -38.01 0 -47.75 -38.01 -16 -39.93 -31.77 
 4 16 -16 -39.93 -31.77 -23 -44.62 -35.51 -12 -47.75 -38.01 -25 -39.93 -31.77 
0
0 3DSMAX Object: 1/28 Tire Section 03
0 Normal Edge Lines
 2 24 -25 -24.98 -31.26 -25 -31.33 -24.91 
 2 24 -22 -24.98 -31.26 -22 -31.33 -24.91 
 2 24 -22 -22.49 -28.13 -22 -28.20 -22.42 
 2 24 -18 -22.49 -28.13 -18 -28.20 -22.42 
 2 24 -18 -30.59 -38.29 -18 -38.36 -30.52 
 2 24 -16 -31.84 -39.86 -16 -39.93 -31.77 
 2 24 16 -31.84 -39.86 16 -39.93 -31.77 
 2 24 18 -30.59 -38.29 18 -38.36 -30.52 
 2 24 18 -22.49 -28.13 18 -28.20 -22.42 
 2 24 22 -22.49 -28.13 22 -28.20 -22.42 
 2 24 22 -24.98 -31.26 22 -31.33 -24.91 
 2 24 25 -24.98 -31.26 25 -31.33 -24.91 
 2 24 25 -31.84 -39.86 25 -39.93 -31.77 
 2 24 12 -43.05 -34.27 25 -39.93 -31.77 
 2 24 25 -31.84 -39.86 12 -34.34 -42.99 
 2 24 12 -34.34 -42.99 12 -43.05 -34.27 
 2 24 0 -43.05 -34.27 12 -43.05 -34.27 
 2 24 12 -34.34 -42.99 0 -34.34 -42.99 
 2 24 0 -34.34 -42.99 0 -43.05 -34.27 
 2 24 0 -47.75 -38.01 0 -43.05 -34.27 
 2 24 0 -34.34 -42.99 0 -38.08 -47.68 
 2 24 0 -38.08 -47.68 0 -47.75 -38.01 
 2 24 -12 -47.75 -38.01 0 -47.75 -38.01 
 2 24 0 -38.08 -47.68 -12 -38.08 -47.68 
 2 24 -12 -38.08 -47.68 -12 -47.75 -38.01 
 2 24 -23 -44.62 -35.51 -12 -47.75 -38.01 
 2 24 -12 -38.08 -47.68 -23 -35.58 -44.55 
 2 24 -23 -35.58 -44.55 -23 -44.62 -35.51 
 2 24 -25 -39.93 -31.77 -23 -44.62 -35.51 
 2 24 -23 -35.58 -44.55 -25 -31.84 -39.86 
 2 24 -25 -31.84 -39.86 -25 -39.93 -31.77 
0
0 3DSMAX Object: 1/28 Tire Section 04
0 Faces (Quads and Triangles)
 4 16 25 -36.10 -17.32 22 -31.33 -24.91 25 -31.33 -24.91 22 -36.10 -17.32 
 4 16 22 -36.10 -17.32 22 -28.20 -22.42 22 -31.33 -24.91 22 -32.50 -15.58 
 4 16 22 -32.50 -15.58 18 -28.20 -22.42 22 -28.20 -22.42 18 -32.50 -15.58 
 4 16 18 -32.50 -15.58 18 -38.36 -30.53 18 -28.20 -22.42 18 -44.21 -21.22 
 4 16 18 -44.21 -21.22 16 -39.93 -31.77 18 -38.36 -30.53 16 -46.01 -22.09 
 4 16 16 -46.01 -22.09 -16 -39.93 -31.77 16 -39.93 -31.77 -16 -46.01 -22.09 
 4 16 -16 -46.01 -22.09 -18 -38.36 -30.53 -16 -39.93 -31.77 -18 -44.21 -21.22 
 4 16 -18 -44.21 -21.22 -18 -28.20 -22.42 -18 -38.36 -30.53 -18 -32.50 -15.58 
 4 16 -18 -32.50 -15.58 -22 -28.20 -22.42 -18 -28.20 -22.42 -22 -32.50 -15.58 
 4 16 -22 -32.50 -15.58 -22 -31.33 -24.91 -22 -28.20 -22.42 -22 -36.10 -17.32 
 4 16 -22 -36.10 -17.32 -25 -31.33 -24.91 -22 -31.33 -24.91 -25 -36.10 -17.32 
 4 16 -25 -36.10 -17.32 -25 -39.93 -31.77 -25 -31.33 -24.91 -25 -46.01 -22.09 
 4 16 -25 -46.01 -22.09 -12 -43.05 -34.27 -25 -39.93 -31.77 -12 -49.61 -23.83 
 4 16 -12 -49.61 -23.83 0 -43.05 -34.27 -12 -43.05 -34.27 0 -49.61 -23.83 
 4 16 0 -49.61 -23.83 0 -47.74 -38.01 0 -43.05 -34.27 0 -55.02 -26.43 
 4 16 0 -55.02 -26.43 12 -47.74 -38.01 0 -47.74 -38.01 12 -55.02 -26.43 
 4 16 12 -55.02 -26.43 23 -44.62 -35.51 12 -47.74 -38.01 23 -51.42 -24.69 
 4 16 23 -51.42 -24.69 25 -39.93 -31.77 23 -44.62 -35.51 25 -46.01 -22.09 
 4 16 25 -46.01 -22.09 25 -31.33 -24.91 25 -39.93 -31.77 25 -36.10 -17.32 
 4 16 0 -49.61 -23.83 12 -55.02 -26.43 0 -55.02 -26.43 16 -46.01 -22.09 
 4 16 16 -46.01 -22.09 23 -51.42 -24.69 12 -55.02 -26.43 25 -46.01 -22.09 
 4 16 0 -43.05 -34.27 12 -47.74 -38.01 0 -47.74 -38.01 16 -39.93 -31.77 
 4 16 16 -39.93 -31.77 23 -44.62 -35.51 12 -47.74 -38.01 25 -39.93 -31.77 
0
0 3DSMAX Object: 1/28 Tire Section 04
0 Normal Edge Lines
 2 24 25 -36.10 -17.32 25 -31.33 -24.91 
 2 24 22 -36.10 -17.32 22 -31.33 -24.91 
 2 24 22 -32.50 -15.58 22 -28.20 -22.42 
 2 24 18 -32.50 -15.58 18 -28.20 -22.42 
 2 24 18 -44.21 -21.22 18 -38.36 -30.53 
 2 24 16 -46.01 -22.09 16 -39.93 -31.77 
 2 24 -16 -46.01 -22.09 -16 -39.93 -31.77 
 2 24 -18 -44.21 -21.22 -18 -38.36 -30.53 
 2 24 -18 -32.50 -15.58 -18 -28.20 -22.42 
 2 24 -22 -32.50 -15.58 -22 -28.20 -22.42 
 2 24 -22 -36.10 -17.32 -22 -31.33 -24.91 
 2 24 -25 -36.10 -17.32 -25 -31.33 -24.91 
 2 24 -25 -46.01 -22.09 -25 -39.93 -31.77 
 2 24 -12 -43.05 -34.27 -25 -39.93 -31.77 
 2 24 -25 -46.01 -22.09 -12 -49.61 -23.83 
 2 24 -12 -49.61 -23.83 -12 -43.05 -34.27 
 2 24 0 -43.05 -34.27 -12 -43.05 -34.27 
 2 24 -12 -49.61 -23.83 0 -49.61 -23.83 
 2 24 0 -49.61 -23.83 0 -43.05 -34.27 
 2 24 0 -47.74 -38.01 0 -43.05 -34.27 
 2 24 0 -49.61 -23.83 0 -55.02 -26.43 
 2 24 0 -55.02 -26.43 0 -47.74 -38.01 
 2 24 12 -47.74 -38.01 0 -47.74 -38.01 
 2 24 0 -55.02 -26.43 12 -55.02 -26.43 
 2 24 12 -55.02 -26.43 12 -47.74 -38.01 
 2 24 23 -44.62 -35.51 12 -47.74 -38.01 
 2 24 12 -55.02 -26.43 23 -51.42 -24.69 
 2 24 23 -51.42 -24.69 23 -44.62 -35.51 
 2 24 25 -39.93 -31.77 23 -44.62 -35.51 
 2 24 23 -51.42 -24.69 25 -46.01 -22.09 
 2 24 25 -46.01 -22.09 25 -39.93 -31.77 
0
0 3DSMAX Object: 1/28 Tire Section 05
0 Faces (Quads and Triangles)
 4 16 -25 -8.92 -39.00 -22 -17.39 -36.03 -25 -17.39 -36.03 -22 -8.92 -39.00 
 4 16 -22 -8.92 -39.00 -22 -15.65 -32.43 -22 -17.39 -36.03 -22 -8.03 -35.10 
 4 16 -22 -8.03 -35.10 -18 -15.65 -32.43 -22 -15.65 -32.43 -18 -8.03 -35.10 
 4 16 -18 -8.03 -35.10 -18 -21.29 -44.14 -18 -15.65 -32.43 -18 -10.92 -47.77 
 4 16 -18 -10.92 -47.77 -16 -22.16 -45.94 -18 -21.29 -44.14 -16 -11.36 -49.72 
 4 16 -16 -11.36 -49.72 16 -22.16 -45.94 -16 -22.16 -45.94 16 -11.36 -49.72 
 4 16 16 -11.36 -49.72 18 -21.29 -44.14 16 -22.16 -45.94 18 -10.92 -47.77 
 4 16 18 -10.92 -47.77 18 -15.65 -32.43 18 -21.29 -44.14 18 -8.03 -35.10 
 4 16 18 -8.03 -35.10 22 -15.65 -32.43 18 -15.65 -32.43 22 -8.03 -35.10 
 4 16 22 -8.03 -35.10 22 -17.39 -36.03 22 -15.65 -32.43 22 -8.92 -39.00 
 4 16 22 -8.92 -39.00 25 -17.39 -36.03 22 -17.39 -36.03 25 -8.92 -39.00 
 4 16 25 -8.92 -39.00 25 -22.16 -45.94 25 -17.39 -36.03 25 -11.36 -49.72 
 4 16 25 -11.36 -49.72 12 -23.89 -49.55 25 -22.16 -45.94 12 -12.25 -53.62 
 4 16 12 -12.25 -53.62 0 -23.89 -49.55 12 -23.89 -49.55 0 -12.25 -53.62 
 4 16 0 -12.25 -53.62 0 -26.50 -54.95 0 -23.89 -49.55 0 -13.59 -59.47 
 4 16 0 -13.59 -59.47 -12 -26.50 -54.95 0 -26.50 -54.95 -12 -13.59 -59.47 
 4 16 -12 -13.59 -59.47 -23 -24.76 -51.35 -12 -26.50 -54.95 -23 -12.70 -55.57 
 4 16 -23 -12.70 -55.57 -25 -22.16 -45.94 -23 -24.76 -51.35 -25 -11.36 -49.72 
 4 16 -25 -11.36 -49.72 -25 -17.39 -36.03 -25 -22.16 -45.94 -25 -8.92 -39.00 
 4 16 0 -12.25 -53.62 -12 -13.59 -59.47 0 -13.59 -59.47 -16 -11.36 -49.72 
 4 16 -16 -11.36 -49.72 -23 -12.70 -55.57 -12 -13.59 -59.47 -25 -11.36 -49.72 
 4 16 0 -23.89 -49.55 -12 -26.50 -54.95 0 -26.50 -54.95 -16 -22.16 -45.94 
 4 16 -16 -22.16 -45.94 -23 -24.76 -51.35 -12 -26.50 -54.95 -25 -22.16 -45.94 
0
0 3DSMAX Object: 1/28 Tire Section 05
0 Normal Edge Lines
 2 24 -25 -8.92 -39.00 -25 -17.39 -36.03 
 2 24 -22 -8.92 -39.00 -22 -17.39 -36.03 
 2 24 -22 -8.03 -35.10 -22 -15.65 -32.43 
 2 24 -18 -8.03 -35.10 -18 -15.65 -32.43 
 2 24 -18 -10.92 -47.77 -18 -21.29 -44.14 
 2 24 -16 -11.36 -49.72 -16 -22.16 -45.94 
 2 24 16 -11.36 -49.72 16 -22.16 -45.94 
 2 24 18 -10.92 -47.77 18 -21.29 -44.14 
 2 24 18 -8.03 -35.10 18 -15.65 -32.43 
 2 24 22 -8.03 -35.10 22 -15.65 -32.43 
 2 24 22 -8.92 -39.00 22 -17.39 -36.03 
 2 24 25 -8.92 -39.00 25 -17.39 -36.03 
 2 24 25 -11.36 -49.72 25 -22.16 -45.94 
 2 24 12 -23.89 -49.55 25 -22.16 -45.94 
 2 24 25 -11.36 -49.72 12 -12.25 -53.62 
 2 24 12 -12.25 -53.62 12 -23.89 -49.55 
 2 24 0 -23.89 -49.55 12 -23.89 -49.55 
 2 24 12 -12.25 -53.62 0 -12.25 -53.62 
 2 24 0 -12.25 -53.62 0 -23.89 -49.55 
 2 24 0 -26.50 -54.95 0 -23.89 -49.55 
 2 24 0 -12.25 -53.62 0 -13.59 -59.47 
 2 24 0 -13.59 -59.47 0 -26.50 -54.95 
 2 24 -12 -26.50 -54.95 0 -26.50 -54.95 
 2 24 0 -13.59 -59.47 -12 -13.59 -59.47 
 2 24 -12 -13.59 -59.47 -12 -26.50 -54.95 
 2 24 -23 -24.76 -51.35 -12 -26.50 -54.95 
 2 24 -12 -13.59 -59.47 -23 -12.70 -55.57 
 2 24 -23 -12.70 -55.57 -23 -24.76 -51.35 
 2 24 -25 -22.16 -45.94 -23 -24.76 -51.35 
 2 24 -23 -12.70 -55.57 -25 -11.36 -49.72 
 2 24 -25 -11.36 -49.72 -25 -22.16 -45.94 
0
0 3DSMAX Object: 1/28 Tire Section 06
0 Faces (Quads and Triangles)
 4 16 25 -24.98 -31.26 22 -17.39 -36.03 25 -17.39 -36.03 22 -24.98 -31.26 
 4 16 22 -24.98 -31.26 22 -15.65 -32.43 22 -17.39 -36.03 22 -22.49 -28.13 
 4 16 22 -22.49 -28.13 18 -15.65 -32.43 22 -15.65 -32.43 18 -22.49 -28.13 
 4 16 18 -22.49 -28.13 18 -21.29 -44.14 18 -15.65 -32.43 18 -30.59 -38.29 
 4 16 18 -30.59 -38.29 16 -22.16 -45.94 18 -21.29 -44.14 16 -31.84 -39.86 
 4 16 16 -31.84 -39.86 -16 -22.16 -45.94 16 -22.16 -45.94 -16 -31.84 -39.86 
 4 16 -16 -31.84 -39.86 -18 -21.29 -44.14 -16 -22.16 -45.94 -18 -30.59 -38.29 
 4 16 -18 -30.59 -38.29 -18 -15.65 -32.43 -18 -21.29 -44.14 -18 -22.49 -28.13 
 4 16 -18 -22.49 -28.13 -22 -15.65 -32.43 -18 -15.65 -32.43 -22 -22.49 -28.13 
 4 16 -22 -22.49 -28.13 -22 -17.39 -36.03 -22 -15.65 -32.43 -22 -24.98 -31.26 
 4 16 -22 -24.98 -31.26 -25 -17.39 -36.03 -22 -17.39 -36.03 -25 -24.98 -31.26 
 4 16 -25 -24.98 -31.26 -25 -22.16 -45.94 -25 -17.39 -36.03 -25 -31.84 -39.86 
 4 16 -25 -31.84 -39.86 -12 -23.89 -49.55 -25 -22.16 -45.94 -12 -34.34 -42.99 
 4 16 -12 -34.34 -42.99 0 -23.89 -49.55 -12 -23.89 -49.55 0 -34.34 -42.99 
 4 16 0 -34.34 -42.99 0 -26.50 -54.95 0 -23.89 -49.55 0 -38.08 -47.68 
 4 16 0 -38.08 -47.68 12 -26.50 -54.95 0 -26.50 -54.95 12 -38.08 -47.68 
 4 16 12 -38.08 -47.68 23 -24.76 -51.35 12 -26.50 -54.95 23 -35.58 -44.55 
 4 16 23 -35.58 -44.55 25 -22.16 -45.94 23 -24.76 -51.35 25 -31.84 -39.86 
 4 16 25 -31.84 -39.86 25 -17.39 -36.03 25 -22.16 -45.94 25 -24.98 -31.26 
 4 16 0 -34.34 -42.99 12 -38.08 -47.68 0 -38.08 -47.68 16 -31.84 -39.86 
 4 16 16 -31.84 -39.86 23 -35.58 -44.55 12 -38.08 -47.68 25 -31.84 -39.86 
 4 16 0 -23.89 -49.55 12 -26.50 -54.95 0 -26.50 -54.95 16 -22.16 -45.94 
 4 16 16 -22.16 -45.94 23 -24.76 -51.35 12 -26.50 -54.95 25 -22.16 -45.94 
0
0 3DSMAX Object: 1/28 Tire Section 06
0 Normal Edge Lines
 2 24 25 -24.98 -31.26 25 -17.39 -36.03 
 2 24 22 -24.98 -31.26 22 -17.39 -36.03 
 2 24 22 -22.49 -28.13 22 -15.65 -32.43 
 2 24 18 -22.49 -28.13 18 -15.65 -32.43 
 2 24 18 -30.59 -38.29 18 -21.29 -44.14 
 2 24 16 -31.84 -39.86 16 -22.16 -45.94 
 2 24 -16 -31.84 -39.86 -16 -22.16 -45.94 
 2 24 -18 -30.59 -38.29 -18 -21.29 -44.14 
 2 24 -18 -22.49 -28.13 -18 -15.65 -32.43 
 2 24 -22 -22.49 -28.13 -22 -15.65 -32.43 
 2 24 -22 -24.98 -31.26 -22 -17.39 -36.03 
 2 24 -25 -24.98 -31.26 -25 -17.39 -36.03 
 2 24 -25 -31.84 -39.86 -25 -22.16 -45.94 
 2 24 -12 -23.89 -49.55 -25 -22.16 -45.94 
 2 24 -25 -31.84 -39.86 -12 -34.34 -42.99 
 2 24 -12 -34.34 -42.99 -12 -23.89 -49.55 
 2 24 0 -23.89 -49.55 -12 -23.89 -49.55 
 2 24 -12 -34.34 -42.99 0 -34.34 -42.99 
 2 24 0 -34.34 -42.99 0 -23.89 -49.55 
 2 24 0 -26.50 -54.95 0 -23.89 -49.55 
 2 24 0 -34.34 -42.99 0 -38.08 -47.68 
 2 24 0 -38.08 -47.68 0 -26.50 -54.95 
 2 24 12 -26.50 -54.95 0 -26.50 -54.95 
 2 24 0 -38.08 -47.68 12 -38.08 -47.68 
 2 24 12 -38.08 -47.68 12 -26.50 -54.95 
 2 24 23 -24.76 -51.35 12 -26.50 -54.95 
 2 24 12 -38.08 -47.68 23 -35.58 -44.55 
 2 24 23 -35.58 -44.55 23 -24.76 -51.35 
 2 24 25 -22.16 -45.94 23 -24.76 -51.35 
 2 24 23 -35.58 -44.55 25 -31.84 -39.86 
 2 24 25 -31.84 -39.86 25 -22.16 -45.94 
0
0 3DSMAX Object: 1/28 Tire Section 07
0 Faces (Quads and Triangles)
 4 16 -25 8.91 -39.00 -22 -0.00 -40 -25 -0.00 -40 -22 8.91 -39.00 
 4 16 -22 8.91 -39.00 -22 -0.00 -36 -22 -0.00 -40 -22 8.02 -35.10 
 4 16 -22 8.02 -35.10 -18 -0.00 -36 -22 -0.00 -36 -18 8.02 -35.10 
 4 16 -18 8.02 -35.10 -18 -0.00 -49 -18 -0.00 -36 -18 10.92 -47.77 
 4 16 -18 10.92 -47.77 -16 -0.00 -51 -18 -0.00 -49 -16 11.36 -49.72 
 4 16 -16 11.36 -49.72 16 -0.00 -51 -16 -0.00 -51 16 11.36 -49.72 
 4 16 16 11.36 -49.72 18 -0.00 -49 16 -0.00 -51 18 10.92 -47.77 
 4 16 18 10.92 -47.77 18 -0.00 -36 18 -0.00 -49 18 8.02 -35.10 
 4 16 18 8.02 -35.10 22 -0.00 -36 18 -0.00 -36 22 8.02 -35.10 
 4 16 22 8.02 -35.10 22 -0.00 -40 22 -0.00 -36 22 8.91 -39.00 
 4 16 22 8.91 -39.00 25 -0.00 -40 22 -0.00 -40 25 8.91 -39.00 
 4 16 25 8.91 -39.00 25 -0.00 -51 25 -0.00 -40 25 11.36 -49.72 
 4 16 25 11.36 -49.72 12 -0.00 -55 25 -0.00 -51 12 12.25 -53.62 
 4 16 12 12.25 -53.62 0 -0.00 -55 12 -0.00 -55 0 12.25 -53.62 
 4 16 0 12.25 -53.62 0 -0.00 -61 0 -0.00 -55 0 13.59 -59.47 
 4 16 0 13.59 -59.47 -12 -0.00 -61 0 -0.00 -61 -12 13.59 -59.47 
 4 16 -12 13.59 -59.47 -23 -0.00 -57 -12 -0.00 -61 -23 12.70 -55.57 
 4 16 -23 12.70 -55.57 -25 -0.00 -51 -23 -0.00 -57 -25 11.36 -49.72 
 4 16 -25 11.36 -49.72 -25 -0.00 -40 -25 -0.00 -51 -25 8.91 -39.00 
 4 16 0 12.25 -53.62 -12 13.59 -59.47 0 13.59 -59.47 -16 11.36 -49.72 
 4 16 -16 11.36 -49.72 -23 12.70 -55.57 -12 13.59 -59.47 -25 11.36 -49.72 
 4 16 0 -0.00 -55 -12 -0.00 -61 0 -0.00 -61 -16 -0.00 -51 
 4 16 -16 -0.00 -51 -23 -0.00 -57 -12 -0.00 -61 -25 -0.00 -51 
0
0 3DSMAX Object: 1/28 Tire Section 07
0 Normal Edge Lines
 2 24 -25 8.91 -39.00 -25 -0.00 -40 
 2 24 -22 8.91 -39.00 -22 -0.00 -40 
 2 24 -22 8.02 -35.10 -22 -0.00 -36 
 2 24 -18 8.02 -35.10 -18 -0.00 -36 
 2 24 -18 10.92 -47.77 -18 -0.00 -49 
 2 24 -16 11.36 -49.72 -16 -0.00 -51 
 2 24 16 11.36 -49.72 16 -0.00 -51 
 2 24 18 10.92 -47.77 18 -0.00 -49 
 2 24 18 8.02 -35.10 18 -0.00 -36 
 2 24 22 8.02 -35.10 22 -0.00 -36 
 2 24 22 8.91 -39.00 22 -0.00 -40 
 2 24 25 8.91 -39.00 25 -0.00 -40 
 2 24 25 11.36 -49.72 25 -0.00 -51 
 2 24 12 -0.00 -55 25 -0.00 -51 
 2 24 25 11.36 -49.72 12 12.25 -53.62 
 2 24 12 12.25 -53.62 12 -0.00 -55 
 2 24 0 -0.00 -55 12 -0.00 -55 
 2 24 12 12.25 -53.62 0 12.25 -53.62 
 2 24 0 12.25 -53.62 0 -0.00 -55 
 2 24 0 -0.00 -61 0 -0.00 -55 
 2 24 0 12.25 -53.62 0 13.59 -59.47 
 2 24 0 13.59 -59.47 0 -0.00 -61 
 2 24 -12 -0.00 -61 0 -0.00 -61 
 2 24 0 13.59 -59.47 -12 13.59 -59.47 
 2 24 -12 13.59 -59.47 -12 -0.00 -61 
 2 24 -23 -0.00 -57 -12 -0.00 -61 
 2 24 -12 13.59 -59.47 -23 12.70 -55.57 
 2 24 -23 12.70 -55.57 -23 -0.00 -57 
 2 24 -25 -0.00 -51 -23 -0.00 -57 
 2 24 -23 12.70 -55.57 -25 11.36 -49.72 
 2 24 -25 11.36 -49.72 -25 -0.00 -51
0 
0 3DSMAX Object: 1/28 Tire Section 08
0 Faces (Quads and Triangles)
 4 16 25 -8.92 -39 22 0 -40 25 0 -40 22 -8.92 -39 
 4 16 22 -8.92 -39 22 0 -36 22 0 -40 22 -8.03 -35.10 
 4 16 22 -8.03 -35.10 18 0 -36 22 0 -36 18 -8.03 -35.10 
 4 16 18 -8.03 -35.10 18 0 -49 18 0 -36 18 -10.92 -47.77 
 4 16 18 -10.92 -47.77 16 0 -51 18 0 -49 16 -11.36 -49.72 
 4 16 16 -11.36 -49.72 -16 0 -51 16 0 -51 -16 -11.36 -49.72 
 4 16 -16 -11.36 -49.72 -18 0 -49 -16 0 -51 -18 -10.92 -47.77 
 4 16 -18 -10.92 -47.77 -18 0 -36 -18 0 -49 -18 -8.03 -35.10 
 4 16 -18 -8.03 -35.10 -22 0 -36 -18 0 -36 -22 -8.03 -35.10 
 4 16 -22 -8.03 -35.10 -22 0 -40 -22 0 -36 -22 -8.92 -39 
 4 16 -22 -8.92 -39 -25 0 -40 -22 0 -40 -25 -8.92 -39 
 4 16 -25 -8.92 -39 -25 0 -51 -25 0 -40 -25 -11.36 -49.72 
 4 16 -25 -11.36 -49.72 -12 0 -55 -25 0 -51 -12 -12.26 -53.62 
 4 16 -12 -12.26 -53.62 0 0 -55 -12 0 -55 0 -12.26 -53.62 
 4 16 0 -12.26 -53.62 0 0 -61 0 0 -55 0 -13.59 -59.47 
 4 16 0 -13.59 -59.47 12 0 -61 0 0 -61 12 -13.59 -59.47 
 4 16 12 -13.59 -59.47 23 0 -57 12 0 -61 23 -12.70 -55.57 
 4 16 23 -12.70 -55.57 25 0 -51 23 0 -57 25 -11.36 -49.72 
 4 16 25 -11.36 -49.72 25 0 -40 25 0 -51 25 -8.92 -39 
 4 16 0 -12.26 -53.62 12 -13.59 -59.47 0 -13.59 -59.47 16 -11.36 -49.72 
 4 16 16 -11.36 -49.72 23 -12.70 -55.57 12 -13.59 -59.47 25 -11.36 -49.72 
 4 16 0 0 -55 12 0 -61 0 0 -61 16 0 -51 
 4 16 16 0 -51 23 0 -57 12 0 -61 25 0 -51 
0
0 3DSMAX Object: 1/28 Tire Section 08
0 Normal Edge Lines
 2 24 25 -8.92 -39 25 0 -40 
 2 24 22 -8.92 -39 22 0 -40 
 2 24 22 -8.03 -35.10 22 0 -36 
 2 24 18 -8.03 -35.10 18 0 -36 
 2 24 18 -10.92 -47.77 18 0 -49 
 2 24 16 -11.36 -49.72 16 0 -51 
 2 24 -16 -11.36 -49.72 -16 0 -51 
 2 24 -18 -10.92 -47.77 -18 0 -49 
 2 24 -18 -8.03 -35.10 -18 0 -36 
 2 24 -22 -8.03 -35.10 -22 0 -36 
 2 24 -22 -8.92 -39 -22 0 -40 
 2 24 -25 -8.92 -39 -25 0 -40 
 2 24 -25 -11.36 -49.72 -25 0 -51 
 2 24 -12 0 -55 -25 0 -51 
 2 24 -25 -11.36 -49.72 -12 -12.26 -53.62 
 2 24 -12 -12.26 -53.62 -12 0 -55 
 2 24 0 0 -55 -12 0 -55 
 2 24 -12 -12.26 -53.62 0 -12.26 -53.62 
 2 24 0 -12.26 -53.62 0 0 -55 
 2 24 0 0 -61 0 0 -55 
 2 24 0 -12.26 -53.62 0 -13.59 -59.47 
 2 24 0 -13.59 -59.47 0 0 -61 
 2 24 12 0 -61 0 0 -61 
 2 24 0 -13.59 -59.47 12 -13.59 -59.47 
 2 24 12 -13.59 -59.47 12 0 -61 
 2 24 23 0 -57 12 0 -61 
 2 24 12 -13.59 -59.47 23 -12.70 -55.57 
 2 24 23 -12.70 -55.57 23 0 -57 
 2 24 25 0 -51 23 0 -57 
 2 24 23 -12.70 -55.57 25 -11.36 -49.72 
 2 24 25 -11.36 -49.72 25 0 -51 
0
0 3DSMAX Object: 1/28 Tire Section 09
0 Faces (Quads and Triangles)
 4 16 -25 24.98 -31.26 -22 17.38 -36.03 -25 17.38 -36.03 -22 24.98 -31.26 
 4 16 -22 24.98 -31.26 -22 15.65 -32.43 -22 17.38 -36.03 -22 22.49 -28.13 
 4 16 -22 22.49 -28.13 -18 15.65 -32.43 -22 15.65 -32.43 -18 22.49 -28.13 
 4 16 -18 22.49 -28.13 -18 21.29 -44.14 -18 15.65 -32.43 -18 30.59 -38.30 
 4 16 -18 30.59 -38.30 -16 22.16 -45.94 -18 21.29 -44.14 -16 31.84 -39.86 
 4 16 -16 31.84 -39.86 16 22.16 -45.94 -16 22.16 -45.94 16 31.84 -39.86 
 4 16 16 31.84 -39.86 18 21.29 -44.14 16 22.16 -45.94 18 30.59 -38.30 
 4 16 18 30.59 -38.30 18 15.65 -32.43 18 21.29 -44.14 18 22.49 -28.13 
 4 16 18 22.49 -28.13 22 15.65 -32.43 18 15.65 -32.43 22 22.49 -28.13 
 4 16 22 22.49 -28.13 22 17.38 -36.03 22 15.65 -32.43 22 24.98 -31.26 
 4 16 22 24.98 -31.26 25 17.38 -36.03 22 17.38 -36.03 25 24.98 -31.26 
 4 16 25 24.98 -31.26 25 22.16 -45.94 25 17.38 -36.03 25 31.84 -39.86 
 4 16 25 31.84 -39.86 12 23.89 -49.55 25 22.16 -45.94 12 34.33 -42.99 
 4 16 12 34.33 -42.99 0 23.89 -49.55 12 23.89 -49.55 0 34.33 -42.99 
 4 16 0 34.33 -42.99 0 26.49 -54.95 0 23.89 -49.55 0 38.07 -47.68 
 4 16 0 38.07 -47.68 -12 26.49 -54.95 0 26.49 -54.95 -12 38.07 -47.68 
 4 16 -12 38.07 -47.68 -23 24.76 -51.35 -12 26.49 -54.95 -23 35.58 -44.55 
 4 16 -23 35.58 -44.55 -25 22.16 -45.94 -23 24.76 -51.35 -25 31.84 -39.86 
 4 16 -25 31.84 -39.86 -25 17.38 -36.03 -25 22.16 -45.94 -25 24.98 -31.26 
 4 16 0 34.33 -42.99 -12 38.07 -47.68 0 38.07 -47.68 -16 31.84 -39.86 
 4 16 -16 31.84 -39.86 -23 35.58 -44.55 -12 38.07 -47.68 -25 31.84 -39.86 
 4 16 0 23.89 -49.55 -12 26.49 -54.95 0 26.49 -54.95 -16 22.16 -45.94 
 4 16 -16 22.16 -45.94 -23 24.76 -51.35 -12 26.49 -54.95 -25 22.16 -45.94 
0
0 3DSMAX Object: 1/28 Tire Section 09
0 Normal Edge Lines
 2 24 -25 24.98 -31.26 -25 17.38 -36.03 
 2 24 -22 24.98 -31.26 -22 17.38 -36.03 
 2 24 -22 22.49 -28.13 -22 15.65 -32.43 
 2 24 -18 22.49 -28.13 -18 15.65 -32.43 
 2 24 -18 30.59 -38.30 -18 21.29 -44.14 
 2 24 -16 31.84 -39.86 -16 22.16 -45.94 
 2 24 16 31.84 -39.86 16 22.16 -45.94 
 2 24 18 30.59 -38.30 18 21.29 -44.14 
 2 24 18 22.49 -28.13 18 15.65 -32.43 
 2 24 22 22.49 -28.13 22 15.65 -32.43 
 2 24 22 24.98 -31.26 22 17.38 -36.03 
 2 24 25 24.98 -31.26 25 17.38 -36.03 
 2 24 25 31.84 -39.86 25 22.16 -45.94 
 2 24 12 23.89 -49.55 25 22.16 -45.94 
 2 24 25 31.84 -39.86 12 34.33 -42.99 
 2 24 12 34.33 -42.99 12 23.89 -49.55 
 2 24 0 23.89 -49.55 12 23.89 -49.55 
 2 24 12 34.33 -42.99 0 34.33 -42.99 
 2 24 0 34.33 -42.99 0 23.89 -49.55 
 2 24 0 26.49 -54.95 0 23.89 -49.55 
 2 24 0 34.33 -42.99 0 38.07 -47.68 
 2 24 0 38.07 -47.68 0 26.49 -54.95 
 2 24 -12 26.49 -54.95 0 26.49 -54.95 
 2 24 0 38.07 -47.68 -12 38.07 -47.68 
 2 24 -12 38.07 -47.68 -12 26.49 -54.95 
 2 24 -23 24.76 -51.35 -12 26.49 -54.95 
 2 24 -12 38.07 -47.68 -23 35.58 -44.55 
 2 24 -23 35.58 -44.55 -23 24.76 -51.35 
 2 24 -25 22.16 -45.94 -23 24.76 -51.35 
 2 24 -23 35.58 -44.55 -25 31.84 -39.86 
 2 24 -25 31.84 -39.86 -25 22.16 -45.94 
0
0 3DSMAX Object: 1/28 Tire Section 10
0 Faces (Quads and Triangles)
 4 16 25 8.91 -39 22 17.39 -36.03 25 17.39 -36.03 22 8.91 -39 
 4 16 22 8.91 -39 22 15.65 -32.43 22 17.39 -36.03 22 8.02 -35.10 
 4 16 22 8.02 -35.10 18 15.65 -32.43 22 15.65 -32.43 18 8.02 -35.10 
 4 16 18 8.02 -35.10 18 21.29 -44.14 18 15.65 -32.43 18 10.92 -47.77 
 4 16 18 10.92 -47.77 16 22.16 -45.94 18 21.29 -44.14 16 11.36 -49.72 
 4 16 16 11.36 -49.72 -16 22.16 -45.94 16 22.16 -45.94 -16 11.36 -49.72 
 4 16 -16 11.36 -49.72 -18 21.29 -44.14 -16 22.16 -45.94 -18 10.92 -47.77 
 4 16 -18 10.92 -47.77 -18 15.65 -32.43 -18 21.29 -44.14 -18 8.02 -35.10 
 4 16 -18 8.02 -35.10 -22 15.65 -32.43 -18 15.65 -32.43 -22 8.02 -35.10 
 4 16 -22 8.02 -35.10 -22 17.39 -36.03 -22 15.65 -32.43 -22 8.91 -39 
 4 16 -22 8.91 -39 -25 17.39 -36.03 -22 17.39 -36.03 -25 8.91 -39 
 4 16 -25 8.91 -39 -25 22.16 -45.94 -25 17.39 -36.03 -25 11.36 -49.72 
 4 16 -25 11.36 -49.72 -12 23.89 -49.55 -25 22.16 -45.94 -12 12.25 -53.62 
 4 16 -12 12.25 -53.62 0 23.89 -49.55 -12 23.89 -49.55 0 12.25 -53.62 
 4 16 0 12.25 -53.62 0 26.50 -54.95 0 23.89 -49.55 0 13.59 -59.47 
 4 16 0 13.59 -59.47 12 26.50 -54.95 0 26.50 -54.95 12 13.59 -59.47 
 4 16 12 13.59 -59.47 23 24.76 -51.35 12 26.50 -54.95 23 12.70 -55.57 
 4 16 23 12.70 -55.57 25 22.16 -45.94 23 24.76 -51.35 25 11.36 -49.72 
 4 16 25 11.36 -49.72 25 17.39 -36.03 25 22.16 -45.94 25 8.91 -39 
 4 16 0 12.25 -53.62 12 13.59 -59.47 0 13.59 -59.47 16 11.36 -49.72 
 4 16 16 11.36 -49.72 23 12.70 -55.57 12 13.59 -59.47 25 11.36 -49.72 
 4 16 0 23.89 -49.55 12 26.50 -54.95 0 26.50 -54.95 16 22.16 -45.94 
 4 16 16 22.16 -45.94 23 24.76 -51.35 12 26.50 -54.95 25 22.16 -45.94 
0
0 3DSMAX Object: 1/28 Tire Section 10
0 Normal Edge Lines
 2 24 25 8.91 -39 25 17.39 -36.03 
 2 24 22 8.91 -39 22 17.39 -36.03 
 2 24 22 8.02 -35.10 22 15.65 -32.43 
 2 24 18 8.02 -35.10 18 15.65 -32.43 
 2 24 18 10.92 -47.77 18 21.29 -44.14 
 2 24 16 11.36 -49.72 16 22.16 -45.94 
 2 24 -16 11.36 -49.72 -16 22.16 -45.94 
 2 24 -18 10.92 -47.77 -18 21.29 -44.14 
 2 24 -18 8.02 -35.10 -18 15.65 -32.43 
 2 24 -22 8.02 -35.10 -22 15.65 -32.43 
 2 24 -22 8.91 -39 -22 17.39 -36.03 
 2 24 -25 8.91 -39 -25 17.39 -36.03 
 2 24 -25 11.36 -49.72 -25 22.16 -45.94 
 2 24 -12 23.89 -49.55 -25 22.16 -45.94 
 2 24 -25 11.36 -49.72 -12 12.25 -53.62 
 2 24 -12 12.25 -53.62 -12 23.89 -49.55 
 2 24 0 23.89 -49.55 -12 23.89 -49.55 
 2 24 -12 12.25 -53.62 0 12.25 -53.62 
 2 24 0 12.25 -53.62 0 23.89 -49.55 
 2 24 0 26.50 -54.95 0 23.89 -49.55 
 2 24 0 12.25 -53.62 0 13.59 -59.47 
 2 24 0 13.59 -59.47 0 26.50 -54.95 
 2 24 12 26.50 -54.95 0 26.50 -54.95 
 2 24 0 13.59 -59.47 12 13.59 -59.47 
 2 24 12 13.59 -59.47 12 26.50 -54.95 
 2 24 23 24.76 -51.35 12 26.50 -54.95 
 2 24 12 13.59 -59.47 23 12.70 -55.57 
 2 24 23 12.70 -55.57 23 24.76 -51.35 
 2 24 25 22.16 -45.94 23 24.76 -51.35 
 2 24 23 12.70 -55.57 25 11.36 -49.72 
 2 24 25 11.36 -49.72 25 22.16 -45.94 
0
0 3DSMAX Object: 1/28 Tire Section 11
0 Faces (Quads and Triangles)
 4 16 -25 36.10 -17.32 -22 31.33 -24.92 -25 31.33 -24.92 -22 36.10 -17.32 
 4 16 -22 36.10 -17.32 -22 28.20 -22.42 -22 31.33 -24.92 -22 32.50 -15.58 
 4 16 -22 32.50 -15.58 -18 28.20 -22.42 -22 28.20 -22.42 -18 32.50 -15.58 
 4 16 -18 32.50 -15.58 -18 38.36 -30.53 -18 28.20 -22.42 -18 44.21 -21.22 
 4 16 -18 44.21 -21.22 -16 39.92 -31.77 -18 38.36 -30.53 -16 46.01 -22.09 
 4 16 -16 46.01 -22.09 16 39.92 -31.77 -16 39.92 -31.77 16 46.01 -22.09 
 4 16 16 46.01 -22.09 18 38.36 -30.53 16 39.92 -31.77 18 44.21 -21.22 
 4 16 18 44.21 -21.22 18 28.20 -22.42 18 38.36 -30.53 18 32.50 -15.58 
 4 16 18 32.50 -15.58 22 28.20 -22.42 18 28.20 -22.42 22 32.50 -15.58 
 4 16 22 32.50 -15.58 22 31.33 -24.92 22 28.20 -22.42 22 36.10 -17.32 
 4 16 22 36.10 -17.32 25 31.33 -24.92 22 31.33 -24.92 25 36.10 -17.32 
 4 16 25 36.10 -17.32 25 39.92 -31.77 25 31.33 -24.92 25 46.01 -22.09 
 4 16 25 46.01 -22.09 12 43.05 -34.27 25 39.92 -31.77 12 49.61 -23.83 
 4 16 12 49.61 -23.83 0 43.05 -34.27 12 43.05 -34.27 0 49.61 -23.83 
 4 16 0 49.61 -23.83 0 47.74 -38.01 0 43.05 -34.27 0 55.02 -26.43 
 4 16 0 55.02 -26.43 -12 47.74 -38.01 0 47.74 -38.01 -12 55.02 -26.43 
 4 16 -12 55.02 -26.43 -23 44.62 -35.52 -12 47.74 -38.01 -23 51.42 -24.69 
 4 16 -23 51.42 -24.69 -25 39.92 -31.77 -23 44.62 -35.52 -25 46.01 -22.09 
 4 16 -25 46.01 -22.09 -25 31.33 -24.92 -25 39.92 -31.77 -25 36.10 -17.32 
 4 16 0 49.61 -23.83 -12 55.02 -26.43 0 55.02 -26.43 -16 46.01 -22.09 
 4 16 -16 46.01 -22.09 -23 51.42 -24.69 -12 55.02 -26.43 -25 46.01 -22.09 
 4 16 0 43.05 -34.27 -12 47.74 -38.01 0 47.74 -38.01 -16 39.92 -31.77 
 4 16 -16 39.92 -31.77 -23 44.62 -35.52 -12 47.74 -38.01 -25 39.92 -31.77 
0
0 3DSMAX Object: 1/28 Tire Section 11
0 Normal Edge Lines
 2 24 -25 36.10 -17.32 -25 31.33 -24.92 
 2 24 -22 36.10 -17.32 -22 31.33 -24.92 
 2 24 -22 32.50 -15.58 -22 28.20 -22.42 
 2 24 -18 32.50 -15.58 -18 28.20 -22.42 
 2 24 -18 44.21 -21.22 -18 38.36 -30.53 
 2 24 -16 46.01 -22.09 -16 39.92 -31.77 
 2 24 16 46.01 -22.09 16 39.92 -31.77 
 2 24 18 44.21 -21.22 18 38.36 -30.53 
 2 24 18 32.50 -15.58 18 28.20 -22.42 
 2 24 22 32.50 -15.58 22 28.20 -22.42 
 2 24 22 36.10 -17.32 22 31.33 -24.92 
 2 24 25 36.10 -17.32 25 31.33 -24.92 
 2 24 25 46.01 -22.09 25 39.92 -31.77 
 2 24 12 43.05 -34.27 25 39.92 -31.77 
 2 24 25 46.01 -22.09 12 49.61 -23.83 
 2 24 12 49.61 -23.83 12 43.05 -34.27 
 2 24 0 43.05 -34.27 12 43.05 -34.27 
 2 24 12 49.61 -23.83 0 49.61 -23.83 
 2 24 0 49.61 -23.83 0 43.05 -34.27 
 2 24 0 47.74 -38.01 0 43.05 -34.27 
 2 24 0 49.61 -23.83 0 55.02 -26.43 
 2 24 0 55.02 -26.43 0 47.74 -38.01 
 2 24 -12 47.74 -38.01 0 47.74 -38.01 
 2 24 0 55.02 -26.43 -12 55.02 -26.43 
 2 24 -12 55.02 -26.43 -12 47.74 -38.01 
 2 24 -23 44.62 -35.52 -12 47.74 -38.01 
 2 24 -12 55.02 -26.43 -23 51.42 -24.69 
 2 24 -23 51.42 -24.69 -23 44.62 -35.52 
 2 24 -23 51.42 -24.69 -25 46.01 -22.09 
 2 24 -25 39.92 -31.77 -23 44.62 -35.52 
 2 24 -25 46.01 -22.09 -25 39.92 -31.77 
0
0 3DSMAX Object: 1/28 Tire Section 12
0 Faces (Quads and Triangles)
 4 16 25 24.98 -31.26 22 31.33 -24.91 25 31.33 -24.91 22 24.98 -31.26 
 4 16 22 24.98 -31.26 22 28.20 -22.42 22 31.33 -24.91 22 22.49 -28.13 
 4 16 22 22.49 -28.13 18 28.20 -22.42 22 28.20 -22.42 18 22.49 -28.13 
 4 16 18 22.49 -28.13 18 38.36 -30.53 18 28.20 -22.42 18 30.59 -38.30 
 4 16 18 30.59 -38.30 16 39.93 -31.77 18 38.36 -30.53 16 31.84 -39.86 
 4 16 16 31.84 -39.86 -16 39.93 -31.77 16 39.93 -31.77 -16 31.84 -39.86 
 4 16 -16 31.84 -39.86 -18 38.36 -30.53 -16 39.93 -31.77 -18 30.59 -38.30 
 4 16 -18 30.59 -38.30 -18 28.20 -22.42 -18 38.36 -30.53 -18 22.49 -28.13 
 4 16 -18 22.49 -28.13 -22 28.20 -22.42 -18 28.20 -22.42 -22 22.49 -28.13 
 4 16 -22 22.49 -28.13 -22 31.33 -24.91 -22 28.20 -22.42 -22 24.98 -31.26 
 4 16 -22 24.98 -31.26 -25 31.33 -24.91 -22 31.33 -24.91 -25 24.98 -31.26 
 4 16 -25 24.98 -31.26 -25 39.93 -31.77 -25 31.33 -24.91 -25 31.84 -39.86 
 4 16 -25 31.84 -39.86 -12 43.05 -34.27 -25 39.93 -31.77 -12 34.33 -42.99 
 4 16 -12 34.33 -42.99 0 43.05 -34.27 -12 43.05 -34.27 0 34.33 -42.99 
 4 16 0 34.33 -42.99 0 47.74 -38.01 0 43.05 -34.27 0 38.07 -47.68 
 4 16 0 38.07 -47.68 12 47.74 -38.01 0 47.74 -38.01 12 38.07 -47.68 
 4 16 12 38.07 -47.68 23 44.62 -35.51 12 47.74 -38.01 23 35.58 -44.55 
 4 16 23 35.58 -44.55 25 39.93 -31.77 23 44.62 -35.51 25 31.84 -39.86 
 4 16 25 31.84 -39.86 25 31.33 -24.91 25 39.93 -31.77 25 24.98 -31.26 
 4 16 0 34.33 -42.99 12 38.07 -47.68 0 38.07 -47.68 16 31.84 -39.86 
 4 16 16 31.84 -39.86 23 35.58 -44.55 12 38.07 -47.68 25 31.84 -39.86 
 4 16 0 43.05 -34.27 12 47.74 -38.01 0 47.74 -38.01 16 39.93 -31.77 
 4 16 16 39.93 -31.77 23 44.62 -35.51 12 47.74 -38.01 25 39.93 -31.77 
0
0 3DSMAX Object: 1/28 Tire Section 12
0 Normal Edge Lines
 2 24 25 24.98 -31.26 25 31.33 -24.91 
 2 24 22 24.98 -31.26 22 31.33 -24.91 
 2 24 22 22.49 -28.13 22 28.20 -22.42 
 2 24 18 22.49 -28.13 18 28.20 -22.42 
 2 24 18 30.59 -38.30 18 38.36 -30.53 
 2 24 16 31.84 -39.86 16 39.93 -31.77 
 2 24 -16 31.84 -39.86 -16 39.93 -31.77 
 2 24 -18 30.59 -38.30 -18 38.36 -30.53 
 2 24 -18 22.49 -28.13 -18 28.20 -22.42 
 2 24 -22 22.49 -28.13 -22 28.20 -22.42 
 2 24 -22 24.98 -31.26 -22 31.33 -24.91 
 2 24 -25 24.98 -31.26 -25 31.33 -24.91 
 2 24 -25 31.84 -39.86 -25 39.93 -31.77 
 2 24 -12 43.05 -34.27 -25 39.93 -31.77 
 2 24 -25 31.84 -39.86 -12 34.33 -42.99 
 2 24 -12 34.33 -42.99 -12 43.05 -34.27 
 2 24 0 43.05 -34.27 -12 43.05 -34.27 
 2 24 -12 34.33 -42.99 0 34.33 -42.99 
 2 24 0 34.33 -42.99 0 43.05 -34.27 
 2 24 0 47.74 -38.01 0 43.05 -34.27 
 2 24 0 34.33 -42.99 0 38.07 -47.68 
 2 24 0 38.07 -47.68 0 47.74 -38.01 
 2 24 12 47.74 -38.01 0 47.74 -38.01 
 2 24 0 38.07 -47.68 12 38.07 -47.68 
 2 24 12 38.07 -47.68 12 47.74 -38.01 
 2 24 23 44.62 -35.51 12 47.74 -38.01 
 2 24 12 38.07 -47.68 23 35.58 -44.55 
 2 24 23 35.58 -44.55 23 44.62 -35.51 
 2 24 25 39.93 -31.77 23 44.62 -35.51 
 2 24 23 35.58 -44.55 25 31.84 -39.86 
 2 24 25 31.84 -39.86 25 39.93 -31.77 
0
0 3DSMAX Object: 1/28 Tire Section 13
0 Faces (Quads and Triangles)
 4 16 -25 40.07 0.07 -22 39.06 -8.85 -25 39.06 -8.85 -22 40.07 0.07 
 4 16 -22 40.07 0.07 -22 35.16 -7.96 -22 39.06 -8.85 -22 36.07 0.07 
 4 16 -22 36.07 0.07 -18 35.16 -7.96 -22 35.16 -7.96 -18 36.07 0.07 
 4 16 -18 36.07 0.07 -18 47.84 -10.85 -18 35.16 -7.96 -18 49.07 0.07 
 4 16 -18 49.07 0.07 -16 49.79 -11.30 -18 47.84 -10.85 -16 51.07 0.07 
 4 16 -16 51.07 0.07 16 49.79 -11.30 -16 49.79 -11.30 16 51.07 0.07 
 4 16 16 51.07 0.07 18 47.84 -10.85 16 49.79 -11.30 18 49.07 0.07 
 4 16 18 49.07 0.07 18 35.16 -7.96 18 47.84 -10.85 18 36.07 0.07 
 4 16 18 36.07 0.07 22 35.16 -7.96 18 35.16 -7.96 22 36.07 0.07 
 4 16 22 36.07 0.07 22 39.06 -8.85 22 35.16 -7.96 22 40.07 0.07 
 4 16 22 40.07 0.07 25 39.06 -8.85 22 39.06 -8.85 25 40.07 0.07 
 4 16 25 40.07 0.07 25 49.79 -11.30 25 39.06 -8.85 25 51.07 0.07 
 4 16 25 51.07 0.07 12 53.69 -12.19 25 49.79 -11.30 12 55.07 0.07 
 4 16 12 55.07 0.07 0 53.69 -12.19 12 53.69 -12.19 0 55.07 0.07 
 4 16 0 55.07 0.07 0 59.54 -13.52 0 53.69 -12.19 0 61.07 0.07 
 4 16 0 61.07 0.07 -12 59.54 -13.52 0 59.54 -13.52 -12 61.07 0.07 
 4 16 -12 61.07 0.07 -23 55.64 -12.63 -12 59.54 -13.52 -23 57.07 0.07 
 4 16 -23 57.07 0.07 -25 49.79 -11.30 -23 55.64 -12.63 -25 51.07 0.07 
 4 16 -25 51.07 0.07 -25 39.06 -8.85 -25 49.79 -11.30 -25 40.07 0.07 
 4 16 0 55.07 0.07 -12 61.07 0.07 0 61.07 0.07 -16 51.07 0.07 
 4 16 -16 51.07 0.07 -23 57.07 0.07 -12 61.07 0.07 -25 51.07 0.07 
 4 16 0 53.69 -12.19 -12 59.54 -13.52 0 59.54 -13.52 -16 49.79 -11.30 
 4 16 -16 49.79 -11.30 -23 55.64 -12.63 -12 59.54 -13.52 -25 49.79 -11.30 
0
0 3DSMAX Object: 1/28 Tire Section 13
0 Normal Edge Lines
 2 24 -25 40.07 0.07 -25 39.06 -8.85 
 2 24 -22 40.07 0.07 -22 39.06 -8.85 
 2 24 -22 36.07 0.07 -22 35.16 -7.96 
 2 24 -18 36.07 0.07 -18 35.16 -7.96 
 2 24 -18 49.07 0.07 -18 47.84 -10.85 
 2 24 -16 51.07 0.07 -16 49.79 -11.30 
 2 24 16 51.07 0.07 16 49.79 -11.30 
 2 24 18 49.07 0.07 18 47.84 -10.85 
 2 24 18 36.07 0.07 18 35.16 -7.96 
 2 24 22 36.07 0.07 22 35.16 -7.96 
 2 24 22 40.07 0.07 22 39.06 -8.85 
 2 24 25 40.07 0.07 25 39.06 -8.85 
 2 24 25 51.07 0.07 25 49.79 -11.30 
 2 24 12 53.69 -12.19 25 49.79 -11.30 
 2 24 25 51.07 0.07 12 55.07 0.07 
 2 24 12 55.07 0.07 12 53.69 -12.19 
 2 24 0 53.69 -12.19 12 53.69 -12.19 
 2 24 12 55.07 0.07 0 55.07 0.07 
 2 24 0 55.07 0.07 0 53.69 -12.19 
 2 24 0 59.54 -13.52 0 53.69 -12.19 
 2 24 0 55.07 0.07 0 61.07 0.07 
 2 24 0 61.07 0.07 0 59.54 -13.52 
 2 24 -12 59.54 -13.52 0 59.54 -13.52 
 2 24 0 61.07 0.07 -12 61.07 0.07 
 2 24 -12 61.07 0.07 -12 59.54 -13.52 
 2 24 -23 55.64 -12.63 -12 59.54 -13.52 
 2 24 -12 61.07 0.07 -23 57.07 0.07 
 2 24 -23 57.07 0.07 -23 55.64 -12.63 
 2 24 -25 49.79 -11.30 -23 55.64 -12.63 
 2 24 -23 57.07 0.07 -25 51.07 0.07 
 2 24 -25 51.07 0.07 -25 49.79 -11.30 
0
0 3DSMAX Object: 1/28 Tire Section 14
0 Faces (Quads and Triangles)
 4 16 25 36.10 -17.32 22 39.06 -8.85 25 39.06 -8.85 22 36.10 -17.32 
 4 16 22 36.10 -17.32 22 35.16 -7.96 22 39.06 -8.85 22 32.50 -15.58 
 4 16 22 32.50 -15.58 18 35.16 -7.96 22 35.16 -7.96 18 32.50 -15.58 
 4 16 18 32.50 -15.58 18 47.84 -10.85 18 35.16 -7.96 18 44.21 -21.22 
 4 16 18 44.21 -21.22 16 49.79 -11.30 18 47.84 -10.85 16 46.01 -22.09 
 4 16 16 46.01 -22.09 -16 49.79 -11.30 16 49.79 -11.30 -16 46.01 -22.09 
 4 16 -16 46.01 -22.09 -18 47.84 -10.85 -16 49.79 -11.30 -18 44.21 -21.22 
 4 16 -18 44.21 -21.22 -18 35.16 -7.96 -18 47.84 -10.85 -18 32.50 -15.58 
 4 16 -18 32.50 -15.58 -22 35.16 -7.96 -18 35.16 -7.96 -22 32.50 -15.58 
 4 16 -22 32.50 -15.58 -22 39.06 -8.85 -22 35.16 -7.96 -22 36.10 -17.32 
 4 16 -22 36.10 -17.32 -25 39.06 -8.85 -22 39.06 -8.85 -25 36.10 -17.32 
 4 16 -25 36.10 -17.32 -25 49.79 -11.30 -25 39.06 -8.85 -25 46.01 -22.09 
 4 16 -25 46.01 -22.09 -12 53.69 -12.19 -25 49.79 -11.30 -12 49.61 -23.83 
 4 16 -12 49.61 -23.83 0 53.69 -12.19 -12 53.69 -12.19 0 49.61 -23.83 
 4 16 0 49.61 -23.83 0 59.54 -13.52 0 53.69 -12.19 0 55.02 -26.43 
 4 16 0 55.02 -26.43 12 59.54 -13.52 0 59.54 -13.52 12 55.02 -26.43 
 4 16 12 55.02 -26.43 23 55.64 -12.63 12 59.54 -13.52 23 51.42 -24.69 
 4 16 23 51.42 -24.69 25 49.79 -11.30 23 55.64 -12.63 25 46.01 -22.09 
 4 16 25 46.01 -22.09 25 39.06 -8.85 25 49.79 -11.30 25 36.10 -17.32 
 4 16 0 49.61 -23.83 12 55.02 -26.43 0 55.02 -26.43 16 46.01 -22.09 
 4 16 16 46.01 -22.09 23 51.42 -24.69 12 55.02 -26.43 25 46.01 -22.09 
 4 16 0 53.69 -12.19 12 59.54 -13.52 0 59.54 -13.52 16 49.79 -11.30 
 4 16 16 49.79 -11.30 23 55.64 -12.63 12 59.54 -13.52 25 49.79 -11.30 
0
0 3DSMAX Object: 1/28 Tire Section 14
0 Normal Edge Lines
 2 24 25 36.10 -17.32 25 39.06 -8.85 
 2 24 22 36.10 -17.32 22 39.06 -8.85 
 2 24 22 32.50 -15.58 22 35.16 -7.96 
 2 24 18 32.50 -15.58 18 35.16 -7.96 
 2 24 18 44.21 -21.22 18 47.84 -10.85 
 2 24 16 46.01 -22.09 16 49.79 -11.30 
 2 24 -16 46.01 -22.09 -16 49.79 -11.30 
 2 24 -18 44.21 -21.22 -18 47.84 -10.85 
 2 24 -18 32.50 -15.58 -18 35.16 -7.96 
 2 24 -22 32.50 -15.58 -22 35.16 -7.96 
 2 24 -22 36.10 -17.32 -22 39.06 -8.85 
 2 24 -25 36.10 -17.32 -25 39.06 -8.85 
 2 24 -25 46.01 -22.09 -25 49.79 -11.30 
 2 24 -12 53.69 -12.19 -25 49.79 -11.30 
 2 24 -25 46.01 -22.09 -12 49.61 -23.83 
 2 24 -12 49.61 -23.83 -12 53.69 -12.19 
 2 24 0 53.69 -12.19 -12 53.69 -12.19 
 2 24 -12 49.61 -23.83 0 49.61 -23.83 
 2 24 0 49.61 -23.83 0 53.69 -12.19 
 2 24 0 59.54 -13.52 0 53.69 -12.19 
 2 24 0 49.61 -23.83 0 55.02 -26.43 
 2 24 0 55.02 -26.43 0 59.54 -13.52 
 2 24 12 59.54 -13.52 0 59.54 -13.52 
 2 24 0 55.02 -26.43 12 55.02 -26.43 
 2 24 12 55.02 -26.43 12 59.54 -13.52 
 2 24 23 55.64 -12.63 12 59.54 -13.52 
 2 24 12 55.02 -26.43 23 51.42 -24.69 
 2 24 23 51.42 -24.69 23 55.64 -12.63 
 2 24 25 49.79 -11.30 23 55.64 -12.63 
 2 24 23 51.42 -24.69 25 46.01 -22.09 
 2 24 25 46.01 -22.09 25 49.79 -11.30 
0