0 ~Wheel Rim  6.4 x 11 with 8 Y-Shaped Spokes - 1/2 Spoke
0 Name: s\93595s01.dat
0 Author: Philippe Hurbain [Philo]
0 !LDRAW_ORG Subpart UPDATE 2012-02
0 !LICENSE Redistributable under CCAL version 2.0 : see CAreadme.txt

0 BFC CERTIFY CCW

0 !HISTORY 2012-08-09 [PTadmin] Official Update 2012-02

4 16 3 -9.3 -8 2.6 -12.5 -8 1.4 -12.7 -8 2 -6.3 -8
3 16 1 -5.1 -8 0 -5 -8 1.913 -4.62 -8
3 16 1.6 -5.4 -8 1 -5.1 -8 1.913 -4.62 -8
4 16 2 -6.3 -8 1.6 -5.4 -8 1.913 -4.62 -8 3.553 -8.578 -8
3 16 3 -9.3 -8 2 -6.3 -8 3.553 -8.578 -8
4 16 0 -13.9 -8 0 -13 -8 1.4 -12.7 -8 2.6 -12.5 -8
4 16 5.319 -12.842 -8 0 -13.9 -8 2.6 -12.5 -8 4.975 -12.01 -8
2 24 3 -9.3 -8 2.6 -12.5 -8
2 24 1.4 -12.7 -8 2 -6.3 -8
2 24 0 -13 -8 1.4 -12.7 -8
2 24 2.6 -12.5 -8 4.975 -12.01 -8
2 24 1 -5.1 -8 0 -5 -8
2 24 1.6 -5.4 -8 1 -5.1 -8
2 24 2 -6.3 -8 1.6 -5.4 -8
2 24 3.553 -8.578 -8 3 -9.3 -8
2 24 3 -9.3 -5 2.6 -12.5 -5
2 24 1.4 -12.7 -5 2 -6.3 -5
2 24 0 -13 -5 1.4 -12.7 -5
2 24 2.6 -12.5 -5 4.975 -12.01 -5
2 24 1 -5.1 -5 0 -5 -5
2 24 1.6 -5.4 -5 1 -5.1 -5
2 24 2 -6.3 -5 1.6 -5.4 -5
2 24 3.553 -8.578 -5 3 -9.3 -5
4 16 1.4 -12.7 -5 2.6 -12.5 -5 3 -9.3 -5 2 -6.3 -5
3 16 1.913 -4.62 -5 0 -5 -5 1 -5.1 -5
3 16 1.913 -4.62 -5 1 -5.1 -5 1.6 -5.4 -5
4 16 1.913 -4.62 -5 1.6 -5.4 -5 2 -6.3 -5 3.553 -8.578 -5
3 16 3.553 -8.578 -5 2 -6.3 -5 3 -9.3 -5
4 16 1.4 -12.7 -5 0 -13 -5 0 -13.9 -5 2.6 -12.5 -5
4 16 2.6 -12.5 -5 0 -13.9 -5 5.319 -12.842 -5 4.975 -12.01 -5
4 16 2.6 -12.5 -5 4.975 -12.01 -5 4.975 -12.01 -8 2.6 -12.5 -8
4 16 3.553 -8.578 -5 3 -9.3 -5 3 -9.3 -8 3.553 -8.578 -8
4 16 3 -9.3 -5 2.6 -12.5 -5 2.6 -12.5 -8 3 -9.3 -8
4 16 2 -6.3 -5 1.6 -5.4 -5 1.6 -5.4 -8 2 -6.3 -8
4 16 1.6 -5.4 -5 1 -5.1 -5 1 -5.1 -8 1.6 -5.4 -8
4 16 1 -5.1 -5 0 -5 -5 0 -5 -8 1 -5.1 -8
4 16 0 -13 -5 1.4 -12.7 -5 1.4 -12.7 -8 0 -13 -8
4 16 1.4 -12.7 -5 2 -6.3 -5 2 -6.3 -8 1.4 -12.7 -8
5 24 4.975 -12.01 -8 4.975 -12.01 -5 7 -10.677 -8 2.6 -12.5 -8
5 24 3.553 -8.578 -8 3.553 -8.578 -5 3 -9.3 -8 4.455 -8.697 -8
5 24 3 -9.3 -8 3 -9.3 -5 2.6 -12.5 -8 3.553 -8.578 -8
2 24 2.6 -12.5 -8 2.6 -12.5 -5
5 24 1.6 -5.4 -8 1.6 -5.4 -5 1 -5.1 -8 2 -6.3 -8
5 24 1 -5.1 -8 1 -5.1 -5 0 -5 -8 1.6 -5.4 -8
5 24 0 -5 -8 0 -5 -5 -1 -5.1 -8 1 -5.1 -8
5 24 0 -13 -8 0 -13 -5 1.4 -12.7 -8 -1.4 -12.7 -8
2 24 1.4 -12.7 -8 1.4 -12.7 -5
5 24 2 -6.3 -8 2 -6.3 -5 1.4 -12.7 -8 1.6 -5.4 -8
