0 ~Minifig Torso with Brown Vest/Ascot/Belt - Gold
0 Name: s\973p3ba.dat
0 Author: Andy Westrate [westrate]
0 !LDRAW_ORG Subpart UPDATE 2002-05
0 !LICENSE Redistributable under CCAL version 2.0 : see CAreadme.txt

0 BFC CERTIFY CW

0 !HISTORY 2002-11-30 [PTadmin] Official Update 2002-05
0 !HISTORY 2007-09-13 [PTadmin] Header formatted for Contributor Agreement
0 !HISTORY 2008-07-01 [PTadmin] Official Update 2008-01

1 16 -9 25 -10 1 0 0 0 0 1 0 1 0 4-4disc.dat
1 16 -9 20 -10 1 0 0 0 0 1 0 1 0 4-4disc.dat
1 16 -9 16 -10 1 0 0 0 0 1 0 1 0 4-4disc.dat
4 16 -1.5 21 -10 -1.5 19.586 -10 0.586 17.5 -10 2 17.5 -10
4 16 -3 14.5 -10 -3 16 -10 -4.5 15.414 -10 -3.586 14.5 -10
4 16 -1.561 16.776 -10 -2.267 17.482 -10 -3 16 -10 -2.3 16 -10
3 16 -3 16 -10 -2.267 17.482 -10 -4.5 15.414 -10
3 16 -5.086 16 -10 -4.5 14.5 -10 -3.586 14.5 -10
4 16 -4.5 14.5 -10 -5.086 16 -10 -6.5 16 -10 -4.5 14 -10
4 16 -6.5 16 -10 -5.086 16 -10 -1.5 19.586 -10 -1.5 21 -10
4 16 2 17.5 -10 0.586 17.5 -10 -0.914 16 -10 0.5 16 -10
2 16 -5.793 16 -10 -4.293 14.5 -10
2 16 -5.793 16 -10 -1.5 20.293 -10
2 16 -1.5 20.293 -10 1.293 17.5 -10
2 16 1.293 17.5 -10 -0.207 16 -10
2 16 -4.3 14.75 -10 -1.914 17.129 -10
4 16 -5 28 -10 -6 27 -10 6 27 -10 5 28 -10
4 16 5 28 -10 6 27 -10 6 32 -10 5 31 -10
4 16 5 31 -10 6 32 -10 -6 32 -10 -5 31 -10
4 16 -5 31 -10 -6 32 -10 -6 27 -10 -5 28 -10
4 16 0 29 -10 5 29 -10 5 30 -10 0 30 -10
2 16 -5.5 27.5 -10 5.5 27.5 -10
2 16 5.5 27.5 -10 5.5 31.5 -10
2 16 5.5 31.5 -10 -5.5 31.5 -10
2 16 -5.5 31.5 -10 -5.5 27.5 -10
2 16 0 29.5 -10 5.5 29.5 -10
0
