0 ~Minifig Torso with Brown Vest/Ascot/Belt - Brown
0 Name: s\973p3bb.dat
0 Author: Andy Westrate [westrate]
0 !LDRAW_ORG Subpart UPDATE 2002-05
0 !LICENSE Redistributable under CCAL version 2.0 : see CAreadme.txt

0 BFC CERTIFY CW

0 !HISTORY 2002-11-30 [PTadmin] Official Update 2002-05
0 !HISTORY 2007-09-13 [PTadmin] Header formatted for Contributor Agreement
0 !HISTORY 2008-07-01 [PTadmin] Official Update 2008-01

1 16 -9 20 -10 1 0 0 0 0 1 0 1 0 4-4ndis.dat
1 16 -9 16 -10 1 0 0 0 0 1 0 1 0 4-4ndis.dat
1 16 -9 25 -10 1 0 0 0 0 1 0 1 0 4-4ndis.dat
4 16 7.5 0 -10 12 0 -10 11 7 -10 7.5 15.75 -10
4 16 7.5 23 -10 10 20.25 -10 18.48 26 -10 13 25 -10
4 16 -10 27 -10 -10 26 -10 -8 26 -10 -7.5 27 -10
4 16 -10 24 -10 -10 21 -10 -8 21 -10 -8 24 -10
4 16 8 19.75 -10 8 16.25 -10 10 16.25 -10 10 19.75 -10
4 16 -8 26 -10 -8 15 -10 -7.5 14.5 -10 -7.5 27 -10
3 16 -7.5 14.5 -10 -8 15 -10 -9.5 11.5 -10
4 16 7.5 15.75 -10 8 15.75 -10 8 20.25 -10 7.5 23 -10
3 16 -12 0 -10 -13 3 -10 -14.345 2 -10
3 16 -12 0 -10 -11.25 7 -10 -13 3 -10
3 16 14.345 2 -10 13 3 -10 12 0 -10
3 16 13 3 -10 11 7 -10 12 0 -10
4 16 -18.66 27 -10 -16.84 16.5 -10 -14 15.5 -10 -10 27 -10
4 16 -14 15.5 -10 -11.5 12 -10 -10 15 -10 -10 27 -10
4 16 -10 15 -10 -11.5 12 -10 -9.5 11.5 -10 -8 15 -10
4 16 14 15.5 -10 16.84 16.5 -10 18.48 26 -10 10 20.25 -10
3 16 10 20.25 -10 7.5 23 -10 8 20.25 -10
4 16 10 15.75 -10 11.5 12 -10 14 15.5 -10 10 20.25 -10
4 16 11 9 -10 11.5 12 -10 10 15.75 -10 7.5 15.75 -10
4 16 -10 19 -10 -10 17 -10 -8 17 -10 -8 19 -10
3 16 11 7 -10 11 9 -10 7.5 15.75 -10
3 16 -9.5 11.5 -10 -11 9 -10 -11.25 7 -10
3 16 -11.5 12 -10 -11 9 -10 -9.5 11.5 -10
0
