0 ~Minifig Torso with Stormtrooper Pattern - Medium gray
0 Name: s\973pskb.dat
0 Author: Thomas Burger [grapeape]
0 !LDRAW_ORG Subpart UPDATE 2002-04
0 !LICENSE Redistributable under CCAL version 2.0 : see CAreadme.txt

0 !HISTORY 2002-08-18 [PTadmin] Official Update 2002-04
0 !HISTORY 2007-09-14 [PTadmin] Header formatted for Contributor Agreement
0 !HISTORY 2008-07-01 [PTadmin] Official Update 2008-01

 4 16 16.9 28.8 -10 16.9 32 -10 16.2 32 -10 16.2 28.8 -10
 4 16 16.2 28.8 -10 16.2 28.2 -10 16.9 28.2 -10 16.9 28.8 -10
 4 16 16.9 28.8 -10 17.8 28.8 -10 17.8 28.2 -10 16.9 28.2 -10
 4 16 16.9 28.2 -10 17 27.2 -10 16.2 27.2 -10 16.2 28.2 -10
 3 16 16.2 27.2 -10 17 27.2 -10 16.8 26.8 -10
 3 16 16.2 27.2 -10 16.2 26.7 -10 16.8 26.8 -10
 4 16 16.2 27.2 -10 13.8 27.2 -10 13.8 26.7 -10 16.2 26.7 -10
 4 16 13.8 27.2 -10 13.8 32 -10 13.1 32 -10 13.1 27.4 -10
 4 16 13.1 27.4 -10 13.1 26.9 -10 13.8 26.7 -10 13.8 27.2 -10
 4 16 13.1 27.4 -10 12 27.8 -10 12 27.3 -10 13.1 26.9 -10
 3 16 12 27.8 -10 11.5 27.8 -10 11.6 27.5 -10
 3 16 12 27.8 -10 12 27.3 -10 11.6 27.5 -10
 3 16 12 27.8 -10 12 28.1 -10 11.5 28.1 -10
 3 16 11.5 27.8 -10 11.5 28.1 -10 12 27.8 -10
 4 16 12 28.1 -10 12 28.7 -10 11.5 28.7 -10 11.5 28.1 -10
 4 16 12 28.7 -10 12 32 -10 11.4 32 -10 11.5 28.7 -10
 3 16 11.5 28.7 -10 11.4 28.7 -10 11.4 32 -10
 4 16 11.4 28.7 -10 11.5 28.7 -10 11.5 28.1 -10 11.4 28.1 -10
 4 16 11.4 28.1 -10 9 28.1 -10 9 28.7 -10 11.4 28.7 -10
 4 16 9 28.7 -10 8.3 28.7 -10 8.3 28.1 -10 9 28.1 -10
 4 16 9 28.7 -10 8.9 31.9 -10 8.3 31.9 -10 8.3 28.7 -10
 3 16 9 28.7 -10 9 31.9 -10 8.9 31.9 -10
 3 16 8.3 31.9 -10 8.3 32 -10 9 32 -10
 3 16 8.3 31.9 -10 9 31.9 -10 9 32 -10
 4 16 8.3 28.1 -10 8.3 27.2 -10 9 27.2 -10 9 28.1 -10
 3 16 9 27.2 -10 8.9 26.8 -10 8.3 27.2 -10
 3 16 8.3 27.2 -10 8.6 26.6 -10 8.9 26.8 -10
 3 16 8.3 27.2 -10 8.3 26.6 -10 8.7 26.6 -10
 3 16 8.3 26.6 -10 5.8 26.6 -10 5.8 27.1 -10
 3 16 8.3 26.6 -10 8.3 27.2 -10 5.8 27.1 -10
 4 16 5.8 27.1 -10 5.2 27.4 -10 5.2 32 -10 5.8 32 -10
 4 16 5.2 27.4 -10 4.6 27.1 -10 5.8 26.6 -10 5.8 27.1 -10
 3 16 5.8 26.6 -10 5.3 26.6 -10 4.6 27.1 -10
 3 16 5.2 27.4 -10 4.4 27.4 -10 4.6 27.1 -10
 3 16 5.2 27.4 -10 4.8 27.5 -10 4.4 27.4 -10
 4 16 4.4 27.4 -10 4.4 27.8 -10 4.8 27.8 -10 4.8 27.5 -10
 4 16 4.8 27.8 -10 4.8 32 -10 4.4 32 -10 4.4 28.5 -10
 3 16 4.8 27.8 -10 4.4 28.5 -10 4.4 27.8 -10
 4 16 4.4 27.8 -10 2 27.9 -10 2 28.5 -10 4.4 28.5 -10
 3 16 4.4 27.8 -10 2 27.9 -10 2 27.8 -10
 3 16 2 27.8 -10 1.4 27.8 -10 1.4 28.5 -10
 3 16 2 28.5 -10 1.4 28.6 -10 2 27.8 -10
 3 16 1.4 28.6 -10 2 27.8 -10 1.4 28.5 -10
 4 16 1.4 28.6 -10 1.4 32 -10 2 32 -10 2 28.5 -10
 4 16 1.4 27.8 -10 1.4 27 -10 2 26.5 -10 2 27.8 -10
 4 16 1.4 27 -10 -1 27 -10 -1.6 26.5 -10 2 26.5 -10
 4 16 -1 27 -10 -1 27.8 -10 -1.6 27.8 -10 -1.6 26.5 -10
 4 16 -1.6 27.8 -10 -1 27.8 -10 -1 28.5 -10 -1.6 28.5 -10
 4 16 -1.6 28.5 -10 -1.6 32 -10 -1 32 -10 -1 28.5 -10
 4 16 -1.6 28.5 -10 -1.6 27.8 -10 -4.1 27.8 -10 -4.1 28.5 -10
 4 16 -4.1 28.5 -10 -4.6 28.5 -10 -4.6 32 -10 -4.1 32 -10
 4 16 -4.6 28.5 -10 -4.6 27.8 -10 -4.1 27.8 -10 -4.1 28.5 -10
 4 16 -4.6 27.8 -10 -4.6 27.4 -10 -4.1 27.1 -10 -4.1 27.8 -10
 4 16 -4.6 27.4 -10 -4.9 27.3 -10 -5.1 26.5 -10 -4.1 27.1 -10
 3 16 -4.9 27.3 -10 -5.4 27 -10 -5.1 26.5 -10
 4 16 -4.9 27.3 -10 -4.9 32 -10 -5.4 32 -10 -5.4 27 -10
 4 16 -5.4 27 -10 -8 26.9 -10 -8 26.4 -10 -5.1 26.5 -10
 3 16 -8 26.9 -10 -8.4 26.6 -10 -8 26.4 -10
 3 16 -8 26.9 -10 -8.5 26.9 -10 -8.4 26.6 -10
 3 16 -8 26.9 -10 -8 27.8 -10 -8.5 27.8 -10
 3 16 -8.5 26.9 -10 -8 26.9 -10 -8.5 27.8 -10
 4 16 -8 27.8 -10 -8 28.5 -10 -8.5 28.5 -10 -8.5 27.8 -10
 4 16 -8 28.5 -10 -8 32 -10 -8.5 32 -10 -8.5 28.5 -10
 4 16 -8.5 28.5 -10 -11.1 28.5 -10 -11.1 27.8 -10 -8.5 27.8 -10
 4 16 -11 27.8 -10 -11 27.2 -10 -11.7 27.6 -10 -11.7 27.8 -10
 4 16 -11.7 27.8 -10 -11.7 28.5 -10 -11.1 28.5 -10 -11.1 27.8 -10
 4 16 -11.7 28.5 -10 -11.7 32 -10 -11.1 32 -10 -11.1 28.5 -10
 3 16 -11.7 27.6 -10 -12.8 27.1 -10 -11 27.2 -10
 3 16 -11 27.2 -10 -11.7 26.9 -10 -12.8 27.1 -10
 3 16 -12.8 27.1 -10 -12.3 26.7 -10 -11.7 26.9 -10
 3 16 -12.8 27.1 -10 -12.8 26.5 -10 -12.3 26.7 -10
 3 16 -12.8 27.1 -10 -13.4 27 -10 -13.4 26.5 -10
 3 16 -12.8 26.5 -10 -13.4 26.5 -10 -12.8 27.1 -10
 4 16 -12.8 27.1 -10 -12.8 32 -10 -13.4 32 -10 -13.4 27 -10
 4 16 -13.4 27 -10 -15.9 27 -10 -15.9 26.5 -10 -13.4 26.5 -10
 3 16 -15.9 27 -10 -16.4 26.6 -10 -15.9 26.5 -10
 3 16 -15.9 27 -10 -16.5 27 -10 -16.4 26.6 -10
 4 16 -15.9 27 -10 -15.9 27.8 -10 -16.5 27.8 -10 -16.5 27 -10
 4 16 -16.5 27.8 -10 -16.5 28.4 -10 -15.9 28.4 -10 -15.9 27.8 -10
 4 16 -15.9 28.4 -10 -15.9 32 -10 -16.5 32 -10 -16.5 28.4 -10
 4 16 -16.5 28.4 -10 -17.5 28.4 -10 -17.5 27.8 -10 -16.5 27.8 -10
 3 16 -5.1 26.5 -10 -4.5 26.8 -10 -4.1 27.1 -10
 3 16 13.8 26.7 -10 13.1 26.7 -10 13.1 26.9 -10
 3 16 13.1 26.7 -10 12.8 26.8 -10 13.1 26.9 -10
 3 16 12.8 26.8 -10 12.2 27.2 -10 13.1 26.9 -10
 3 16 13.1 26.9 -10 12.2 27.2 -10 12 27.3 -10
 3 16 -8 26.4 -10 -6.3 26.4 -10 -5.1 26.5 -10
0
 4 16 11 26.1 10 10.6 26.7 10 10.6 27.4 10 11.3 27.5 10
 4 16 11.3 27.5 10 11.3 28.1 10 10.6 28.1 10 10.6 27.4 10
 4 16 10.6 28.1 10 10.5 31.2 10 11.1 30.9 10 11.3 28.1 10
 4 16 11.3 28.1 10 17.7 28.1 10 17.7 27.6 10 11.3 27.5 10
 3 16 11.1 30.9 10 10.8 32 10 10.5 31.2 10
 4 16 10.5 31.2 10 8.3 31.2 10 8.3 32 10 10.8 32 10
 4 16 8.3 31.2 10 8.4 29.4 10 7.3 29.4 10 7.3 31.2 10
 4 16 7.3 31.2 10 7.3 32 10 8.3 32 10 8.3 31.2 10
 4 16 7.3 32 10 0 32 10 0 31.2 10 7.3 31.2 10
 4 16 10.6 28.1 10 9.7 28.1 10 10 27.5 10 10.6 27.4 10
 4 16 10.6 26.7 10 8.4 26.7 10 8.4 26.1 10 11 26.1 10
 4 16 8.4 26.1 10 7.8 26.1 10 7.3 26.7 10 8.4 26.7 10
 4 16 8.4 26.7 10 8.3 28.5 10 7.3 28.5 10 7.3 26.7 10
 4 16 7.3 26.7 10 6.9 26.7 10 7.2 26.1 10 7.8 26.1 10
 4 16 6.9 26.7 10 0 26.7 10 0 26.1 10 7.2 26.1 10
 3 16 0 31.2 10 -6.6 31.2 10 -6.6 32 10
 3 16 0 31.2 10 0 32 10 -6.6 32 10
 4 16 -6.6 31.2 10 -7.5 31.2 10 -7.5 29.5 10 -6.6 29.5 10
 4 16 -6.6 31.2 10 -7.5 31.2 10 -7.5 32 10 -6.6 32 10
 4 16 -7.5 32 10 -10.2 32 10 -9.8 31.2 10 -7.5 31.2 10
 4 16 -10.2 32 10 -10.6 31.2 10 -10.5 30.6 10 -9.8 31.2 10
 4 16 -9.8 31.2 10 -9.8 28.1 10 -10.4 28.1 10 -10.5 30.6 10
 4 16 -9.8 28.1 10 -9.8 27.5 10 -10.4 27.4 10 -10.4 28.1 10
 4 16 -9.8 27.5 10 -9.8 26.8 10 -10.5 26.4 10 -10.4 27.4 10
 4 16 -9.8 26.8 10 -10.1 26.1 10 -7.7 26.1 10 -7.5 26.8 10
 4 16 -7.5 26.8 10 -6.6 26.8 10 -7 26.1 10 -7.7 26.1 10
 4 16 -7.5 26.8 10 -7.5 28.6 10 -6.7 28.6 10 -6.6 26.8 10
 4 16 -6.6 26.8 10 0 26.7 10 0 26.1 10 -7 26.1 10
 3 16 -10.1 26.1 10 -10.5 26.4 10 -9.8 26.8 10
 4 16 -10.4 28.1 10 -16.9 28.1 10 -16.9 27.4 10 -10.4 27.4 10
0
