0 ~Minifig Torso with Pirate Captain Pattern - Belt
0 Name: s\973p36a.dat
0 Author: Chris Dee [cwdee]
0 !LDRAW_ORG Subpart UPDATE 2002-02
0 !LICENSE Redistributable under CCAL version 2.0 : see CAreadme.txt

0 !HISTORY 2000-09-30 [PTadmin] Official Update 2000-02
0 !HISTORY 2002-02-22 [unknown] Closed small gaps in front part
0 !HISTORY 2002-04-25 [PTadmin] Official Update 2002-02
0 !HISTORY 2007-09-13 [PTadmin] Header formatted for Contributor Agreement
0 !HISTORY 2008-07-01 [PTadmin] Official Update 2008-01

4 16 -8 0 -10 -11.5 0 -10 -10 7 -10 -6 6.5 -10
3 16 -6 6.5 -10 -10 7 -10 -6 15 -10
4 16 -6 15.5 -10 -6 13 -10 -4.5 13 -10 -4.5 14 -10
4 16 -1.5 19.586 -10 -0.83 18.92 -10 -2.267 17.482 -10 -5.086 16 -10
4 16 0.586 17.5 -10 -0.175 18.265 -10 -1.561 16.776 -10 -0.914 16 -10
4 16 -5.086 16 -10 -3 16 -10 -3 14.5 -10 -3.586 14.5 -10
4 16 -5.086 16 -10 -2.267 17.482 -10 -1.561 16.776 -10 -0.914 16 -10
3 16 19 29 -10 19 30 -10 12 28.5 -10
4 16 19 29 -10 12 28.5 -10 13 25 -10 18.483 26 -10
4 16 12 28.5 -10 6 26 -10 8 23 -10 13 25 -10
3 16 8 23 -10 6.75 21.854 -10 6.75 24.25 -10
3 16 8 23 -10 6.75 24.25 -10 6 26 -10
3 16 6.75 24.25 -10 6 26 -10 4.2 24.488 -10
3 16 2 17.5 -10 6 21.167 -10 6 23.5 -10
3 16 2 17.5 -10 6 23.5 -10 -0.793 20.293 -10
3 16 -0.793 20.293 -10 6 23.5 -10 3.5 23.9 -10
4 16 19 31 -10 19 32 -10 12 32 -10 12 29.5 -10
4 16 12 29.5 -10 12 32 -10 6 32 -10 6 27 -10
4 16 1 28 -10 5 28 -10 5 29 -10 1 29 -10
4 16 1 30 -10 5 30 -10 5 31 -10 1 31 -10
4 16 -5 28 -10 1 28 -10 1 31 -10 -5 31 -10
4 16 -9 27 -10 -6 27 -10 -6 32 -10 -9 32 -10
4 16 -12 27 -10 -10 27 -10 -10 32 -10 -12 32 -10
4 16 -15.5 27 -10 -13 27 -10 -13 32 -10 -15.5 32 -10
3 16 -15.5 27 -10 -17 29.5 -10 -15.5 32 -10
4 16 -18.655 27 -10 -16.5 27 -10 -18 29.5 -10 -19 30 -10
4 16 -19 30 -10 -18 29.5 -10 -16.5 32 -10 -19 32 -10
1 16 11.5 9 -10 1 0 0 0 0 1 0 1 0 4-4disc.dat
1 16 11.5 17 -10 1 0 0 0 0 1 0 1 0 4-4disc.dat
1 16 -11.5 9 -10 1 0 0 0 0 1 0 1 0 4-4disc.dat
1 16 -11.5 17 -10 1 0 0 0 0 1 0 1 0 4-4disc.dat
1 16 -11.5 25 -10 1 0 0 0 0 1 0 1 0 4-4disc.dat
0
