0 ~Minifig Torso with Pharaoh Breastplate - Gold Detail
0 Name: s\973pa2a.dat
0 Author: Franklin W. Cain [fwcain]
0 !LDRAW_ORG Subpart UPDATE 2002-04
0 !LICENSE Redistributable under CCAL version 2.0 : see CAreadme.txt

0 !HISTORY 2002-08-18 [PTadmin] Official Update 2002-04
0 !HISTORY 2007-09-14 [PTadmin] Header formatted for Contributor Agreement
0 !HISTORY 2008-07-01 [PTadmin] Official Update 2008-01

 3 16 -6 0 -10 6 0 -10 0 3 -10
0
 4 16 -11.250 0 -10 -11.250 1.412 -10 -12.500 2 -10 -12 0 -10
 4 16 11.250 0 -10 11.250 1.412 -10 12.500 2 -10 12 0 -10
0
 4 16 -7 0 -10 -6 0.500 -10 -8.500 2.231 -10 -8.750 0.875 -10
 4 16 7 0 -10 6 0.500 -10 8.500 2.231 -10 8.750 0.875 -10
0
 4 16 -11.250 2.125 -10 -11 3.962 -10 -12.500 5 -10 -12.500 2.750 -10
 4 16 11.250 2.125 -10 11 3.962 -10 12.500 5 -10 12.500 2.750 -10
0
 4 16 -5.500 0.750 -10 -4.500 1.250 -10 -7 3.750 -10 -8.250 2.685 -10
 4 16 5.500 0.750 -10 4.500 1.250 -10 7 3.750 -10 8.250 2.685 -10
0
 4 16 -10.750 4.444 -10 -9.375 6.125 -10 -10.750 7.500 -10 -12.250 5.500 -10
 4 16 10.750 4.444 -10 9.375 6.125 -10 10.750 7.500 -10 12.250 5.500 -10
0
 4 16 -4 1.500 -10 -3 2 -10 -5.125 5.036 -10 -6.563 4.063 -10
 4 16 4 1.500 -10 3 2 -10 5.125 5.036 -10 6.563 4.063 -10
0
 4 16 -9 6.500 -10 -7.125 7.893 -10 -8.250 9.500 -10 -10.375 7.875 -10
 4 16 9 6.500 -10 7.125 7.893 -10 8.250 9.500 -10 10.375 7.875 -10
0
 4 16 -2.500 2.250 -10 -1.500 2.750 -10 -2.530 5.625 -10 -4.625 5.286 -10
 4 16 2.500 2.250 -10 1.500 2.750 -10 2.530 5.625 -10 4.625 5.286 -10
0
 4 16 -6.625 8.143 -10 -3.963 9.625 -10 -4.500 11.125 -10 -7.750 9.750 -10
 4 16 6.625 8.143 -10 3.963 9.625 -10 4.500 11.125 -10 7.750 9.750 -10
0
 4 16 -1 3 -10 -2 5.750 -10 -0.469 6 -10 0 3.500 -10
 4 16 1 3 -10 2 5.750 -10 0.469 6 -10 0 3.500 -10
 3 16 0 3.500 -10 -0.469 6 -10 0.469 6 -10
0
 4 16 -3.455 9.750 -10 -4 11.250 -10 -1.500 11.500 -10 -1.219 10 -10
 4 16 3.455 9.750 -10 4 11.250 -10 1.500 11.500 -10 1.219 10 -10
 4 16 -1.219 10 -10 1.219 10 -10 1.500 11.500 -10 -1.500 11.500 -10
0
0 straps and studs
0
 4 16 -11.375 10.750 -10 -11.375 11.750 -10 -11.625 11.750 -10 -11.625 10.750 -10
 4 16 11.375 10.750 -10 11.375 11.750 -10 11.625 11.750 -10 11.625 10.750 -10
 4 16 -10.375 11.750 -10 -10.375 12 -10 -12.625 12 -10 -12.625 11.750 -10
 4 16 10.375 11.750 -10 10.375 12 -10 12.625 12 -10 12.625 11.750 -10
 4 16 -11.375 12 -10 -11.375 13 -10 -11.625 13 -10 -11.625 12 -10
 4 16 11.375 12 -10 11.375 13 -10 11.625 13 -10 11.625 12 -10
0
 1 16 -11.375 11.750 -10 1 0 0 0 0 -1 0 1 0 1-4disc.dat
 1 16 11.375 11.750 -10 -1 0 0 0 0 -1 0 1 0 1-4disc.dat
 1 16 -11.625 11.750 -10 -1 0 0 0 0 -1 0 1 0 1-4disc.dat
 1 16 11.625 11.750 -10 1 0 0 0 0 -1 0 1 0 1-4disc.dat
 1 16 -11.375 12 -10 1 0 0 0 0 1 0 1 0 1-4disc.dat
 1 16 11.375 12 -10 -1 0 0 0 0 1 0 1 0 1-4disc.dat
 1 16 -11.625 12 -10 -1 0 0 0 0 1 0 1 0 1-4disc.dat
 1 16 11.625 12 -10 1 0 0 0 0 1 0 1 0 1-4disc.dat
0
0 COMMENT end of file
