0 Plant Bush
0 Name: 6064.dat
0 Author: Tore Eriksson [Tore_Eriksson]
0 !LDRAW_ORG Part UPDATE 2001-02
0 !LICENSE Redistributable under CCAL version 2.0 : see CAreadme.txt

0 !KEYWORDS spiky, desert, shrub, spiny, Wild West, Western, tumbleweed, Town

0 !HISTORY 2001-11-30 [PTadmin] Official Update 2001-02
0 !HISTORY 2007-07-12 [PTadmin] Header formatted for Contributor Agreement
0 !HISTORY 2008-07-01 [PTadmin] Official Update 2008-01

1 16 0 -6 0 16 0 0 0 0 0 0 0 16 4-4edge.dat
1 16 0 -6 0 4 0 0 0 0 0 0 0 4 ring4.dat
1 16 0 -6 0 20 0 0 0 -2 0 0 0 20 4-4cyli.dat
1 16 0 -8 0 20 0 0 0 0 0 0 0 20 4-4edge.dat
5 24 20 -8 0 22.5 -12 0 18.478 -8 -7.654 18.478 -8 7.654
4 16 20 -8 0 22.5 -12 0 20.7878 -12 8.61075 18.478 -8 7.654
5 24 18.478 -8 7.654 20.7878 -12 8.61075 20 -8 0 14.142 -8 14.142
4 16 18.478 -8 7.654 20.7878 -12 8.61075 15.9097 -12 15.9097 14.142 -8 14.142
5 24 14.142 -8 14.142 15.9097 -12 15.9097 18.478 -8 7.654 7.654 -8 18.478

4 16 14.142 -8 14.142 15.9097 -12 15.9097 8.61075 -12 20.7878 7.654 -8 18.478
5 24 7.654 -8 18.478 8.61075 -12 20.7878 14.142 -8 14.142 0 -8 20
4 16 7.654 -8 18.478 8.61075 -12 20.7878 0 -12 22.5 0 -8 20
5 24 0 -8 20 0 -12 22.5 7.654 -8 18.478 -7.654 -8 18.478
4 16 0 -8 20 0 -12 22.5 -8.61075 -12 20.7878 -7.654 -8 18.478
5 24 -7.654 -8 18.478 -8.61075 -12 20.7878 0 -8 20 -14.142 -8 14.142
4 16 -7.654 -8 18.478 -8.61075 -12 20.7878 -15.9097 -12 15.9097 -14.142 -8 14.142
5 24 -14.142 -8 14.142 -15.9097 -12 15.9097 -7.654 -8 18.478 -18.478 -8 7.654
4 16 -14.142 -8 14.142 -15.9097 -12 15.9097 -20.7878 -12 8.61075 -18.478 -8 7.654
5 24 -18.478 -8 7.654 -20.7878 -12 8.61075 -14.142 -8 14.142 -20 -8 0
4 16 -18.478 -8 7.654 -20.7878 -12 8.61075 -22.5 -12 0 -20 -8 0
5 24 -20 -8 0 -22.5 -12 0 -18.478 -8 7.654 -18.478 -8 -7.654
4 16 -20 -8 0 -22.5 -12 0 -20.7878 -12 -8.61075 -18.478 -8 -7.654
5 24 -18.478 -8 -7.654 -20.7878 -12 -8.61075 -20 -8 0 -14.142 -8 -14.142
4 16 -18.478 -8 -7.654 -20.7878 -12 -8.61075 -15.9097 -12 -15.9097 -14.142 -8 -14.142
5 24 -14.142 -8 -14.142 -15.9097 -12 -15.9097 -18.478 -8 -7.654 -7.654 -8 -18.478
4 16 -14.142 -8 -14.142 -15.9097 -12 -15.9097 -8.61075 -12 -20.7878 -7.654 -8 -18.478
5 24 -7.654 -8 -18.478 -8.61075 -12 -20.7878 -14.142 -8 -14.142 0 -8 -20
4 16 -7.654 -8 -18.478 -8.61075 -12 -20.7878 0 -12 -22.5 0 -8 -20
5 24 0 -8 -20 0 -12 -22.5 -7.654 -8 -18.478 7.654 -8 -18.478
4 16 0 -8 -20 0 -12 -22.5 8.61075 -12 -20.7878 7.654 -8 -18.478
5 24 7.654 -8 -18.478 8.61075 -12 -20.7878 0 -8 -20 14.142 -8 -14.142
4 16 7.654 -8 -18.478 8.61075 -12 -20.7878 15.9097 -12 -15.9097 14.142 -8 -14.142
5 24 14.142 -8 -14.142 15.9097 -12 -15.9097 7.654 -8 -18.478 18.478 -8 -7.654
4 16 14.142 -8 -14.142 15.9097 -12 -15.9097 20.7878 -12 -8.61075 18.478 -8 -7.654
5 24 18.478 -8 -7.654 20.7878 -12 -8.61075 14.142 -8 -14.142 20 -8 0
4 16 18.478 -8 -7.654 20.7878 -12 -8.61075 22.5 -12 0 20 -8 0
2 24 20 0 0 18.48 0 7.65
2 24 18.48 0 7.65 16 0 11.36
2 24 16 0 11.36 16 -6 11.36
2 24 16 -6 11.36 14.14 -6 14.14
2 24 14.14 -6 14.14 11.36 -6 16
2 24 11.36 -6 16 11.36 0 16
2 24 11.36 0 16 7.65 0 18.48
2 24 7.65 0 18.48 0 0 20
2 24 -20 0 0 -18.48 0 7.65
2 24 -18.48 0 7.65 -16 0 11.36
2 24 -16 0 11.36 -16 -6 11.36
2 24 -16 -6 11.36 -14.14 -6 14.14
2 24 -14.14 -6 14.14 -11.36 -6 16
2 24 -11.36 -6 16 -11.36 0 16
2 24 -11.36 0 16 -7.65 0 18.48
2 24 -7.65 0 18.48 0 0 20
2 24 20 0 0 18.48 0 -7.65
2 24 18.48 0 -7.65 16 0 -11.36
2 24 16 0 -11.36 16 -6 -11.36
2 24 16 -6 -11.36 14.14 -6 -14.14
2 24 14.14 -6 -14.14 11.36 -6 -16
2 24 11.36 -6 -16 11.36 0 -16
2 24 11.36 0 -16 7.65 0 -18.48
2 24 7.65 0 -18.48 0 0 -20
2 24 -20 0 0 -18.48 0 -7.65
2 24 -18.48 0 -7.65 -16 0 -11.36
2 24 -16 0 -11.36 -16 -6 -11.36
2 24 -16 -6 -11.36 -14.14 -6 -14.14
2 24 -14.14 -6 -14.14 -11.36 -6 -16
2 24 -11.36 -6 -16 -11.36 0 -16
2 24 -11.36 0 -16 -7.65 0 -18.48
2 24 -7.65 0 -18.48 0 0 -20
2 24 16 0 0 16 0 11.36
2 24 11.35 0 16 0 0 16
2 24 16 -6 0 16 -6 11.36
2 24 11.35 -6 16 0 -6 16
2 24 -16 0 0 -16 0 11.36
2 24 -11.35 0 16 0 0 16
2 24 -16 -6 0 -16 -6 11.36
2 24 -11.35 -6 16 0 -6 16
2 24 16 0 0 16 0 -11.36
2 24 11.35 0 -16 0 0 -16
2 24 16 -6 0 16 -6 -11.36
2 24 11.35 -6 -16 0 -6 -16
2 24 -16 0 0 -16 0 -11.36
2 24 -11.35 0 -16 0 0 -16
2 24 -16 -6 0 -16 -6 -11.36
2 24 -11.35 -6 -16 0 -6 -16
4 16 20 0 0 18.48 0 7.65 16 0 11.36 16 0 0
4 16 0 0 20 7.65 0 18.48 11.36 0 16 0 0 16
4 16 -20 0 0 -18.48 0 7.65 -16 0 11.36 -16 0 0
4 16 0 0 20 -7.65 0 18.48 -11.36 0 16 0 0 16
4 16 20 0 0 18.48 0 -7.65 16 0 -11.36 16 0 0
4 16 0 0 -20 7.65 0 -18.48 11.36 0 -16 0 0 -16
4 16 -20 0 0 -18.48 0 -7.65 -16 0 -11.36 -16 0 0
4 16 0 0 -20 -7.65 0 -18.48 -11.36 0 -16 0 0 -16
4 16 20 0 0 20 -6 0 18.48 -6 7.65 18.48 0 7.65
4 16 0 0 20 0 -6 20 7.65 -6 18.48 7.65 0 18.48
4 16 18.48 0 7.65 18.48 -6 7.65 16 -6 11.36 16 0 11.36
4 16 7.65 0 18.48 7.65 -6 18.48 11.36 -6 16 11.36 0 16
4 16 16 0 11.36 16 -6 11.36 16 -6 0 16 0 0
4 16 11.36 0 16 11.36 -6 16 0 -6 16 0 0 16
4 16 -20 0 0 -20 -6 0 -18.48 -6 7.65 -18.48 0 7.65
4 16 0 0 20 0 -6 20 -7.65 -6 18.48 -7.65 0 18.48
4 16 -18.48 0 7.65 -18.48 -6 7.65 -16 -6 11.36 -16 0 11.36
4 16 -7.65 0 18.48 -7.65 -6 18.48 -11.36 -6 16 -11.36 0 16
4 16 -16 0 11.36 -16 -6 11.36 -16 -6 0 -16 0 0
4 16 -11.36 0 16 -11.36 -6 16 0 -6 16 0 0 16
4 16 20 0 0 20 -6 0 18.48 -6 -7.65 18.48 0 -7.65
4 16 0 0 -20 0 -6 -20 7.65 -6 -18.48 7.65 0 -18.48
4 16 18.48 0 -7.65 18.48 -6 -7.65 16 -6 -11.36 16 0 -11.36
4 16 7.65 0 -18.48 7.65 -6 -18.48 11.36 -6 -16 11.36 0 -16
4 16 16 0 -11.36 16 -6 -11.36 16 -6 0 16 0 0
4 16 11.36 0 -16 11.36 -6 -16 0 -6 -16 0 0 -16
4 16 -20 0 0 -20 -6 0 -18.48 -6 -7.65 -18.48 0 -7.65
4 16 0 0 -20 0 -6 -20 -7.65 -6 -18.48 -7.65 0 -18.48
4 16 -18.48 0 -7.65 -18.48 -6 -7.65 -16 -6 -11.36 -16 0 -11.36
4 16 -7.65 0 -18.48 -7.65 -6 -18.48 -11.36 -6 -16 -11.36 0 -16
4 16 -16 0 -11.36 -16 -6 -11.36 -16 -6 0 -16 0 0
4 16 -11.36 0 -16 -11.36 -6 -16 0 -6 -16 0 0 -16
5 24 0 -6 20 0 0 20 -7.65 -6 18.48 7.65 -6 18.48
5 24 -7.65 -6 18.48 -7.65 0 18.48 -14.14 -6 14.14 0 -6 20
5 24 -18.48 -6 7.65 -18.48 0 7.65 -20 -6 0 -14.14 -6 14.14
5 24 -20 -6 0 -20 0 0 -18.48 -6 -7.65 -18.48 -6 7.65
5 24 -18.48 -6 -7.65 -18.48 0 -7.65 -14.14 -6 -14.14 -20 -6 0
5 24 -7.65 -6 -18.48 -7.65 0 -18.48 0 -6 -20 -14.14 -6 -14.14
5 24 0 -6 -20 0 0 -20 7.65 -6 -18.48 -7.65 -6 -18.48
5 24 7.65 -6 -18.48 7.65 0 -18.48 14.14 -6 -14.14 0 -6 -20
5 24 18.48 -6 -7.65 18.48 0 -7.65 20 -6 0 14.14 -6 -14.14
5 24 20 -6 0 20 0 0 18.48 -6 7.65 18.48 -6 -7.65
5 24 18.48 -6 7.65 18.48 0 7.65 14.14 -6 14.14 20 -6 0
5 24 7.65 -6 18.48 7.65 0 18.48 0 -6 20 14.14 -6 14.14
1 16 0 -44 0 1 0 0 0 1 0 0 0 1 stud2a.dat
1 16 0 -44 0 6 0 0 0 0 0 0 0 6 4-4edge.dat
1 16 0 -44 0 2 0 0 0 0 0 0 0 2 ring3.dat
1 16 0 -44 0 2 0 0 0 0 0 0 0 2 ring4.dat
1 16 0 -36 0 7 0 0 0 0 0 0 0 7 ring1.dat
1 16 0 -28 0 6 0 0 0 0 0 0 0 6 ring2.dat
1 16 0 -20 0 4.5 0 0 0 0 0 0 0 4.5 ring4.dat
1 16 0 -20 0 22.5 0 0 0 0 0 0 0 22.5 4-4edge.dat
1 16 0 -12 0 22.5 0 0 0 0 0 0 0 22.5 4-4edge.dat
1 16 0 -20 0 22.5 0 0 0 8 0 0 0 22.5 4-4CYLI.DAT
1 16 0 -28 0 18 0 0 0 0 0 0 0 18 4-4edge.dat
1 16 0 -20 0 18 0 0 0 0 0 0 0 18 4-4edge.dat
1 16 0 -28 0 18 0 0 0 8 0 0 0 18 4-4CYLI.DAT
1 16 0 -36 0 14 0 0 0 0 0 0 0 14 4-4edge.dat
1 16 0 -28 0 14 0 0 0 0 0 0 0 14 4-4edge.dat
1 16 0 -36 0 14 0 0 0 8 0 0 0 14 4-4CYLI.DAT
1 16 0 -44 0 10 0 0 0 0 0 0 0 10 4-4edge.dat
1 16 0 -36 0 10 0 0 0 0 0 0 0 10 4-4edge.dat
1 16 0 -44 0 10 0 0 0 8 0 0 0 10 4-4CYLI.DAT
2 24 -3 -12 22 -3 -41 36.5
2 24 3 -12 22 3 -41 36.5
4 16 -3 -12 22 3 -12 22 3 -41 36.5 -3 -41 36.5
1 16 0 -41 36.5 3 0 0 0 0 -3 0 0 1.5 2-4edge.dat
1 16 0 -41 36.5 3 0 0 0 0 -3 0 0 1.5 2-4disc.dat
1 16 0 -12 22 3 0 0 0 -29 0 0 14.5 -3 2-4cyli.dat
1 16 0 -41 36.5 3 0 0 0 -3 0 0 1.5 -3 2-8sphe.dat
2 24 -3 -12 -22 -3 -41 -36.5
2 24 3 -12 -22 3 -41 -36.5
4 16 -3 -12 -22 3 -12 -22 3 -41 -36.5 -3 -41 -36.5
1 16 0 -41 -36.5 3 0 0 0 0 -3 0 0 -1.5 2-4edge.dat
1 16 0 -41 -36.5 3 0 0 0 0 -3 0 0 -1.5 2-4disc.dat
1 16 0 -12 -22 3 0 0 0 -29 0 0 -14.5 3 2-4cyli.dat
1 16 0 -41 -36.5 3 0 0 0 -3 0 0 -1.5 3 2-8sphe.dat
2 24 5.654 -12 21.477 9.675 -33 31.179
2 24 11.198 -12 19.179 15.219 -33 28.881
4 16 5.654 -12 21.477 11.198 -12 19.179 15.219 -33 28.881 9.675 -33 31.179
1 16 12.447 -33 30.03 2.772 0 .574 0 0 -3 -1.149 0 1.386 2-4edge.dat
1 16 12.447 -33 30.03 2.772 0 .574 0 0 -3 -1.149 0 1.386 2-4disc.dat
1 16 8.426 -12 20.328 2.772 4.021 -1.149 0 -21 0 -1.149 9.702 -2.772 2-4cyli.dat
1 16 12.447 -33 30.03 2.772 .574 -1.149 0 -3 0 -1.149 1.386 -2.772 2-8sphe.dat
2 24 -5.654 -12 21.477 -9.675 -33 31.179
2 24 -11.198 -12 19.179 -15.219 -33 28.881
4 16 -5.654 -12 21.477 -11.198 -12 19.179 -15.219 -33 28.881 -9.675 -33 31.179
1 16 -12.447 -33 30.03 -2.772 0 -.574 0 0 -3 -1.149 0 1.386 2-4edge.dat
1 16 -12.447 -33 30.03 -2.772 0 -.574 0 0 -3 -1.149 0 1.386 2-4disc.dat
1 16 -8.426 -12 20.328 -2.772 -4.021 1.149 0 -21 0 -1.149 9.702 -2.772 2-4cyli.dat
1 16 -12.447 -33 30.03 -2.772 -.574 1.149 0 -3 0 -1.149 1.386 -2.772 2-8sphe.dat
2 24 5.654 -12 -21.477 9.675 -33 -31.179
2 24 11.198 -12 -19.179 15.219 -33 -28.881
4 16 5.654 -12 -21.477 11.198 -12 -19.179 15.219 -33 -28.881 9.675 -33 -31.179
1 16 12.447 -33 -30.03 2.772 0 .574 0 0 -3 1.149 0 -1.386 2-4edge.dat
1 16 12.447 -33 -30.03 2.772 0 .574 0 0 -3 1.149 0 -1.386 2-4disc.dat
1 16 8.426 -12 -20.328 2.772 4.021 -1.149 0 -21 0 1.149 -9.702 2.772 2-4cyli.dat
1 16 12.447 -33 -30.03 2.772 .574 -1.149 0 -3 0 1.149 -1.386 2.772 2-8sphe.dat
2 24 -5.654 -12 -21.477 -9.675 -33 -31.179
2 24 -11.198 -12 -19.179 -15.219 -33 -28.881
4 16 -5.654 -12 -21.477 -11.198 -12 -19.179 -15.219 -33 -28.881 -9.675 -33 -31.179
1 16 -12.447 -33 -30.03 -2.772 0 -.574 0 0 -3 1.149 0 -1.386 2-4edge.dat
1 16 -12.447 -33 -30.03 -2.772 0 -.574 0 0 -3 1.149 0 -1.386 2-4disc.dat
1 16 -8.426 -12 -20.328 -2.772 -4.021 1.149 0 -21 0 1.149 -9.702 2.772 2-4cyli.dat
1 16 -12.447 -33 -30.03 -2.772 -.574 1.149 0 -3 0 1.149 -1.386 2.772 2-8sphe.dat
2 24 13.433 -12 17.675 23.684 -41 27.927
2 24 17.675 -12 13.433 27.927 -41 23.684
4 16 13.433 -12 17.675 17.675 -12 13.433 27.927 -41 23.684 23.684 -41 27.927
1 16 25.806 -41 25.806 2.121 0 1.061 0 0 -3 -2.121 0 1.061 2-4edge.dat
1 16 25.806 -41 25.806 2.121 0 1.061 0 0 -3 -2.121 0 1.061 2-4disc.dat
1 16 15.554 -12 15.554 2.121 10.252 -2.121 0 -29 0 -2.121 10.252 -2.121 2-4cyli.dat
1 16 25.806 -41 25.806 2.121 1.061 -2.121 0 -3 0 -2.121 1.061 -2.121 2-8sphe.dat
2 24 -13.433 -12 17.675 -23.684 -41 27.927
2 24 -17.675 -12 13.433 -27.927 -41 23.684
4 16 -13.433 -12 17.675 -17.675 -12 13.433 -27.927 -41 23.684 -23.684 -41 27.927
1 16 -25.806 -41 25.806 -2.121 0 -1.061 0 0 -3 -2.121 0 1.061 2-4edge.dat
1 16 -25.806 -41 25.806 -2.121 0 -1.061 0 0 -3 -2.121 0 1.061 2-4disc.dat
1 16 -15.554 -12 15.554 -2.121 -10.252 2.121 0 -29 0 -2.121 10.252 -2.121 2-4cyli.dat
1 16 -25.806 -41 25.806 -2.121 -1.061 2.121 0 -3 0 -2.121 1.061 -2.121 2-8sphe.dat
2 24 13.433 -12 -17.675 23.684 -41 -27.927
2 24 17.675 -12 -13.433 27.927 -41 -23.684
4 16 13.433 -12 -17.675 17.675 -12 -13.433 27.927 -41 -23.684 23.684 -41 -27.927
1 16 25.806 -41 -25.806 2.121 0 1.061 0 0 -3 2.121 0 -1.061 2-4edge.dat
1 16 25.806 -41 -25.806 2.121 0 1.061 0 0 -3 2.121 0 -1.061 2-4disc.dat
1 16 15.554 -12 -15.554 2.121 10.252 -2.121 0 -29 0 2.121 -10.252 2.121 2-4cyli.dat
1 16 25.806 -41 -25.806 2.121 1.061 -2.121 0 -3 0 2.121 -1.061 2.121 2-8sphe.dat
2 24 -13.433 -12 -17.675 -23.684 -41 -27.927
2 24 -17.675 -12 -13.433 -27.927 -41 -23.684
4 16 -13.433 -12 -17.675 -17.675 -12 -13.433 -27.927 -41 -23.684 -23.684 -41 -27.927
1 16 -25.806 -41 -25.806 -2.121 0 -1.061 0 0 -3 2.121 0 -1.061 2-4edge.dat
1 16 -25.806 -41 -25.806 -2.121 0 -1.061 0 0 -3 2.121 0 -1.061 2-4disc.dat
1 16 -15.554 -12 -15.554 -2.121 -10.252 2.121 0 -29 0 2.121 -10.252 2.121 2-4cyli.dat
1 16 -25.806 -41 -25.806 -2.121 -1.061 2.121 0 -3 0 2.121 -1.061 2.121 2-8sphe.dat
2 24 19.179 -12 11.198 28.881 -33 15.219
2 24 21.477 -12 5.654 31.179 -33 9.675
4 16 19.179 -12 11.198 21.477 -12 5.654 31.179 -33 9.675 28.881 -33 15.219
1 16 30.03 -33 12.447 1.149 0 1.386 0 0 -3 -2.772 0 .574 2-4edge.dat
1 16 30.03 -33 12.447 1.149 0 1.386 0 0 -3 -2.772 0 .574 2-4disc.dat
1 16 20.328 -12 8.426 1.149 9.702 -2.772 0 -21 0 -2.772 4.021 -1.149 2-4cyli.dat
1 16 30.03 -33 12.447 1.149 1.386 -2.772 0 -3 0 -2.772 .574 -1.149 2-8sphe.dat
2 24 -19.179 -12 11.198 -28.881 -33 15.219
2 24 -21.477 -12 5.654 -31.179 -33 9.675
4 16 -19.179 -12 11.198 -21.477 -12 5.654 -31.179 -33 9.675 -28.881 -33 15.219
1 16 -30.03 -33 12.447 -1.149 0 -1.386 0 0 -3 -2.772 0 .574 2-4edge.dat
1 16 -30.03 -33 12.447 -1.149 0 -1.386 0 0 -3 -2.772 0 .574 2-4disc.dat
1 16 -20.328 -12 8.426 -1.149 -9.702 2.772 0 -21 0 -2.772 4.021 -1.149 2-4cyli.dat
1 16 -30.03 -33 12.447 -1.149 -1.386 2.772 0 -3 0 -2.772 .574 -1.149 2-8sphe.dat
2 24 19.179 -12 -11.198 28.881 -33 -15.219
2 24 21.477 -12 -5.654 31.179 -33 -9.675
4 16 19.179 -12 -11.198 21.477 -12 -5.654 31.179 -33 -9.675 28.881 -33 -15.219
1 16 30.03 -33 -12.447 1.149 0 1.386 0 0 -3 2.772 0 -.574 2-4edge.dat
1 16 30.03 -33 -12.447 1.149 0 1.386 0 0 -3 2.772 0 -.574 2-4disc.dat
1 16 20.328 -12 -8.426 1.149 9.702 -2.772 0 -21 0 2.772 -4.021 1.149 2-4cyli.dat
1 16 30.03 -33 -12.447 1.149 1.386 -2.772 0 -3 0 2.772 -.574 1.149 2-8sphe.dat
2 24 -19.179 -12 -11.198 -28.881 -33 -15.219
2 24 -21.477 -12 -5.654 -31.179 -33 -9.675
4 16 -19.179 -12 -11.198 -21.477 -12 -5.654 -31.179 -33 -9.675 -28.881 -33 -15.219
1 16 -30.03 -33 -12.447 -1.149 0 -1.386 0 0 -3 2.772 0 -.574 2-4edge.dat
1 16 -30.03 -33 -12.447 -1.149 0 -1.386 0 0 -3 2.772 0 -.574 2-4disc.dat
1 16 -20.328 -12 -8.426 -1.149 -9.702 2.772 0 -21 0 2.772 -4.021 1.149 2-4cyli.dat
1 16 -30.03 -33 -12.447 -1.149 -1.386 2.772 0 -3 0 2.772 -.574 1.149 2-8sphe.dat
2 24 22.5 -12 -3 37 -41 -3
2 24 22.5 -12 3 37 -41 3
4 16 22.5 -12 -3 22.5 -12 3 37 -41 3 37 -41 -3
1 16 37 -41 0 0 0 1.5 0 0 -3 3 0 0 2-4edge.dat
1 16 37 -41 0 0 0 1.5 0 0 -3 3 0 0 2-4disc.dat
1 16 22.5 -12 0 0 14.5 -3 0 -29 0 3 0 0 2-4cyli.dat
1 16 37 -41 0 0 1.5 -3 0 -3 0 3 0 0 2-8sphe.dat
2 24 -22.5 -12 -3 -37 -41 -3
2 24 -22.5 -12 3 -37 -41 3
4 16 -22.5 -12 -3 -22.5 -12 3 -37 -41 3 -37 -41 -3
1 16 -37 -41 0 0 0 -1.5 0 0 -3 3 0 0 2-4edge.dat
1 16 -37 -41 0 0 0 -1.5 0 0 -3 3 0 0 2-4disc.dat
1 16 -22.5 -12 0 0 -14.5 3 0 -29 0 3 0 0 2-4cyli.dat
1 16 -37 -41 0 0 -1.5 3 0 -3 0 3 0 0 2-8sphe.dat
0 REM no rotate
2 24 -3 -28 17.5 -3 -89 35.8
2 24 3 -28 17.5 3 -89 35.8
4 16 -3 -28 17.5 3 -28 17.5 3 -89 35.8 -3 -89 35.8
1 16 0 -89 35.8 3 0 0 0 0 -3 0 0 .9 2-4edge.dat
1 16 0 -89 35.8 3 0 0 0 0 -3 0 0 .9 2-4disc.dat
1 16 0 -28 17.5 3 0 0 0 -61 0 0 18.3 -3 2-4cyli.dat
1 16 0 -89 35.8 3 0 0 0 -3 0 0 .9 -3 2-8sphe.dat
2 24 -3 -28 -17.5 -3 -89 -35.8
2 24 3 -28 -17.5 3 -89 -35.8
4 16 -3 -28 -17.5 3 -28 -17.5 3 -89 -35.8 -3 -89 -35.8
1 16 0 -89 -35.8 3 0 0 0 0 -3 0 0 -.9 2-4edge.dat
1 16 0 -89 -35.8 3 0 0 0 0 -3 0 0 -.9 2-4disc.dat
1 16 0 -28 -17.5 3 0 0 0 -61 0 0 -18.3 3 2-4cyli.dat
1 16 0 -89 -35.8 3 0 0 0 -3 0 0 -.9 3 2-8sphe.dat
2 24 3.93 -28 17.319 9.561 -77 30.902
2 24 9.474 -28 15.021 15.105 -77 28.604
4 16 3.93 -28 17.319 9.474 -28 15.021 15.105 -77 28.604 9.561 -77 30.902
1 16 12.333 -77 29.753 2.772 0 .345 0 0 -3 -1.149 0 .832 2-4edge.dat
1 16 12.333 -77 29.753 2.772 0 .345 0 0 -3 -1.149 0 .832 2-4disc.dat
1 16 6.702 -28 16.17 2.772 5.63 -1.149 0 -49 0 -1.149 13.583 -2.772 2-4cyli.dat
1 16 12.333 -77 29.753 2.772 .345 -1.149 0 -3 0 -1.149 .832 -2.772 2-8sphe.dat
2 24 -3.93 -28 17.319 -9.561 -77 30.902
2 24 -9.474 -28 15.021 -15.105 -77 28.604
4 16 -3.93 -28 17.319 -9.474 -28 15.021 -15.105 -77 28.604 -9.561 -77 30.902
1 16 -12.333 -77 29.753 -2.772 0 -.345 0 0 -3 -1.149 0 .832 2-4edge.dat
1 16 -12.333 -77 29.753 -2.772 0 -.345 0 0 -3 -1.149 0 .832 2-4disc.dat
1 16 -6.702 -28 16.17 -2.772 -5.63 1.149 0 -49 0 -1.149 13.583 -2.772 2-4cyli.dat
1 16 -12.333 -77 29.753 -2.772 -.345 1.149 0 -3 0 -1.149 .832 -2.772 2-8sphe.dat
2 24 3.93 -28 -17.319 9.561 -77 -30.902
2 24 9.474 -28 -15.021 15.105 -77 -28.604
4 16 3.93 -28 -17.319 9.474 -28 -15.021 15.105 -77 -28.604 9.561 -77 -30.902
1 16 12.333 -77 -29.753 2.772 0 .345 0 0 -3 1.149 0 -.832 2-4edge.dat
1 16 12.333 -77 -29.753 2.772 0 .345 0 0 -3 1.149 0 -.832 2-4disc.dat
1 16 6.702 -28 -16.17 2.772 5.63 -1.149 0 -49 0 1.149 -13.583 2.772 2-4cyli.dat
1 16 12.333 -77 -29.753 2.772 .345 -1.149 0 -3 0 1.149 -.832 2.772 2-8sphe.dat
2 24 -3.93 -28 -17.319 -9.561 -77 -30.902
2 24 -9.474 -28 -15.021 -15.105 -77 -28.604
4 16 -3.93 -28 -17.319 -9.474 -28 -15.021 -15.105 -77 -28.604 -9.561 -77 -30.902
1 16 -12.333 -77 -29.753 -2.772 0 -.345 0 0 -3 1.149 0 -.832 2-4edge.dat
1 16 -12.333 -77 -29.753 -2.772 0 -.345 0 0 -3 1.149 0 -.832 2-4disc.dat
1 16 -6.702 -28 -16.17 -2.772 -5.63 1.149 0 -49 0 1.149 -13.583 2.772 2-4cyli.dat
1 16 -12.333 -77 -29.753 -2.772 -.345 1.149 0 -3 0 1.149 -.832 2.772 2-8sphe.dat
2 24 10.252 -28 14.494 23.19 -89 27.432
2 24 14.494 -28 10.252 27.432 -89 23.19
4 16 10.252 -28 14.494 14.494 -28 10.252 27.432 -89 23.19 23.19 -89 27.432
1 16 25.311 -89 25.311 2.121 0 .636 0 0 -3 -2.121 0 .636 2-4edge.dat
1 16 25.311 -89 25.311 2.121 0 .636 0 0 -3 -2.121 0 .636 2-4disc.dat
1 16 12.373 -28 12.373 2.121 12.938 -2.121 0 -61 0 -2.121 12.938 -2.121 2-4cyli.dat
1 16 25.311 -89 25.311 2.121 .636 -2.121 0 -3 0 -2.121 .636 -2.121 2-8sphe.dat
2 24 -10.252 -28 14.494 -23.19 -89 27.432
2 24 -14.494 -28 10.252 -27.432 -89 23.19
4 16 -10.252 -28 14.494 -14.494 -28 10.252 -27.432 -89 23.19 -23.19 -89 27.432
1 16 -25.311 -89 25.311 -2.121 0 -.636 0 0 -3 -2.121 0 .636 2-4edge.dat
1 16 -25.311 -89 25.311 -2.121 0 -.636 0 0 -3 -2.121 0 .636 2-4disc.dat
1 16 -12.373 -28 12.373 -2.121 -12.938 2.121 0 -61 0 -2.121 12.938 -2.121 2-4cyli.dat
1 16 -25.311 -89 25.311 -2.121 -.636 2.121 0 -3 0 -2.121 .636 -2.121 2-8sphe.dat
2 24 10.252 -28 -14.494 23.19 -89 -27.432
2 24 14.494 -28 -10.252 27.432 -89 -23.19
4 16 10.252 -28 -14.494 14.494 -28 -10.252 27.432 -89 -23.19 23.19 -89 -27.432
1 16 25.311 -89 -25.311 2.121 0 .636 0 0 -3 2.121 0 -.636 2-4edge.dat
1 16 25.311 -89 -25.311 2.121 0 .636 0 0 -3 2.121 0 -.636 2-4disc.dat
1 16 12.373 -28 -12.373 2.121 12.938 -2.121 0 -61 0 2.121 -12.938 2.121 2-4cyli.dat
1 16 25.311 -89 -25.311 2.121 .636 -2.121 0 -3 0 2.121 -.636 2.121 2-8sphe.dat
2 24 -10.252 -28 -14.494 -23.19 -89 -27.432
2 24 -14.494 -28 -10.252 -27.432 -89 -23.19
4 16 -10.252 -28 -14.494 -14.494 -28 -10.252 -27.432 -89 -23.19 -23.19 -89 -27.432
1 16 -25.311 -89 -25.311 -2.121 0 -.636 0 0 -3 2.121 0 -.636 2-4edge.dat
1 16 -25.311 -89 -25.311 -2.121 0 -.636 0 0 -3 2.121 0 -.636 2-4disc.dat
1 16 -12.373 -28 -12.373 -2.121 -12.938 2.121 0 -61 0 2.121 -12.938 2.121 2-4cyli.dat
1 16 -25.311 -89 -25.311 -2.121 -.636 2.121 0 -3 0 2.121 -.636 2.121 2-8sphe.dat
2 24 15.021 -28 9.474 28.604 -77 15.105
2 24 17.319 -28 3.93 30.902 -77 9.561
4 16 15.021 -28 9.474 17.319 -28 3.93 30.902 -77 9.561 28.604 -77 15.105
1 16 29.753 -77 12.333 1.149 0 .832 0 0 -3 -2.772 0 .345 2-4edge.dat
1 16 29.753 -77 12.333 1.149 0 .832 0 0 -3 -2.772 0 .345 2-4disc.dat
1 16 16.17 -28 6.702 1.149 13.583 -2.772 0 -49 0 -2.772 5.63 -1.149 2-4cyli.dat
1 16 29.753 -77 12.333 1.149 .832 -2.772 0 -3 0 -2.772 .345 -1.149 2-8sphe.dat
2 24 -15.021 -28 9.474 -28.604 -77 15.105
2 24 -17.319 -28 3.93 -30.902 -77 9.561
4 16 -15.021 -28 9.474 -17.319 -28 3.93 -30.902 -77 9.561 -28.604 -77 15.105
1 16 -29.753 -77 12.333 -1.149 0 -.832 0 0 -3 -2.772 0 .345 2-4edge.dat
1 16 -29.753 -77 12.333 -1.149 0 -.832 0 0 -3 -2.772 0 .345 2-4disc.dat
1 16 -16.17 -28 6.702 -1.149 -13.583 2.772 0 -49 0 -2.772 5.63 -1.149 2-4cyli.dat
1 16 -29.753 -77 12.333 -1.149 -.832 2.772 0 -3 0 -2.772 .345 -1.149 2-8sphe.dat
2 24 15.021 -28 -9.474 28.604 -77 -15.105
2 24 17.319 -28 -3.93 30.902 -77 -9.561
4 16 15.021 -28 -9.474 17.319 -28 -3.93 30.902 -77 -9.561 28.604 -77 -15.105
1 16 29.753 -77 -12.333 1.149 0 .832 0 0 -3 2.772 0 -.345 2-4edge.dat
1 16 29.753 -77 -12.333 1.149 0 .832 0 0 -3 2.772 0 -.345 2-4disc.dat
1 16 16.17 -28 -6.702 1.149 13.583 -2.772 0 -49 0 2.772 -5.63 1.149 2-4cyli.dat
1 16 29.753 -77 -12.333 1.149 .832 -2.772 0 -3 0 2.772 -.345 1.149 2-8sphe.dat
2 24 -15.021 -28 -9.474 -28.604 -77 -15.105
2 24 -17.319 -28 -3.93 -30.902 -77 -9.561
4 16 -15.021 -28 -9.474 -17.319 -28 -3.93 -30.902 -77 -9.561 -28.604 -77 -15.105
1 16 -29.753 -77 -12.333 -1.149 0 -.832 0 0 -3 2.772 0 -.345 2-4edge.dat
1 16 -29.753 -77 -12.333 -1.149 0 -.832 0 0 -3 2.772 0 -.345 2-4disc.dat
1 16 -16.17 -28 -6.702 -1.149 -13.583 2.772 0 -49 0 2.772 -5.63 1.149 2-4cyli.dat
1 16 -29.753 -77 -12.333 -1.149 -.832 2.772 0 -3 0 2.772 -.345 1.149 2-8sphe.dat
2 24 17.5 -28 -3 35.8 -89 -3
2 24 17.5 -28 3 35.8 -89 3
4 16 17.5 -28 -3 17.5 -28 3 35.8 -89 3 35.8 -89 -3
1 16 35.8 -89 0 0 0 .9 0 0 -3 3 0 0 2-4edge.dat
1 16 35.8 -89 0 0 0 .9 0 0 -3 3 0 0 2-4disc.dat
1 16 17.5 -28 0 0 18.3 -3 0 -61 0 3 0 0 2-4cyli.dat
1 16 35.8 -89 0 0 .9 -3 0 -3 0 3 0 0 2-8sphe.dat
2 24 -17.5 -28 -3 -35.8 -89 -3
2 24 -17.5 -28 3 -35.8 -89 3
4 16 -17.5 -28 -3 -17.5 -28 3 -35.8 -89 3 -35.8 -89 -3
1 16 -35.8 -89 0 0 0 -.9 0 0 -3 3 0 0 2-4edge.dat
1 16 -35.8 -89 0 0 0 -.9 0 0 -3 3 0 0 2-4disc.dat
1 16 -17.5 -28 0 0 -18.3 3 0 -61 0 3 0 0 2-4cyli.dat
1 16 -35.8 -89 0 0 -.9 3 0 -3 0 3 0 0 2-8sphe.dat
0 REM no rotate
0 Inlined: 1 16 0 -44 9,5 1 0 0 0 1 0 0 -0,1 1 bush54.dak
0 bush54.dak
2 24 -3 -44 9.5 -3 -95 14.6
2 24 3 -44 9.5 3 -95 14.6
4 16 -3 -44 9.5 3 -44 9.5 3 -95 14.6 -3 -95 14.6
1 16 0 -95 14.6 3 0 0 0 0 -3 0 0 .3 2-4edge.dat
1 16 0 -95 14.6 3 0 0 0 0 -3 0 0 .3 2-4disc.dat
1 16 0 -44 9.5 3 0 0 0 -51 0 0 5.1 -3 2-4cyli.dat
1 16 0 -95 14.6 3 0 0 0 -3 0 0 .3 -3 2-8sphe.dat
0 Inlined: 1 16 0 -44 -9,5 1 0 0 0 1 0 0 0,1 -1 bush54.dak
0 bush54.dak
2 24 -3 -44 -9.5 -3 -95 -14.6
2 24 3 -44 -9.5 3 -95 -14.6
4 16 -3 -44 -9.5 3 -44 -9.5 3 -95 -14.6 -3 -95 -14.6
1 16 0 -95 -14.6 3 0 0 0 0 -3 0 0 -.3 2-4edge.dat
1 16 0 -95 -14.6 3 0 0 0 0 -3 0 0 -.3 2-4disc.dat
1 16 0 -44 -9.5 3 0 0 0 -51 0 0 -5.1 3 2-4cyli.dat
1 16 0 -95 -14.6 3 0 0 0 -3 0 0 -.3 3 2-8sphe.dat
2 24 4.595 -44 8.837 9.474 -113 13.716
2 24 8.837 -44 4.595 13.716 -113 9.474
4 16 4.595 -44 8.837 8.837 -44 4.595 13.716 -113 9.474 9.474 -113 13.716
1 16 11.595 -113 11.595 2.121 0 .212 0 0 -3 -2.121 0 .212 2-4edge.dat
1 16 11.595 -113 11.595 2.121 0 .212 0 0 -3 -2.121 0 .212 2-4disc.dat
1 16 6.716 -44 6.716 2.121 4.878 -2.121 0 -69 0 -2.121 4.878 -2.121 2-4cyli.dat
1 16 11.595 -113 11.595 2.121 .212 -2.121 0 -3 0 -2.121 .212 -2.121 2-8sphe.dat
2 24 -4.595 -44 8.837 -9.474 -113 13.716
2 24 -8.837 -44 4.595 -13.716 -113 9.474
4 16 -4.595 -44 8.837 -8.837 -44 4.595 -13.716 -113 9.474 -9.474 -113 13.716
1 16 -11.595 -113 11.595 -2.121 0 -.212 0 0 -3 -2.121 0 .212 2-4edge.dat
1 16 -11.595 -113 11.595 -2.121 0 -.212 0 0 -3 -2.121 0 .212 2-4disc.dat
1 16 -6.716 -44 6.716 -2.121 -4.878 2.121 0 -69 0 -2.121 4.878 -2.121 2-4cyli.dat
1 16 -11.595 -113 11.595 -2.121 -.212 2.121 0 -3 0 -2.121 .212 -2.121 2-8sphe.dat
2 24 4.595 -44 -8.837 9.474 -113 -13.716
2 24 8.837 -44 -4.595 13.716 -113 -9.474
4 16 4.595 -44 -8.837 8.837 -44 -4.595 13.716 -113 -9.474 9.474 -113 -13.716
1 16 11.595 -113 -11.595 2.121 0 .212 0 0 -3 2.121 0 -.212 2-4edge.dat
1 16 11.595 -113 -11.595 2.121 0 .212 0 0 -3 2.121 0 -.212 2-4disc.dat
1 16 6.716 -44 -6.716 2.121 4.878 -2.121 0 -69 0 2.121 -4.878 2.121 2-4cyli.dat
1 16 11.595 -113 -11.595 2.121 .212 -2.121 0 -3 0 2.121 -.212 2.121 2-8sphe.dat
2 24 -4.595 -44 -8.837 -9.474 -113 -13.716
2 24 -8.837 -44 -4.595 -13.716 -113 -9.474
4 16 -4.595 -44 -8.837 -8.837 -44 -4.595 -13.716 -113 -9.474 -9.474 -113 -13.716
1 16 -11.595 -113 -11.595 -2.121 0 -.212 0 0 -3 2.121 0 -.212 2-4edge.dat
1 16 -11.595 -113 -11.595 -2.121 0 -.212 0 0 -3 2.121 0 -.212 2-4disc.dat
1 16 -6.716 -44 -6.716 -2.121 -4.878 2.121 0 -69 0 2.121 -4.878 2.121 2-4cyli.dat
1 16 -11.595 -113 -11.595 -2.121 -.212 2.121 0 -3 0 2.121 -.212 2.121 2-8sphe.dat
0 Inlined: 1 16 9,5 -44 0 0 -0,1 1 0 1 0 1 0 0 bush54.dak
0 bush54.dak
2 24 9.5 -44 -3 14.6 -95 -3
2 24 9.5 -44 3 14.6 -95 3
4 16 9.5 -44 -3 9.5 -44 3 14.6 -95 3 14.6 -95 -3
1 16 14.6 -95 0 0 0 .3 0 0 -3 3 0 0 2-4edge.dat
1 16 14.6 -95 0 0 0 .3 0 0 -3 3 0 0 2-4disc.dat
1 16 9.5 -44 0 0 5.1 -3 0 -51 0 3 0 0 2-4cyli.dat
1 16 14.6 -95 0 0 .3 -3 0 -3 0 3 0 0 2-8sphe.dat
0 Inlined: 1 16 -9,5 -44 0 0 0,1 -1 0 1 0 1 0 0 bush54.dak
0 bush54.dak
2 24 -9.5 -44 -3 -14.6 -95 -3
2 24 -9.5 -44 3 -14.6 -95 3
4 16 -9.5 -44 -3 -9.5 -44 3 -14.6 -95 3 -14.6 -95 -3
1 16 -14.6 -95 0 0 0 -.3 0 0 -3 3 0 0 2-4edge.dat
1 16 -14.6 -95 0 0 0 -.3 0 0 -3 3 0 0 2-4disc.dat
1 16 -9.5 -44 0 0 -5.1 3 0 -51 0 3 0 0 2-4cyli.dat
1 16 -14.6 -95 0 0 -.3 3 0 -3 0 3 0 0 2-8sphe.dat
1 16 0 -16 0 16 0 0 0 0 0 0 0 16 4-4edge.dat
1 16 0 -16 0 12 0 0 0 0 0 0 0 12 4-4edge.dat
1 16 0 -24 0 12 0 0 0 0 0 0 0 12 4-4edge.dat
1 16 0 -24 0 8 0 0 0 0 0 0 0 8 4-4edge.dat
1 16 0 -40 0 6 0 0 0 0 0 0 0 6 4-4edge.dat
1 16 0 -40 0 4 0 0 0 0 0 0 0 4 4-4edge.dat
1 16 0 -16 0 16 0 0 0 10 0 0 0 16 4-4cyli.dat
1 16 0 -24 0 12 0 0 0 8 0 0 0 12 4-4cyli.dat
1 16 0 -16 0 4 0 0 0 0.001 0 0 0 4 ring3.dat
1 16 0 -24 0 4 0 0 0 0.001 0 0 0 4 ring2.dat
1 16 0 -40 0 2 0 0 0 0.001 0 0 0 2 ring2.dat
1 16 0 -24 0 1 0 0 0 -6 0 0 0 1 stud4a.dat
1 16 0 -40 0 6 0 0 0 16 0 0 0 6 4-4cyli.dat
1 16 0 -44 0 4 0 0 0 4 0 0 0 4 4-4cyli.dat
0 REM sin (-11.25) = -0.195
0 REM cos (-11.25) = 0.981
0 REM Dont forget to rotate 11.25 degs
2 24 1.444 -20 22.658 3.862 -51 34.81
2 24 7.33 -20 21.488 9.748 -51 33.64
4 16 1.444 -20 22.658 7.33 -20 21.488 9.748 -51 33.64 3.862 -51 34.81
1 16 6.805 -51 34.225 2.943 0 .234 0 0 -3 -.585 0 1.176 2-4edge.dat
1 16 6.805 -51 34.225 2.943 0 .234 0 0 -3 -.585 0 1.176 2-4disc.dat
1 16 4.387 -20 22.073 2.943 2.418 -.585 0 -31 0 -.585 12.152 -2.943 2-4cyli.dat
1 16 6.805 -51 34.225 2.943 .234 -.585 0 -3 0 -.585 1.176 -2.943 2-8sphe.dat
2 24 -7.33 -20 -21.488 -9.748 -51 -33.64
2 24 -1.444 -20 -22.658 -3.862 -51 -34.81
4 16 -7.33 -20 -21.488 -1.444 -20 -22.658 -3.862 -51 -34.81 -9.748 -51 -33.64

1 16 -6.805 -51 -34.225 2.943 0 -.234 0 0 -3 -.585 0 -1.176 2-4edge.dat
1 16 -6.805 -51 -34.225 2.943 0 -.234 0 0 -3 -.585 0 -1.176 2-4disc.dat
1 16 -4.387 -20 -22.073 2.943 -2.418 .585 0 -31 0 -.585 -12.152 2.943 2-4cyli.dat
1 16 -6.805 -51 -34.225 2.943 -.234 .585 0 -3 0 -.585 -1.176 2.943 2-8sphe.dat
2 24 10.012 -20 20.383 19.114 -61 34.036
2 24 15.004 -20 17.047 24.106 -61 30.7
4 16 10.012 -20 20.383 15.004 -20 17.047 24.106 -61 30.7 19.114 -61 34.036
1 16 21.61 -61 32.368 2.496 0 .666 0 0 -3 -1.668 0 .999 2-4edge.dat
1 16 21.61 -61 32.368 2.496 0 .666 0 0 -3 -1.668 0 .999 2-4disc.dat
1 16 12.508 -20 18.715 2.496 9.102 -1.668 0 -41 0 -1.668 13.653 -2.496 2-4cyli.dat
1 16 21.61 -61 32.368 2.496 .666 -1.668 0 -3 0 -1.668 .999 -2.496 2-8sphe.dat

2 24 -1.457 -20 22.663 -4.655 -61 38.735
2 24 -7.343 -20 21.487 -10.541 -61 37.559
4 16 -1.457 -20 22.663 -7.343 -20 21.487 -10.541 -61 37.559 -4.655 -61 38.735

1 16 -7.598 -61 38.147 -2.943 0 -.234 0 0 -3 -.588 0 1.176 2-4edge.dat
1 16 -7.598 -61 38.147 -2.943 0 -.234 0 0 -3 -.588 0 1.176 2-4disc.dat
1 16 -4.4 -20 22.075 -2.943 -3.198 .588 0 -41 0 -.588 16.072 -2.943 2-4cyli.dat
1 16 -7.598 -61 38.147 -2.943 -.234 .588 0 -3 0 -.588 1.176 -2.943 2-8sphe.dat
2 24 1.457 -20 -22.663 4.655 -61 -38.735
2 24 7.343 -20 -21.487 10.541 -61 -37.559
4 16 1.457 -20 -22.663 7.343 -20 -21.487 10.541 -61 -37.559 4.655 -61 -38.735

1 16 7.598 -61 -38.147 2.943 0 .234 0 0 -3 .588 0 -1.176 2-4edge.dat
1 16 7.598 -61 -38.147 2.943 0 .234 0 0 -3 .588 0 -1.176 2-4disc.dat
1 16 4.4 -20 -22.075 2.943 3.198 -.588 0 -41 0 .588 -16.072 2.943 2-4cyli.dat

1 16 7.598 -61 -38.147 2.943 .234 -.588 0 -3 0 .588 -1.176 2.943 2-8sphe.dat
2 24 -10.012 -20 -20.383 -19.114 -61 -34.036
2 24 -15.004 -20 -17.047 -24.106 -61 -30.7
4 16 -10.012 -20 -20.383 -15.004 -20 -17.047 -24.106 -61 -30.7 -19.114 -61 -34.036
1 16 -21.61 -61 -32.368 -2.496 0 -.666 0 0 -3 1.668 0 -.999 2-4edge.dat
1 16 -21.61 -61 -32.368 -2.496 0 -.666 0 0 -3 1.668 0 -.999 2-4disc.dat
1 16 -12.508 -20 -18.715 -2.496 -9.102 1.668 0 -41 0 1.668 -13.653 2.496 2-4cyli.dat
1 16 -21.61 -61 -32.368 -2.496 -.666 1.668 0 -3 0 1.668 -.999 2.496 2-8sphe.dat
2 24 17.039 -20 14.996 27.362 -51 21.878
2 24 20.375 -20 10.01 30.698 -51 16.892
4 16 17.039 -20 14.996 20.375 -20 10.01 30.698 -51 16.892 27.362 -51 21.878
1 16 29.03 -51 19.385 1.668 0 .999 0 0 -3 -2.493 0 .666 2-4edge.dat
1 16 29.03 -51 19.385 1.668 0 .999 0 0 -3 -2.493 0 .666 2-4disc.dat
1 16 18.707 -20 12.503 1.668 10.323 -2.493 0 -31 0 -2.493 6.882 -1.668 2-4cyli.dat
1 16 29.03 -51 19.385 1.668 .999 -2.493 0 -3 0 -2.493 .666 -1.668 2-8sphe.dat

2 24 -10.01 -20 20.375 -16.892 -51 30.698
2 24 -14.996 -20 17.039 -21.878 -51 27.362
4 16 -10.01 -20 20.375 -14.996 -20 17.039 -21.878 -51 27.362 -16.892 -51 30.698
1 16 -19.385 -51 29.03 -2.493 0 -.666 0 0 -3 -1.668 0 .999 2-4edge.dat
1 16 -19.385 -51 29.03 -2.493 0 -.666 0 0 -3 -1.668 0 .999 2-4disc.dat
1 16 -12.503 -20 18.707 -2.493 -6.882 1.668 0 -31 0 -1.668 10.323 -2.493 2-4cyli.dat
1 16 -19.385 -51 29.03 -2.493 -.666 1.668 0 -3 0 -1.668 .999 -2.493 2-8sphe.dat
2 24 10.01 -20 -20.375 16.892 -51 -30.698
2 24 14.996 -20 -17.039 21.878 -51 -27.362
4 16 10.01 -20 -20.375 14.996 -20 -17.039 21.878 -51 -27.362 16.892 -51 -30.698
1 16 19.385 -51 -29.03 2.493 0 .666 0 0 -3 1.668 0 -.999 2-4edge.dat
1 16 19.385 -51 -29.03 2.493 0 .666 0 0 -3 1.668 0 -.999 2-4disc.dat
1 16 12.503 -20 -18.707 2.493 6.882 -1.668 0 -31 0 1.668 -10.323 2.493 2-4cyli.dat
1 16 19.385 -51 -29.03 2.493 .666 -1.668 0 -3 0 1.668 -.999 2.493 2-8sphe.dat

2 24 -17.039 -20 -14.996 -27.362 -51 -21.878
2 24 -20.375 -20 -10.01 -30.698 -51 -16.892
4 16 -17.039 -20 -14.996 -20.375 -20 -10.01 -30.698 -51 -16.892 -27.362 -51 -21.878
1 16 -29.03 -51 -19.385 -1.668 0 -.999 0 0 -3 2.493 0 -.666 2-4edge.dat
1 16 -29.03 -51 -19.385 -1.668 0 -.999 0 0 -3 2.493 0 -.666 2-4disc.dat
1 16 -18.707 -20 -12.503 -1.668 -10.323 2.493 0 -31 0 2.493 -6.882 1.668 2-4cyli.dat
1 16 -29.03 -51 -19.385 -1.668 -.999 2.493 0 -3 0 2.493 -.666 1.668 2-8sphe.dat
2 24 21.487 -20 7.343 37.559 -61 10.541
2 24 22.663 -20 1.457 38.735 -61 4.655
4 16 21.487 -20 7.343 22.663 -20 1.457 38.735 -61 4.655 37.559 -61 10.541
1 16 38.147 -61 7.598 .588 0 1.176 0 0 -3 -2.943 0 .234 2-4edge.dat
1 16 38.147 -61 7.598 .588 0 1.176 0 0 -3 -2.943 0 .234 2-4disc.dat
1 16 22.075 -20 4.4 .588 16.072 -2.943 0 -41 0 -2.943 3.198 -.588 2-4cyli.dat

1 16 38.147 -61 7.598 .588 1.176 -2.943 0 -3 0 -2.943 .234 -.588 2-8sphe.dat
2 24 -17.047 -20 15.004 -30.7 -61 24.106
2 24 -20.383 -20 10.012 -34.036 -61 19.114
4 16 -17.047 -20 15.004 -20.383 -20 10.012 -34.036 -61 19.114 -30.7 -61 24.106
1 16 -32.368 -61 21.61 -1.668 0 -.999 0 0 -3 -2.496 0 .666 2-4edge.dat
1 16 -32.368 -61 21.61 -1.668 0 -.999 0 0 -3 -2.496 0 .666 2-4disc.dat
1 16 -18.715 -20 12.508 -1.668 -13.653 2.496 0 -41 0 -2.496 9.102 -1.668 2-4cyli.dat
1 16 -32.368 -61 21.61 -1.668 -.999 2.496 0 -3 0 -2.496 .666 -1.668 2-8sphe.dat
2 24 17.047 -20 -15.004 30.7 -61 -24.106
2 24 20.383 -20 -10.012 34.036 -61 -19.114
4 16 17.047 -20 -15.004 20.383 -20 -10.012 34.036 -61 -19.114 30.7 -61 -24.106
1 16 32.368 -61 -21.61 1.668 0 .999 0 0 -3 2.496 0 -.666 2-4edge.dat
1 16 32.368 -61 -21.61 1.668 0 .999 0 0 -3 2.496 0 -.666 2-4disc.dat
1 16 18.715 -20 -12.508 1.668 13.653 -2.496 0 -41 0 2.496 -9.102 1.668 2-4cyli.dat
1 16 32.368 -61 -21.61 1.668 .999 -2.496 0 -3 0 2.496 -.666 1.668 2-8sphe.dat

2 24 -21.487 -20 -7.343 -37.559 -61 -10.541
2 24 -22.663 -20 -1.457 -38.735 -61 -4.655
4 16 -21.487 -20 -7.343 -22.663 -20 -1.457 -38.735 -61 -4.655 -37.559 -61 -10.541
1 16 -38.147 -61 -7.598 -.588 0 -1.176 0 0 -3 2.943 0 -.234 2-4edge.dat
1 16 -38.147 -61 -7.598 -.588 0 -1.176 0 0 -3 2.943 0 -.234 2-4disc.dat
1 16 -22.075 -20 -4.4 -.588 -16.072 2.943 0 -41 0 2.943 -3.198 .588 2-4cyli.dat
1 16 -38.147 -61 -7.598 -.588 -1.176 2.943 0 -3 0 2.943 -.234 .588 2-8sphe.dat
2 24 21.488 -20 -7.33 33.64 -51 -9.748
2 24 22.658 -20 -1.444 34.81 -51 -3.862
4 16 21.488 -20 -7.33 22.658 -20 -1.444 34.81 -51 -3.862 33.64 -51 -9.748
1 16 34.225 -51 -6.805 .585 0 1.176 0 0 -3 2.943 0 -.234 2-4edge.dat
1 16 34.225 -51 -6.805 .585 0 1.176 0 0 -3 2.943 0 -.234 2-4disc.dat
1 16 22.073 -20 -4.387 .585 12.152 -2.943 0 -31 0 2.943 -2.418 .585 2-4cyli.dat
1 16 34.225 -51 -6.805 .585 1.176 -2.943 0 -3 0 2.943 -.234 .585 2-8sphe.dat
2 24 -22.658 -20 1.444 -34.81 -51 3.862
2 24 -21.488 -20 7.33 -33.64 -51 9.748
4 16 -22.658 -20 1.444 -21.488 -20 7.33 -33.64 -51 9.748 -34.81 -51 3.862
1 16 -34.225 -51 6.805 .585 0 -1.176 0 0 -3 2.943 0 .234 2-4edge.dat
1 16 -34.225 -51 6.805 .585 0 -1.176 0 0 -3 2.943 0 .234 2-4disc.dat
1 16 -22.073 -20 4.387 .585 -12.152 2.943 0 -31 0 2.943 2.418 -.585 2-4cyli.dat
1 16 -34.225 -51 6.805 .585 -1.176 2.943 0 -3 0 2.943 .234 -.585 2-8sphe.dat
2 24 -.311 -36 13.828 2.536 -109 28.136
2 24 5.575 -36 12.658 8.422 -109 26.966
4 16 -.311 -36 13.828 5.575 -36 12.658 8.422 -109 26.966 2.536 -109 28.136
1 16 5.479 -109 27.551 2.943 0 .117 0 0 -3 -.585 0 .588 2-4edge.dat
1 16 5.479 -109 27.551 2.943 0 .117 0 0 -3 -.585 0 .588 2-4disc.dat
1 16 2.632 -36 13.243 2.943 2.847 -.585 0 -73 0 -.585 14.308 -2.943 2-4cyli.dat
1 16 5.479 -109 27.551 2.943 .117 -.585 0 -3 0 -.585 .588 -2.943 2-8sphe.dat
2 24 -5.575 -36 -12.658 -8.422 -109 -26.966
2 24 .311 -36 -13.828 -2.536 -109 -28.136
4 16 -5.575 -36 -12.658 .311 -36 -13.828 -2.536 -109 -28.136 -8.422 -109 -26.966
1 16 -5.479 -109 -27.551 2.943 0 -.117 0 0 -3 -.585 0 -.588 2-4edge.dat
1 16 -5.479 -109 -27.551 2.943 0 -.117 0 0 -3 -.585 0 -.588 2-4disc.dat
1 16 -2.632 -36 -13.243 2.943 -2.847 .585 0 -73 0 -.585 -14.308 2.943 2-4cyli.dat
1 16 -5.479 -109 -27.551 2.943 -.117 .585 0 -3 0 -.585 -.588 2.943 2-8sphe.dat
2 24 9.556 -36 9.995 18.686 -91 16.1
2 24 12.892 -36 5.009 22.022 -91 11.114
4 16 9.556 -36 9.995 12.892 -36 5.009 22.022 -91 11.114 18.686 -91 16.1
1 16 20.354 -91 13.607 1.668 0 .498 0 0 -3 -2.493 0 .333 2-4edge.dat
1 16 20.354 -91 13.607 1.668 0 .498 0 0 -3 -2.493 0 .333 2-4disc.dat
1 16 11.224 -36 7.502 1.668 9.13 -2.493 0 -55 0 -2.493 6.105 -1.668 2-4cyli.dat
1 16 20.354 -91 13.607 1.668 .498 -2.493 0 -3 0 -2.493 .333 -1.668 2-8sphe.dat
2 24 -5.009 -36 12.892 -11.114 -91 22.022
2 24 -9.995 -36 9.556 -16.1 -91 18.686
4 16 -5.009 -36 12.892 -9.995 -36 9.556 -16.1 -91 18.686 -11.114 -91 22.022
1 16 -13.607 -91 20.354 -2.493 0 -.333 0 0 -3 -1.668 0 .498 2-4edge.dat
1 16 -13.607 -91 20.354 -2.493 0 -.333 0 0 -3 -1.668 0 .498 2-4disc.dat
1 16 -7.502 -36 11.224 -2.493 -6.105 1.668 0 -55 0 -1.668 9.13 -2.493 2-4cyli.dat
1 16 -13.607 -91 20.354 -2.493 -.333 1.668 0 -3 0 -1.668 .498 -2.493 2-8sphe.dat
2 24 5.009 -36 -12.892 11.114 -91 -22.022
2 24 9.995 -36 -9.556 16.1 -91 -18.686
4 16 5.009 -36 -12.892 9.995 -36 -9.556 16.1 -91 -18.686 11.114 -91 -22.022
1 16 13.607 -91 -20.354 2.493 0 .333 0 0 -3 1.668 0 -.498 2-4edge.dat
1 16 13.607 -91 -20.354 2.493 0 .333 0 0 -3 1.668 0 -.498 2-4disc.dat
1 16 7.502 -36 -11.224 2.493 6.105 -1.668 0 -55 0 1.668 -9.13 2.493 2-4cyli.dat
1 16 13.607 -91 -20.354 2.493 .333 -1.668 0 -3 0 1.668 -.498 2.493 2-8sphe.dat
2 24 -9.556 -36 -9.995 -18.686 -91 -16.1
2 24 -12.892 -36 -5.009 -22.022 -91 -11.114
4 16 -9.556 -36 -9.995 -12.892 -36 -5.009 -22.022 -91 -11.114 -18.686 -91 -16.1
1 16 -20.354 -91 -13.607 -1.668 0 -.498 0 0 -3 2.493 0 -.333 2-4edge.dat
1 16 -20.354 -91 -13.607 -1.668 0 -.498 0 0 -3 2.493 0 -.333 2-4disc.dat
1 16 -11.224 -36 -7.502 -1.668 -9.13 2.493 0 -55 0 2.493 -6.105 1.668 2-4cyli.dat
1 16 -20.354 -91 -13.607 -1.668 -.498 2.493 0 -3 0 2.493 -.333 1.668 2-8sphe.dat
2 24 12.658 -36 -5.575 26.966 -109 -8.422
2 24 13.828 -36 .311 28.136 -109 -2.536
4 16 12.658 -36 -5.575 13.828 -36 .311 28.136 -109 -2.536 26.966 -109 -8.422
1 16 27.551 -109 -5.479 .585 0 .588 0 0 -3 2.943 0 -.117 2-4edge.dat
1 16 27.551 -109 -5.479 .585 0 .588 0 0 -3 2.943 0 -.117 2-4disc.dat
1 16 13.243 -36 -2.632 .585 14.308 -2.943 0 -73 0 2.943 -2.847 .585 2-4cyli.dat
1 16 27.551 -109 -5.479 .585 .588 -2.943 0 -3 0 2.943 -.117 .585 2-8sphe.dat
2 24 -13.828 -36 -.311 -28.136 -109 2.536
2 24 -12.658 -36 5.575 -26.966 -109 8.422
4 16 -13.828 -36 -.311 -12.658 -36 5.575 -26.966 -109 8.422 -28.136 -109 2.536
1 16 -27.551 -109 5.479 .585 0 -.588 0 0 -3 2.943 0 .117 2-4edge.dat
1 16 -27.551 -109 5.479 .585 0 -.588 0 0 -3 2.943 0 .117 2-4disc.dat
1 16 -13.243 -36 2.632 .585 -14.308 2.943 0 -73 0 2.943 2.847 -.585 2-4cyli.dat
1 16 -27.551 -109 5.479 .585 -.588 2.943 0 -3 0 2.943 .117 -.585 2-8sphe.dat
0
