0 Window  4 x  4 x  3 Roof with Center Bar
0 Name: 6159.dat
0 Author: Thomas Burger [grapeape]
0 !LDRAW_ORG Part UPDATE 1998-01
0 !LICENSE Redistributable under CCAL version 2.0 : see CAreadme.txt

0 !HISTORY 1998-01-12 [PTadmin] Official Update 1998-01
0 !HISTORY 2007-07-16 [PTadmin] Header formatted for Contributor Agreement
0 !HISTORY 2008-07-01 [PTadmin] Official Update 2008-01

0 // substitute part
0 // - inline 6159a.dat -
 1 16 20 68 -60 1 0 0 0 -1 0 0 0 1 stud3.dat
 1 16 0 68 -60 1 0 0 0 -1 0 0 0 1 stud3.dat
 1 16 -20 68 -60 1 0 0 0 -1 0 0 0 1 stud3.dat
 1 16 0 72 -60 36 0 0 0 -4 0 0 0 6 box5.dat
 4 16 40 72 -50 36 72 -54 -36 72 -54 -40 72 -50
 4 16 -40 72 -50 -36 72 -54 -36 72 -66 -40 72 -70
 4 16 -40 72 -70 -36 72 -66 36 72 -66 40 72 -70
 4 16 40 72 -70 36 72 -66 36 72 -54 40 72 -50
 2 24 40 72 -50 -40 72 -50
 2 24 -40 72 -50 -40 72 -70
 2 24 -40 72 -70 40 72 -70
 2 24 40 72 -70 40 72 -50
 2 24 36 64 -50 -36 64 -50
 2 24 -36 64 -50 -36 64 -70
 2 24 -40 64 -70 40 64 -70
 2 24 36 64 -70 36 64 -50
 2 24 40 4 10 -40 4 10
 2 24 -36 4 10 -36 4 -17.73
 2 24 -36 59 -65.73 36 59 -65.73
 2 24 -36 4 -17.73 36 4 -17.73
 2 24 36 4 -17.73 36 4 10
 2 24 40 0 10 -40 0 10
 2 24 -40 0 10 -40 0 -14
 2 24 -40 0 -14 40 0 -14
 2 24 40 0 -14 40 0 10
 2 24 36 64 -50 36 72 -50
 2 24 -36 64 -50 -36 72 -50
 2 24 40 0 10 40 4 10
 2 24 -40 0 10 -40 4 10
 2 24 40 64 -70 40 72 -70
 2 24 -40 64 -70 -40 72 -70
 2 24 40 72 -50 40 4 10
 2 24 -40 72 -50 -40 4 10
 2 24 36 72 -50 36 4 10
 2 24 -36 72 -50 -36 4 10
 2 24 40 0 -14 40 64 -70
 2 24 -40 0 -14 -40 64 -70
0 new lines & edges
 2 24 -36 4 -17.73 -36 28 -38.73
 2 24 36 4 -17.73 36 28 -38.73
 2 24 -36 59 -65.73 -36 32 -41.73
 2 24 36 59 -65.73 36 32 -41.73
 2 24 -36 30 -35.73 36 30 -35.73
 2 24 -36 28 -38.73 36 28 -38.73
 2 24 -36 32 -41.73 36 32 -41.73
 2 24 -36 34 -39.73 36 34 -39.73
 2 24 36 28 -38.73 36 30 -35.73
 2 24 36 30 -35.73 36 34 -39.73
 2 24 36 34 -39.73 36 32 -41.73
 2 24 -36 28 -38.73 -36 30 -35.73
 2 24 -36 30 -35.73 -36 34 -39.73
 2 24 -36 34 -39.73 -36 32 -41.73
 4 16 -36 28 -38.73 36 28 -38.73 -36 30 -35.73 36 30 -35.73
 4 16 -36 30 -35.73 36 30 -35.73 -36 34 -39.73 36 34 -39.73
 4 16 -36 34 -39.73 36 34 -39.73 -36 32 -41.73 36 32 -41.73
 4 16 -36 30 -35.73 36 30 -35.73 -36 28 -38.73 36 28 -38.73
 4 16 -36 28 -38.73 36 28 -38.73 -36 32 -41.73 36 32 -41.73
 4 16 -36 32 -41.73 36 32 -41.73 -36 32 -41.73 36 32 -41.73
0
 4 16 -36 64 -69.73 36 64 -69.73 -36 59 -65.73 36 59 -65.73
 4 16 36 64 -50 36 64 -70 -36 64 -70 -36 64 -50
 4 16 36 4 10 36 4 -17.73 -36 4 -17.73 -36 4 10
 4 16 40 0 10 40 0 -14 -40 0 -14 -40 0 10
 4 16 36 72 -50 36 64 -50 -36 64 -50 -36 72 -50
 4 16 40 72 -70 40 64 -70 -40 64 -70 -40 72 -70
 4 16 40 4 10 40 0 10 -40 0 10 -40 4 10
 4 16 36 4 -17.73 40 0 -14 -40 0 -14 -36 4 -17.73
 3 16 36 72 -50 36 64 -50 36 4 10
 3 16 -36 72 -50 -36 64 -50 -36 4 10
 4 16 36 64 -50 36 64 -70 36 4 -17.73 36 4 10
 4 16 -36 64 -50 -36 64 -70 -36 4 -17.73 -36 4 10
 4 16 40 72 -50 40 72 -70 40 64 -70 40 0 -14
 4 16 -40 72 -50 -40 72 -70 -40 64 -70 -40 0 -14
 4 16 40 72 -50 40 0 -14 40 0 10 40 4 10
 4 16 -40 72 -50 -40 0 -14 -40 0 10 -40 4 10
 4 16 40 72 -50 36 72 -50 36 4 10 40 4 10
 4 16 -40 72 -50 -36 72 -50 -36 4 10 -40 4 10
 4 16 40 64 -70 36 64 -70 36 4 -17.73 40 0 -14
 4 16 -40 64 -70 -36 64 -70 -36 4 -17.73 -40 0 -14
 1 16 30 0 0 1 0 0 0 1 0 0 0 1 stud2.dat
 1 16 10 0 0 1 0 0 0 1 0 0 0 1 stud2.dat
 1 16 -10 0 0 1 0 0 0 1 0 0 0 1 stud2.dat
 1 16 -30 0 0 1 0 0 0 1 0 0 0 1 stud2.dat
0 - inline 6159a.dat -
0 Window  4 x  4 x  3 Roof Glass
 2 11 36 64 -64 -36 64 -64
 2 11 36 64 -56 -36 64 -56
 2 11 36 4 -7.47 -36 4 -7.47
 2 11 36 8 -7.47 -36 8 -7.47
 2 11 36 4 -11.47 -36 4 -11.47
 2 11 36 64 -56 36 64 -60
 2 11 -36 64 -56 -36 64 -60
 2 11 36 8 -7.47 36 4 -7.47
 2 11 -36 8 -7.47 -36 4 -7.47
 2 11 36 4 -11.47 36 4 -7.47
 2 11 -36 4 -11.47 -36 4 -7.47
 2 11 36 8 -7.47 36 64 -56
 2 11 -36 8 -7.47 -36 64 -56
 2 11 36 4 -11.47 36 64 -64
 2 11 -36 4 -11.47 -36 64 -64
 4 41 36 4 -7.47 -36 4 -7.47 36 8 -7.47 -36 8 -7.47
 4 41 36 4 -7.47 -36 4 -7.47 36 4 -11.47 -36 4 -11.47
 4 41 36 64 -56 36 64 -60 36 60 -60 36 4 -11.47
 4 41 -36 64 -56 -36 64 -60 -36 60 -60 -36 4 -11.47
 4 41 36 64 -56 36 4 -11.47 36 4 -7.47 36 8 -7.47
 4 41 -36 64 -56 -36 4 -11.47 -36 4 -7.47 -36 8 -7.47
 4 41 36 64 -56 36 8 -7.47 -36 8 -7.47 -36 64 -56
 4 41 36 64 -64 36 4 -11.47 -36 64 -64 -36 4 -11.47
0

