0 Belville Swing Stand
0 Name: 6200.dat
0 Author: Tore Eriksson [Tore_Eriksson]
0 !LDRAW_ORG Part UPDATE 2000-01
0 !LICENSE Redistributable under CCAL version 2.0 : see CAreadme.txt

0 !HELP Example of use
0 !HELP  1 5  0 0 0  1 0 0  0 1 0  0 0 1  6200.dat
0 !HELP  1 5  0 0 0  -1 0 0  0 1 0  0 0 -1  6200.dat
0 !HELP  1 13 0 -232 0  1 0 0  0 1 0  0 0 1  6199.dat
0 !HELP  1 5  0 -296 0  1 0 0  0 1 0  0 0 1  3710.dat
0 !HELP  1 383 0 -304 0  1 0 0  0 1 0  0 0 1  70942.dat

0 !CMDLINE -c5

0 !HISTORY 2000-05-07 [PTadmin] Official Update 2000-01
0 !HISTORY 2007-07-16 [PTadmin] Header formatted for Contributor Agreement
0 !HISTORY 2008-07-01 [PTadmin] Official Update 2008-01

0 // bottom

2 24 -104 0 -46 -116 0 -46
2 24 -104 0 46 -116 0 46
4 16 -104 0 -46 -100 0 -50 -120 0 -50 -116 0 -46
4 16 -104 0 46 -100 0 50 -120 0 50 -116 0 46
2 24 -100 0 -50 -120 0 -50
2 24 -100 0 50 -120 0 50
1 16 -110 -20 -30 1 0 0 0 -5 0 0 0 1 stud3.dat
1 16 -110 -20 30 1 0 0 0 -5 0 0 0 1 stud3.dat
1 16 -104 0 -30 0 0 0 -20 0 0 0 0 -16 1-4edge.dat
1 16 -104 0 30 0 0 0 -20 0 0 0 0 16 1-4edge.dat
1 16 -104 0 -30 0 0 0 -20 0 0 0 0 -16 1-4disc.dat
1 16 -104 0 30 0 0 0 -20 0 0 0 0 16 1-4disc.dat
1 16 -104 0 -30 0 -12 0 -20 0 0 0 0 -16 1-4cyli.dat
1 16 -104 0 30 0 -12 0 -20 0 0 0 0 16 1-4cyli.dat
1 16 -116 0 -30 0 0 0 -20 0 0 0 0 -16 1-4disc.dat
1 16 -116 0 30 0 0 0 -20 0 0 0 0 16 1-4disc.dat
1 16 -116 0 -30 0 0 0 -20 0 0 0 0 -16 1-4edge.dat
1 16 -116 0 30 0 0 0 -20 0 0 0 0 16 1-4edge.dat
1 16 -110 -20 -10 6 0 0 0 16 0 0 0 2 box5.dat
1 16 -110 -20 10 6 0 0 0 16 0 0 0 2 box5.dat
4 16 -104 0 46 -100 0 50 -100 0 -50 -104 0 -46
4 16 -120 0 50 -116 0 46 -116 0 -46 -120 0 -50
2 24 -104 -20 30 -104 -20 -30
2 24 -116 -20 30 -116 -20 -30
4 16 -104 -20 30 -116 -20 30 -116 -20 -30 -104 -20 -30
4 16 -104 0 30 -104 -20 30 -104 -20 -30 -104 0 -30
4 16 -116 0 30 -116 -20 30 -116 -20 -30 -116 0 -30
2 24 -104 0 46 -104 0 -46
2 24 -116 0 46 -116 0 -46
2 24 -100 0 50 -100 0 -50
2 24 -120 0 50 -120 0 -50
0 /bottom
4 16 -100 0 30 -100 -24 30 -100 -24 -30 -100 0 -30
4 16 -120 0 30 -120 -24 30 -120 -24 -30 -120 0 -30
4 16 -100 -34 10 -100 -24 10 -100 -24 -10 -100 -34 -10
4 16 -120 -34 10 -120 -24 10 -120 -24 -10 -120 -34 -10
1 16 -100 0 -30 0 0 0 -24 0 0 0 0 -20 1-4edge.dat
1 16 -100 0 30 0 0 0 -24 0 0 0 0 20 1-4edge.dat
1 16 -120 0 -30 0 0 0 -24 0 0 0 0 -20 1-4edge.dat
1 16 -100 0 -30 0 -20 0 -24 0 0 0 0 -20 1-4CYLI.dat
1 16 -120 0 30 0 0 0 -24 0 0 0 0 20 1-4edge.dat
1 16 -100 0 30 0 -20 0 -24 0 0 0 0 20 1-4CYLI.dat
1 16 -100 0 -30 0 0 0 -24 0 0 0 0 -20 1-4disc.dat
1 16 -100 0 30 0 0 0 -24 0 0 0 0 20 1-4disc.dat
1 16 -120 0 -30 0 0 0 -24 0 0 0 0 -20 1-4disc.dat
1 16 -120 0 30 0 0 0 -24 0 0 0 0 20 1-4disc.dat
2 24 -100 -24 -20 -100 -24 -30
2 24 -100 -24 20 -100 -24 30
2 24 -120 -24 -20 -120 -24 -30
4 16 -100 -24 -20 -120 -24 -20 -120 -24 -30 -100 -24 -30
2 24 -120 -24 20 -120 -24 30
4 16 -100 -24 20 -120 -24 20 -120 -24 30 -100 -24 30
1 16 -100 -34 -20 0 0 0 10 0 0 0 0 10 1-4edge.dat
1 16 -100 -34 20 0 0 0 10 0 0 0 0 -10 1-4edge.dat
1 16 -120 -34 -20 0 0 0 10 0 0 0 0 10 1-4edge.dat
1 16 -100 -34 -20 0 -20 0 10 0 0 0 0 10 1-4CYLI.dat
1 16 -120 -34 20 0 0 0 10 0 0 0 0 -10 1-4edge.dat
1 16 -100 -34 20 0 -20 0 10 0 0 0 0 -10 1-4CYLI.dat
1 16 -100 -34 -20 0 0 0 10 0 0 0 0 10 1-4ndis.dat
1 16 -100 -34 20 0 0 0 10 0 0 0 0 -10 1-4ndis.dat
1 16 -120 -34 -20 0 0 0 10 0 0 0 0 10 1-4ndis.dat
1 16 -120 -34 20 0 0 0 10 0 0 0 0 -10 1-4ndis.dat
2 24 -100 -34 -10 -100 -216 -10
2 24 -100 -34 10 -100 -216 10
2 24 -120 -34 -10 -120 -216 -10
4 16 -100 -34 -10 -120 -34 -10 -120 -216 -10 -100 -216 -10
2 24 -120 -34 10 -120 -216 10
4 16 -100 -34 10 -120 -34 10 -120 -216 10 -100 -216 10
2 24 -100 -34 6 -100 -34 -6
2 24 -116 -34 6 -116 -34 -6
4 16 -100 -34 6 -116 -34 6 -116 -34 -6 -100 -34 -6
2 24 -100 -34 -6 -100 -216 -6
2 24 -100 -34 6 -100 -216 6
2 24 -116 -34 -6 -116 -216 -6
4 16 -100 -34 -6 -116 -34 -6 -116 -216 -6 -100 -216 -6
2 24 -116 -34 6 -116 -216 6
4 16 -100 -34 6 -116 -34 6 -116 -216 6 -100 -216 6
2 24 -100 -34 -6 -116 -34 -6
2 24 -100 -34 6 -116 -34 6
4 16 -116 -34 6 -116 -34 -6 -116 -216 -6 -116 -216 6
4 16 -120 -34 10 -120 -34 -10 -120 -216 -10 -120 -216 10
4 16 -100 -34 -6 -100 -34 -10 -100 -216 -10 -100 -216 -6
4 16 -100 -34 6 -100 -34 10 -100 -216 10 -100 -216 6
0 curve
4 16 -116 -216 -6 -114.54 -229.27 -6 -114.54 -229.27 6 -116 -216 6
4 16 -114.54 -229.27 -6 -110.21 -242.02 -6 -110.21 -242.02 6 -114.54 -229.27 6
4 16 -110.21 -242.02 -6 -103.19 -253.78 -6 -103.19 -253.78 6 -110.21 -242.02 6
4 16 -103.19 -253.78 -6 -93.73 -264.08 -6 -93.73 -264.08 6 -103.19 -253.78 6
4 16 -93.73 -264.08 -6 -82.23 -272.54 -6 -82.23 -272.54 6 -93.73 -264.08 6
4 16 -82.23 -272.54 -6 -69.08 -278.82 -6 -69.08 -278.82 6 -82.23 -272.54 6
4 16 -69.08 -278.82 -6 -54.83 -282.7 -6 -54.83 -282.7 6 -69.08 -278.82 6
4 16 -54.83 -282.7 -6 -40 -284 -6 -40 -284 6 -54.83 -282.7 6
2 24 -100 -216 -10 -98.64 -227.88 -10
2 24 -100 -216 10 -98.64 -227.88 10
2 24 -98.64 -227.88 -10 -95.43 -237.43 -10
2 24 -98.64 -227.88 10 -95.43 -237.43 10
2 24 -95.43 -237.43 -10 -89.3 -247.92 -10
2 24 -95.43 -237.43 10 -89.3 -247.92 10
2 24 -89.3 -247.92 -10 -82.42 -255.52 -10
2 24 -89.3 -247.92 10 -82.42 -255.52 10
2 24 -82.42 -255.52 -10 -73.33 -262.56 -10
2 24 -82.42 -255.52 10 -73.33 -262.56 10
2 24 -73.33 -262.56 -10 -62.96 -267.73 -10
2 24 -73.33 -262.56 10 -62.96 -267.73 10
2 24 -62.96 -267.73 -10 -51.71 -270.72 -10
2 24 -62.96 -267.73 10 -51.71 -270.72 10
2 24 -51.71 -270.72 -10 -40 -272 -10
2 24 -51.71 -270.72 10 -40 -272 10
2 24 -100 -216 -6 -98.64 -227.88 -6
2 24 -100 -216 6 -98.64 -227.88 6
2 24 -98.64 -227.88 -6 -95.43 -237.43 -6
2 24 -98.64 -227.88 6 -95.43 -237.43 6
2 24 -95.43 -237.43 -6 -89.3 -247.92 -6
2 24 -95.43 -237.43 6 -89.3 -247.92 6
2 24 -89.3 -247.92 -6 -82.42 -255.52 -6
2 24 -89.3 -247.92 6 -82.42 -255.52 6
2 24 -82.42 -255.52 -6 -73.33 -262.56 -6
2 24 -82.42 -255.52 6 -73.33 -262.56 6
2 24 -73.33 -262.56 -6 -62.96 -267.73 -6
2 24 -73.33 -262.56 6 -62.96 -267.73 6
2 24 -62.96 -267.73 -6 -51.71 -270.72 -6
2 24 -62.96 -267.73 6 -51.71 -270.72 6
2 24 -51.71 -270.72 -6 -40 -272 -6
2 24 -51.71 -270.72 6 -40 -272 6
2 24 -120 -216 -10 -118.16 -230.05 -10
2 24 -120 -216 10 -118.16 -230.05 10
2 24 -118.16 -230.05 -10 -113.91 -243.55 -10
2 24 -118.16 -230.05 10 -113.91 -243.55 10
2 24 -113.91 -243.55 -10 -106.52 -256 -10
2 24 -113.91 -243.55 10 -106.52 -256 10
2 24 -106.52 -256 -10 -96.56 -266.9 -10
2 24 -106.52 -256 10 -96.56 -266.9 10
2 24 -96.56 -266.9 -10 -84.45 -275.87 -10
2 24 -96.56 -266.9 10 -84.45 -275.87 10
2 24 -84.45 -275.87 -10 -70.61 -282.52 -10
2 24 -84.45 -275.87 10 -70.61 -282.52 10
2 24 -70.61 -282.52 -10 -55.61 -286.62 -10
2 24 -70.61 -282.52 10 -55.61 -286.62 10
2 24 -55.61 -286.62 -10 -40 -288 -10
2 24 -55.61 -286.62 10 -40 -288 10
2 24 -116 -216 -6 -114.54 -229.27 -6
2 24 -116 -216 6 -114.54 -229.27 6
2 24 -114.54 -229.27 -6 -110.21 -242.02 -6
2 24 -114.54 -229.27 6 -110.21 -242.02 6
2 24 -110.21 -242.02 -6 -103.19 -253.78 -6
2 24 -110.21 -242.02 6 -103.19 -253.78 6
2 24 -103.19 -253.78 -6 -93.73 -264.08 -6
2 24 -103.19 -253.78 6 -93.73 -264.08 6
2 24 -93.73 -264.08 -6 -82.23 -272.54 -6
2 24 -93.73 -264.08 6 -82.23 -272.54 6
2 24 -82.23 -272.54 -6 -69.08 -278.82 -6
2 24 -82.23 -272.54 6 -69.08 -278.82 6
2 24 -69.08 -278.82 -6 -54.83 -282.7 -6
2 24 -69.08 -278.82 6 -54.83 -282.7 6
2 24 -54.83 -282.7 -6 -40 -284 -6
2 24 -54.83 -282.7 6 -40 -284 6
4 16 -116 -216 -6 -114.54 -229.27 -6 -98.64 -227.88 -6 -100 -216 -6
4 16 -116 -216 6 -114.54 -229.27 6 -98.64 -227.88 6 -100 -216 6
4 16 -114.54 -229.27 -6 -110.21 -242.02 -6 -95.43 -237.43 -6 -98.64 -227.88 -6
4 16 -114.54 -229.27 6 -110.21 -242.02 6 -95.43 -237.43 6 -98.64 -227.88 6
4 16 -110.21 -242.02 -6 -103.19 -253.78 -6 -89.3 -247.92 -6 -95.43 -237.43 -6
4 16 -110.21 -242.02 6 -103.19 -253.78 6 -89.3 -247.92 6 -95.43 -237.43 6
4 16 -103.19 -253.78 -6 -93.73 -264.08 -6 -82.42 -255.52 -6 -89.3 -247.92 -6
4 16 -103.19 -253.78 6 -93.73 -264.08 6 -82.42 -255.52 6 -89.3 -247.92 6
4 16 -93.73 -264.08 -6 -82.23 -272.54 -6 -73.33 -262.56 -6 -82.42 -255.52 -6
4 16 -93.73 -264.08 6 -82.23 -272.54 6 -73.33 -262.56 6 -82.42 -255.52 6
4 16 -82.23 -272.54 -6 -69.08 -278.82 -6 -62.96 -267.73 -6 -73.33 -262.56 -6
4 16 -82.23 -272.54 6 -69.08 -278.82 6 -62.96 -267.73 6 -73.33 -262.56 6
4 16 -69.08 -278.82 -6 -54.83 -282.7 -6 -51.71 -270.72 -6 -62.96 -267.73 -6
4 16 -69.08 -278.82 6 -54.83 -282.7 6 -51.71 -270.72 6 -62.96 -267.73 6
4 16 -54.83 -282.7 -6 -40 -284 -6 -40 -272 -6 -51.71 -270.72 -6
4 16 -54.83 -282.7 6 -40 -284 6 -40 -272 6 -51.71 -270.72 6
4 16 -100 -216 -10 -98.64 -227.88 -10 -98.64 -227.88 -6 -100 -216 -6
4 16 -100 -216 10 -98.64 -227.88 10 -98.64 -227.88 6 -100 -216 6
4 16 -98.64 -227.88 -10 -95.43 -237.43 -10 -95.43 -237.43 -6 -98.64 -227.88 -6
4 16 -98.64 -227.88 10 -95.43 -237.43 10 -95.43 -237.43 6 -98.64 -227.88 6
4 16 -95.43 -237.43 -10 -89.3 -247.92 -10 -89.3 -247.92 -6 -95.43 -237.43 -6
4 16 -95.43 -237.43 10 -89.3 -247.92 10 -89.3 -247.92 6 -95.43 -237.43 6
4 16 -89.3 -247.92 -10 -82.42 -255.52 -10 -82.42 -255.52 -6 -89.3 -247.92 -6
4 16 -89.3 -247.92 10 -82.42 -255.52 10 -82.42 -255.52 6 -89.3 -247.92 6
4 16 -82.42 -255.52 -10 -73.33 -262.56 -10 -73.33 -262.56 -6 -82.42 -255.52 -6
4 16 -82.42 -255.52 10 -73.33 -262.56 10 -73.33 -262.56 6 -82.42 -255.52 6
4 16 -73.33 -262.56 -10 -62.96 -267.73 -10 -62.96 -267.73 -6 -73.33 -262.56 -6
4 16 -73.33 -262.56 10 -62.96 -267.73 10 -62.96 -267.73 6 -73.33 -262.56 6
4 16 -62.96 -267.73 -10 -51.71 -270.72 -10 -51.71 -270.72 -6 -62.96 -267.73 -6
4 16 -62.96 -267.73 10 -51.71 -270.72 10 -51.71 -270.72 6 -62.96 -267.73 6
4 16 -51.71 -270.72 -10 -40 -272 -10 -40 -272 -6 -51.71 -270.72 -6
4 16 -51.71 -270.72 10 -40 -272 10 -40 -272 6 -51.71 -270.72 6
4 16 -100 -216 -10 -98.64 -227.88 -10 -118.16 -230.05 -10 -120 -216 -10
4 16 -100 -216 10 -98.64 -227.88 10 -118.16 -230.05 10 -120 -216 10
4 16 -98.64 -227.88 -10 -95.43 -237.43 -10 -113.91 -243.55 -10 -118.16 -230.05 -10
4 16 -98.64 -227.88 10 -95.43 -237.43 10 -113.91 -243.55 10 -118.16 -230.05 10
4 16 -95.43 -237.43 -10 -89.3 -247.92 -10 -106.52 -256 -10 -113.91 -243.55 -10
4 16 -95.43 -237.43 10 -89.3 -247.92 10 -106.52 -256 10 -113.91 -243.55 10
4 16 -89.3 -247.92 -10 -82.42 -255.52 -10 -96.56 -266.9 -10 -106.52 -256 -10
4 16 -89.3 -247.92 10 -82.42 -255.52 10 -96.56 -266.9 10 -106.52 -256 10
4 16 -82.42 -255.52 -10 -73.33 -262.56 -10 -84.45 -275.87 -10 -96.56 -266.9 -10
4 16 -82.42 -255.52 10 -73.33 -262.56 10 -84.45 -275.87 10 -96.56 -266.9 10
4 16 -73.33 -262.56 -10 -62.96 -267.73 -10 -70.61 -282.52 -10 -84.45 -275.87 -10
4 16 -73.33 -262.56 10 -62.96 -267.73 10 -70.61 -282.52 10 -84.45 -275.87 10
4 16 -62.96 -267.73 -10 -51.71 -270.72 -10 -55.61 -286.62 -10 -70.61 -282.52 -10
4 16 -62.96 -267.73 10 -51.71 -270.72 10 -55.61 -286.62 10 -70.61 -282.52 10
4 16 -51.71 -270.72 -10 -40 -272 -10 -40 -288 -10 -55.61 -286.62 -10
4 16 -51.71 -270.72 10 -40 -272 10 -40 -288 10 -55.61 -286.62 10
2 24 0 -288 -10 -40 -288 -10
2 24 0 -288 10 -40 -288 10
4 16 0 -288 -10 0 -272 -10 -40 -272 -10 -40 -288 -10
4 16 0 -288 10 0 -272 10 -40 -272 10 -40 -288 10
2 24 0 -272 -10 -40 -272 -10
2 24 0 -272 10 -40 -272 10
4 16 0 -272 -10 0 -272 -6 -40 -272 -6 -40 -272 -10
4 16 0 -272 10 0 -272 6 -40 -272 6 -40 -272 10
2 24 0 -272 -6 -40 -272 -6
2 24 0 -272 6 -40 -272 6
4 16 0 -272 -6 0 -284 -6 -40 -284 -6 -40 -272 -6
4 16 0 -272 6 0 -284 6 -40 -284 6 -40 -272 6
2 24 0 -284 -6 -40 -284 -6
2 24 0 -284 6 -40 -284 6
0 upper edge
2 24 0 -284 -6 0 -272 -6
2 24 0 -284 6 0 -272 6
4 16 0 -284 -6 0 -288 -10 0 -272 -10 0 -272 -6
4 16 0 -284 6 0 -288 10 0 -272 10 0 -272 6
2 24 0 -288 -10 0 -272 -10
2 24 0 -288 10 0 -272 10
4 16 0 -288 -10 -40 -288 -10 -40 -272 -10 0 -272 -10
4 16 0 -288 10 -40 -288 10 -40 -272 10 0 -272 10
2 24 0 -284 6 0 -284 -6
4 16 0 -284 6 0 -288 10 0 -288 -10 0 -284 -6
2 24 0 -288 10 0 -288 -10
4 16 0 -288 10 -40 -288 10 -40 -288 -10 0 -288 -10
4 16 0 -284 6 -40 -284 6 -40 -284 -6 0 -284 -6
0 /upper edge
1 16 -10 -288 0 1 0 0 0 1 0 0 0 1 stud2.dat
1 16 -30 -288 0 1 0 0 0 1 0 0 0 1 stud2.dat
4 16 -120 -216 -10 -118.16 -230.05 -10 -118.16 -230.05 10 -120 -216 10
4 16 -118.16 -230.05 -10 -113.91 -243.55 -10 -113.91 -243.55 10 -118.16 -230.05 10
4 16 -113.91 -243.55 -10 -106.52 -256 -10 -106.52 -256 10 -113.91 -243.55 10
4 16 -106.52 -256 -10 -96.56 -266.9 -10 -96.56 -266.9 10 -106.52 -256 10
4 16 -96.56 -266.9 -10 -84.45 -275.87 -10 -84.45 -275.87 10 -96.56 -266.9 10
4 16 -84.45 -275.87 -10 -70.61 -282.52 -10 -70.61 -282.52 10 -84.45 -275.87 10
4 16 -70.61 -282.52 -10 -55.61 -286.62 -10 -55.61 -286.62 10 -70.61 -282.52 10
4 16 -55.61 -286.62 -10 -40 -288 -10 -40 -288 10 -55.61 -286.62 10
5 24 -120 -216 -10 -120 -216 10 -120 -34 -10 -118.16 -230.05 -10
5 24 -118.16 -230.05 -10 -118.16 -230.05 10 -120 -216 -10 -113.91 -243.55 -10
5 24 -113.91 -243.55 -10 -113.91 -243.55 10 -118.16 -230.05 -10 -106.52 -256 -10
5 24 -106.52 -256 -10 -106.52 -256 10 -113.91 -243.55 -10 -96.56 -266.9 -10
5 24 -96.56 -266.9 -10 -96.56 -266.9 10 -106.52 -256 -10 -84.45 -275.87 -10
5 24 -84.45 -275.87 -10 -84.45 -275.87 10 -96.56 -266.9 -10 -70.61 -282.52 -10
5 24 -70.61 -282.52 -10 -70.61 -282.52 10 -84.45 -275.87 -10 -55.61 -286.62 -10
5 24 -55.61 -286.62 -10 -55.61 -286.62 10 -70.61 -282.52 -10 -40 -288 -10
5 24 -40 -288 -10 -40 -288 10 -55.61 -286.62 -10 -30 -288 -10
0 /curve
0 top kil
2 24 -16 -284 2 -40 -284 2
2 24 -16 -284 -2 -40 -284 -2
2 24 -40 -284 2 -54.83 -282.7 2
2 24 -40 -284 -2 -54.83 -282.7 -2
2 24 -54.83 -282.7 2 -69.08 -278.82 2
2 24 -54.83 -282.7 -2 -69.08 -278.82 -2
2 24 -69.08 -278.82 2 -82.23 -272.54 2
2 24 -69.08 -278.82 -2 -82.23 -272.54 -2
2 24 -82.23 -272.54 2 -81.11 -272 2
2 24 -82.23 -272.54 -2 -81.11 -272 -2
4 16 -16 -272 2 -40 -272 2 -40 -284 2 -16 -284 2
4 16 -16 -272 -2 -40 -272 -2 -40 -284 -2 -16 -284 -2
4 16 -40 -272 2 -81.11 -272 2 -82.23 -272.54 2 -69.08 -278.82 2
4 16 -40 -272 -2 -81.11 -272 -2 -82.23 -272.54 -2 -69.08 -278.82 -2
4 16 -40 -272 2 -69.08 -278.82 2 -54.83 -282.7 2 -40 -284 2
4 16 -40 -272 -2 -69.08 -278.82 -2 -54.83 -282.7 -2 -40 -284 -2
2 24 -81.11 -272 2 -16 -272 2
2 24 -81.11 -272 -2 -16 -272 -2
4 16 -81.11 -272 2 -81.11 -272 -2 -16 -272 -2 -16 -272 2
2 24 -16 -272 2 -16 -284 2
2 24 -16 -272 -2 -16 -284 -2
4 16 -16 -272 2 -16 -272 -2 -16 -284 -2 -16 -284 2
2 24 -81.11 -272 2 -81.11 -272 -2
2 24 -16 -272 2 -16 -272 -2
2 24 -16 -284 2 -16 -284 -2
0 /top kil
0 holder
1 16 -77 -232 0 0 0 0 0 0 4 -4 0 0 2-4edge.dat
1 16 -113.52 -232 0 0 0 0 0 0 4 -4 0 0 2-4edge.dat
1 16 -77 -232 0 0 -36.52 0 0 0 4 -4 0 0 2-4CYLI.dat
1 16 -77 -232 0 0 0 0 0 0 8 -8 0 0 2-4edge.dat
1 16 -113.52 -232 0 0 0 0 0 0 8 -8 0 0 2-4edge.dat
1 16 -77 -232 0 0 -36.52 0 0 0 8 -8 0 0 2-4CYLI.dat
1 16 -77 -232 6 0 0 0 0 0 -2 -2 0 0 2-4edge.dat
1 16 -113.52 -232 6 0 0 0 0 0 -2 -2 0 0 2-4edge.dat
1 16 -77 -232 6 0 -36.52 0 0 0 -2 -2 0 0 2-4CYLI.dat
1 16 -77 -232 -6 0 0 0 0 0 -2 -2 0 0 2-4edge.dat
1 16 -113.52 -232 -6 0 0 0 0 0 -2 -2 0 0 2-4edge.dat
1 16 -77 -232 -6 0 -36.52 0 0 0 -2 -2 0 0 2-4CYLI.dat
1 16 -77 -232 0 0 0 0 0 0 2 -2 0 0 2-4ring3.dat
1 16 -77 -232 0 0 0 0 0 0 1.333 -1.333 0 0 2-4ring3.dat
1 16 -77 -232 0 0 0 0 0 0 1.75 -1.75 0 0 2-4ring3.dat
1 16 -77 -232 6 0 0 0 0 0 -2 -2 0 0 2-4disc.dat
1 16 -77 -232 -6 0 0 0 0 0 -2 -2 0 0 2-4disc.dat
2 24 -96.82 -234 6 -113.29 -234 6
2 24 -96.82 -234 -6 -113.29 -234 -6
0 /holder
