0 Brick  2 x  8 x  4 with Curved Ends
0 Name: 6214.dat
0 Author: Tore Eriksson [Tore_Eriksson]
0 !LDRAW_ORG Part UPDATE 2000-02
0 !LICENSE Redistributable under CCAL version 2.0 : see CAreadme.txt

0 !HISTORY 2000-09-30 [PTadmin] Official Update 2000-02
0 !HISTORY 2007-07-16 [PTadmin] Header formatted for Contributor Agreement
0 !HISTORY 2008-07-01 [PTadmin] Official Update 2008-01

1 16 40 76 16 0 0 20 20 0 0 0 0 0 1-8edge.dat
1 16 -40 76 16 0 0 -20 20 0 0 0 0 0 1-8edge.dat
1 16 40 76 -16 0 0 20 20 0 0 0 0 0 1-8edge.dat
1 16 -40 76 -16 0 0 -20 20 0 0 0 0 0 1-8edge.dat
1 16 40 76 16 0 0 20 20 0 0 0 0 0 1-8disc.dat
1 16 -40 76 16 0 0 -20 20 0 0 0 0 0 1-8disc.dat
1 16 40 76 -16 0 0 20 20 0 0 0 0 0 1-8disc.dat
1 16 -40 76 -16 0 0 -20 20 0 0 0 0 0 1-8disc.dat
1 16 40 76 20 0 0 20 20 0 0 0 0 0 1-8edge.dat
1 16 -40 76 20 0 0 -20 20 0 0 0 0 0 1-8edge.dat
1 16 40 76 -20 0 0 20 20 0 0 0 0 0 1-8edge.dat
1 16 -40 76 -20 0 0 -20 20 0 0 0 0 0 1-8edge.dat
1 16 40 76 20 0 0 20 20 0 0 0 0 0 1-8disc.dat
1 16 -40 76 20 0 0 -20 20 0 0 0 0 0 1-8disc.dat
1 16 40 76 -20 0 0 20 20 0 0 0 0 0 1-8disc.dat
1 16 -40 76 -20 0 0 -20 20 0 0 0 0 0 1-8disc.dat
1 16 40 76 16 0 0 20 20 0 0 0 4 0 1-8cyli.dat
1 16 -40 76 16 0 0 -20 20 0 0 0 4 0 1-8cyli.dat
1 16 40 76 -16 0 0 20 20 0 0 0 -4 0 1-8cyli.dat
1 16 -40 76 -16 0 0 -20 20 0 0 0 -4 0 1-8cyli.dat
4 16 40 76 20 60 76 20 58.48 83.65 20 56 88 20 
4 16 -40 76 20 -60 76 20 -58.48 83.65 20 -56 88 20 
4 16 40 76 -20 60 76 -20 58.48 83.65 -20 56 88 -20 
4 16 -40 76 -20 -60 76 -20 -58.48 83.65 -20 -56 88 -20 
3 16 40 76 20 56 88 20 54.14 90.14 20 
3 16 -40 76 20 -56 88 20 -54.14 90.14 20 
3 16 40 76 -20 56 88 -20 54.14 90.14 -20 
3 16 -40 76 -20 -56 88 -20 -54.14 90.14 -20 
3 16 40 76 16 56 76 16 56 88 16
3 16 -40 76 16 -56 76 16 -56 88 16 
3 16 40 76 -16 56 76 -16 56 88 -16 
3 16 -40 76 -16 -56 76 -16 -56 88 -16 
3 16 40 76 16 56 88 16 54.14 90.14 16 
3 16 -40 76 16 -56 88 16 -54.14 90.14 16 
3 16 40 76 -16 56 88 -16 54.14 90.14 -16 
3 16 -40 76 -16 -56 88 -16 -54.14 90.14 -16 
2 24 60 72 20 60 76 20 
2 24 -60 72 20 -60 76 20 
2 24 60 72 -20 60 76 -20 
2 24 -60 72 -20 -60 76 -20 
2 24 60 76 20 58.48 83.65 20 
2 24 -60 76 20 -58.48 83.65 20 
2 24 60 76 -20 58.48 83.65 -20 
2 24 -60 76 -20 -58.48 83.65 -20 
2 24 58.48 83.65 20 56 88 20 
2 24 -58.48 83.65 20 -56 88 20 
2 24 58.48 83.65 -20 56 88 -20 
2 24 -58.48 83.65 -20 -56 88 -20 
2 24 56 88 20 54.14 90.14 20 
2 24 -56 88 20 -54.14 90.14 20 
2 24 56 88 -20 54.14 90.14 -20 
2 24 -56 88 -20 -54.14 90.14 -20 
2 24 54.14 90.14 16 56 88 16 
2 24 -54.14 90.14 16 -56 88 16 
2 24 54.14 90.14 -16 56 88 -16 
2 24 -54.14 90.14 -16 -56 88 -16 
4 16 56 88 20 54.14 90.14 20 54.14 90.14 16 56 88 16 
4 16 -56 88 20 -54.14 90.14 20 -54.14 90.14 16 -56 88 16 
4 16 56 88 -20 54.14 90.14 -20 54.14 90.14 -16 56 88 -16 
4 16 -56 88 -20 -54.14 90.14 -20 -54.14 90.14 -16 -56 88 -16 
1 16 40 20 20 20 0 0 0 0 -20 0 0 0 1-4edge.dat
1 16 -40 20 20 -20 0 0 0 0 -20 0 0 0 1-4edge.dat
1 16 40 20 -20 20 0 0 0 0 -20 0 0 0 1-4edge.dat
1 16 -40 20 -20 -20 0 0 0 0 -20 0 0 0 1-4edge.dat
1 16 40 20 20 20 0 0 0 0 -20 0 0 0 1-4disc.dat
1 16 -40 20 20 -20 0 0 0 0 -20 0 0 0 1-4disc.dat
1 16 40 20 -20 20 0 0 0 0 -20 0 0 0 1-4disc.dat
1 16 -40 20 -20 -20 0 0 0 0 -20 0 0 0 1-4disc.dat
2 24 60 20 20 60 24 20 
2 24 -60 20 20 -60 24 20 
2 24 60 20 -20 60 24 -20 
2 24 -60 20 -20 -60 24 -20 
4 16 40 20 20 60 20 20 60 76 20 40 76 20 
4 16 -40 20 20 -60 20 20 -60 76 20 -40 76 20 
4 16 40 20 -20 60 20 -20 60 76 -20 40 76 -20 
4 16 -40 20 -20 -60 20 -20 -60 76 -20 -40 76 -20 
4 16 60 20 -20 60 20 20 60 24 20 60 24 -20 
4 16 -60 20 -20 -60 20 20 -60 24 20 -60 24 -20 
4 16 60 20 20 60 20 -20 60 24 -20 60 24 20 
4 16 -60 20 20 -60 20 -20 -60 24 -20 -60 24 20 
4 16 60 76 -20 60 76 20 60 72 20 60 72 -20 
4 16 -60 76 -20 -60 76 20 -60 72 20 -60 72 -20 
4 16 60 76 20 60 76 -20 60 72 -20 60 72 20 
4 16 -60 76 20 -60 76 -20 -60 72 -20 -60 72 20 
1 16 40 20 -20 20 0 0 0 0 -20 0 40 0 1-4cyli.dat
1 16 -40 20 -20 -20 0 0 0 0 -20 0 40 0 1-4cyli.dat
4 16 60 72 -20 60 72 20 60 76 20 60 76 -20 
4 16 -60 72 -20 -60 72 20 -60 76 20 -60 76 -20 
4 16 60 76 20 58.48 83.65 20 58.48 83.65 -20 60 76 -20 
4 16 -60 76 20 -58.48 83.65 20 -58.48 83.65 -20 -60 76 -20 
4 16 56 88 20 58.48 83.65 20 58.48 83.65 -20 56 88 -20 
4 16 -56 88 20 -58.48 83.65 20 -58.48 83.65 -20 -56 88 -20 
2 24 56 88 16 56 88 -16 
2 24 -56 88 16 -56 88 -16
1 16 -30 0 10 1 0 0 0 1 0 0 0 1 stud.dat
1 16 -10 0 10 1 0 0 0 1 0 0 0 1 stud.dat
1 16 10 0 10 1 0 0 0 1 0 0 0 1 stud.dat
1 16 30 0 10 1 0 0 0 1 0 0 0 1 stud.dat
1 16 -30 0 -10 1 0 0 0 1 0 0 0 1 stud.dat
1 16 -10 0 -10 1 0 0 0 1 0 0 0 1 stud.dat
1 16 10 0 -10 1 0 0 0 1 0 0 0 1 stud.dat
1 16 30 0 -10 1 0 0 0 1 0 0 0 1 stud.dat
1 16 -20 0 0 4 0 0 0 0 0 0 0 4 4-4edge.dat
1 16 -20 0 0 4 0 0 0 0 0 0 0 4 4-4ndis.dat
1 16 -20 0 0 4 0 0 0 48 0 0 0 4 4-4cyli.dat
1 16 -20 4 0 8 0 0 0 0 0 0 0 8 4-4edge.dat
1 16 -20 4 0 8 0 0 0 0 0 0 0 8 4-4ndis.dat
1 16 -20 4 0 8 0 0 0 44 0 0 0 8 4-4cyli.dat
1 16 -20 48 0 4 0 0 0 0 0 0 0 4 4-4edge.dat
1 16 -20 48 0 6 0 0 0 0 0 0 0 6 4-4edge.dat
1 16 -20 48 0 2 0 0 0 0 0 0 0 2 ring2.dat
1 16 -20 48 0 1 0 0 0 -12 0 0 0 1 stud4a.dat
4 16 -30 4 16 -10 4 16 -12 4 8 -28 4 8 
4 16 -30 4 -16 -10 4 -16 -12 4 -8 -28 4 -8 
4 16 -30 4 16 -28 4 8 -28 4 -8 -30 4 -16 
4 16 -10 4 16 -12 4 8 -12 4 -8 -10 4 -16 
4 16 -30 0 20 -10 0 20 -16 0 4 -24 0 4 
4 16 -30 0 -20 -10 0 -20 -16 0 -4 -24 0 -4 
4 16 -30 0 20 -24 0 4 -24 0 -4 -30 0 -20 
4 16 -10 0 20 -16 0 4 -16 0 -4 -10 0 -20 
1 16 0 0 0 4 0 0 0 0 0 0 0 4 4-4edge.dat
1 16 0 0 0 4 0 0 0 0 0 0 0 4 4-4ndis.dat
1 16 0 0 0 4 0 0 0 48 0 0 0 4 4-4cyli.dat
1 16 0 4 0 8 0 0 0 0 0 0 0 8 4-4edge.dat
1 16 0 4 0 8 0 0 0 0 0 0 0 8 4-4ndis.dat
1 16 0 4 0 8 0 0 0 44 0 0 0 8 4-4cyli.dat
1 16 0 48 0 4 0 0 0 0 0 0 0 4 4-4edge.dat
1 16 0 48 0 6 0 0 0 0 0 0 0 6 4-4edge.dat
1 16 0 48 0 2 0 0 0 0 0 0 0 2 ring2.dat
1 16 0 48 0 1 0 0 0 -12 0 0 0 1 stud4a.dat
4 16 -10 4 16 10 4 16 8 4 8 -8 4 8 
4 16 -10 4 -16 10 4 -16 8 4 -8 -8 4 -8 
4 16 -10 4 16 -8 4 8 -8 4 -8 -10 4 -16 
4 16 10 4 16 8 4 8 8 4 -8 10 4 -16 
4 16 -10 0 20 10 0 20 4 0 4 -4 0 4 
4 16 -10 0 -20 10 0 -20 4 0 -4 -4 0 -4 
4 16 -10 0 20 -4 0 4 -4 0 -4 -10 0 -20 
4 16 10 0 20 4 0 4 4 0 -4 10 0 -20 
1 16 20 0 0 4 0 0 0 0 0 0 0 4 4-4edge.dat
1 16 20 0 0 4 0 0 0 0 0 0 0 4 4-4ndis.dat
1 16 20 0 0 4 0 0 0 48 0 0 0 4 4-4cyli.dat
1 16 20 4 0 8 0 0 0 0 0 0 0 8 4-4edge.dat
1 16 20 4 0 8 0 0 0 0 0 0 0 8 4-4ndis.dat
1 16 20 4 0 8 0 0 0 44 0 0 0 8 4-4cyli.dat
1 16 20 48 0 4 0 0 0 0 0 0 0 4 4-4edge.dat
1 16 20 48 0 6 0 0 0 0 0 0 0 6 4-4edge.dat
1 16 20 48 0 2 0 0 0 0 0 0 0 2 ring2.dat
1 16 20 48 0 1 0 0 0 -12 0 0 0 1 stud4a.dat
4 16 10 4 16 30 4 16 28 4 8 12 4 8 
4 16 10 4 -16 30 4 -16 28 4 -8 12 4 -8 
4 16 10 4 16 12 4 8 12 4 -8 10 4 -16 
4 16 30 4 16 28 4 8 28 4 -8 30 4 -16 
4 16 10 0 20 30 0 20 24 0 4 16 0 4 
4 16 10 0 -20 30 0 -20 24 0 -4 16 0 -4 
4 16 10 0 20 16 0 4 16 0 -4 10 0 -20 
4 16 30 0 20 24 0 4 24 0 -4 30 0 -20 
2 24 -40 0 20 40 0 20 
2 24 -40 0 -20 40 0 -20 
2 24 -40 96 20 40 96 20 
2 24 -40 96 -20 40 96 -20 
4 16 -40 0 20 -40 96 20 40 96 20 40 0 20 
4 16 -40 0 -20 -40 96 -20 40 96 -20 40 0 -20 
4 16 -40 96 16 40 96 16 40 96 20 -40 96 20 
4 16 -40 96 -16 40 96 -16 40 96 -20 -40 96 -20 
2 24 -40 4 16 40 4 16 
2 24 -40 4 -16 40 4 -16 
2 24 -40 96 16 40 96 16 
2 24 -40 96 -16 40 96 -16 
4 16 -40 4 16 -40 96 16 40 96 16 40 4 16 
4 16 -40 4 -16 -40 96 -16 40 96 -16 40 4 -16 
4 16 30 4 16 40 4 16 40 4 -16 30 4 -16 
4 16 -30 4 16 -40 4 16 -40 4 -16 -30 4 -16 
4 16 30 4 -16 40 4 -16 40 4 16 30 4 16 
4 16 -30 4 -16 -40 4 -16 -40 4 16 -30 4 16 
1 16 40 20 16 16 0 0 0 0 -16 0 0 0 1-4edge.dat
1 16 -40 20 16 -16 0 0 0 0 -16 0 0 0 1-4edge.dat
1 16 40 20 -16 16 0 0 0 0 -16 0 0 0 1-4edge.dat
1 16 -40 20 -16 -16 0 0 0 0 -16 0 0 0 1-4edge.dat
1 16 40 20 16 16 0 0 0 0 -16 0 0 0 1-4disc.dat
1 16 -40 20 16 -16 0 0 0 0 -16 0 0 0 1-4disc.dat
1 16 40 20 -16 16 0 0 0 0 -16 0 0 0 1-4disc.dat
1 16 -40 20 -16 -16 0 0 0 0 -16 0 0 0 1-4disc.dat
2 24 56 20 16 56 88 16 
2 24 -56 20 16 -56 88 16 
2 24 56 20 -16 56 88 -16 
2 24 -56 20 -16 -56 88 -16 
4 16 40 20 16 56 20 16 56 80 16 40 80 16 
4 16 -40 20 16 -56 20 16 -56 80 16 -40 80 16 
4 16 40 20 -16 56 20 -16 56 80 -16 40 80 -16 
4 16 -40 20 -16 -56 20 -16 -56 80 -16 -40 80 -16 
2 24 60 28 16 60 72 16 
2 24 -60 28 16 -60 72 16 
2 24 60 28 -16 60 72 -16 
2 24 -60 28 -16 -60 72 -16 
1 16 60 44 16 16 0 0 0 0 -16 0 0 0 1-4edge.dat
1 16 -60 44 16 -16 0 0 0 0 -16 0 0 0 1-4edge.dat
1 16 60 44 -16 16 0 0 0 0 -16 0 0 0 1-4edge.dat
1 16 -60 44 -16 -16 0 0 0 0 -16 0 0 0 1-4edge.dat
1 16 60 44 16 16 0 0 0 0 -16 0 0 0 1-4disc.dat
1 16 -60 44 16 -16 0 0 0 0 -16 0 0 0 1-4disc.dat
1 16 60 44 -16 16 0 0 0 0 -16 0 0 0 1-4disc.dat
1 16 -60 44 -16 -16 0 0 0 0 -16 0 0 0 1-4disc.dat
1 16 60 52 16 0 0 20 20 0 0 0 0 0 1-8edge.dat
1 16 -60 52 16 0 0 -20 20 0 0 0 0 0 1-8edge.dat
1 16 60 52 -16 0 0 20 20 0 0 0 0 0 1-8edge.dat
1 16 -60 52 -16 0 0 -20 20 0 0 0 0 0 1-8edge.dat
1 16 60 52 16 0 0 20 20 0 0 0 0 0 1-8disc.dat
1 16 -60 52 16 0 0 -20 20 0 0 0 0 0 1-8disc.dat
1 16 60 52 -16 0 0 20 20 0 0 0 0 0 1-8disc.dat
1 16 -60 52 -16 0 0 -20 20 0 0 0 0 0 1-8disc.dat
1 16 60 52 20 0 0 20 20 0 0 0 0 0 1-8edge.dat
1 16 -60 52 20 0 0 -20 20 0 0 0 0 0 1-8edge.dat
1 16 60 52 -20 0 0 20 20 0 0 0 0 0 1-8edge.dat
1 16 -60 52 -20 0 0 -20 20 0 0 0 0 0 1-8edge.dat
1 16 60 52 20 0 0 20 20 0 0 0 0 0 1-8disc.dat
1 16 -60 52 20 0 0 -20 20 0 0 0 0 0 1-8disc.dat
1 16 60 52 -20 0 0 20 20 0 0 0 0 0 1-8disc.dat
1 16 -60 52 -20 0 0 -20 20 0 0 0 0 0 1-8disc.dat
1 16 60 52 16 0 0 20 20 0 0 0 4 0 1-8cyli.dat
1 16 -60 52 16 0 0 -20 20 0 0 0 4 0 1-8cyli.dat
1 16 60 52 -16 0 0 20 20 0 0 0 -4 0 1-8cyli.dat
1 16 -60 52 -16 0 0 -20 20 0 0 0 -4 0 1-8cyli.dat
1 16 60 44 20 20 0 0 0 0 -20 0 0 0 1-4edge.dat
1 16 -60 44 20 -20 0 0 0 0 -20 0 0 0 1-4edge.dat
1 16 60 44 -20 20 0 0 0 0 -20 0 0 0 1-4edge.dat
1 16 -60 44 -20 -20 0 0 0 0 -20 0 0 0 1-4edge.dat
1 16 60 44 20 20 0 0 0 0 -20 0 0 0 1-4disc.dat
1 16 -60 44 20 -20 0 0 0 0 -20 0 0 0 1-4disc.dat
1 16 60 44 -20 20 0 0 0 0 -20 0 0 0 1-4disc.dat
1 16 -60 44 -20 -20 0 0 0 0 -20 0 0 0 1-4disc.dat
4 16 60 52 20 80 52 20 78.48 59.65 20 76 64 20 
4 16 -60 52 20 -80 52 20 -78.48 59.65 20 -76 64 20 
4 16 60 52 -20 80 52 -20 78.48 59.65 -20 76 64 -20 
4 16 -60 52 -20 -80 52 -20 -78.48 59.65 -20 -76 64 -20 
3 16 60 52 20 76 64 20 74.14 66.14 20 
3 16 -60 52 20 -76 64 20 -74.14 66.14 20 
3 16 60 52 -20 76 64 -20 74.14 66.14 -20 
3 16 -60 52 -20 -76 64 -20 -74.14 66.14 -20 
3 16 60 52 16 76 64 16 74.14 66.14 16 
3 16 -60 52 16 -76 64 16 -74.14 66.14 16 
3 16 60 52 -16 76 64 -16 74.14 66.14 -16 
3 16 -60 52 -16 -76 64 -16 -74.14 66.14 -16 
2 24 80 44 20 80 52 20 
2 24 -80 44 20 -80 52 20 
2 24 80 44 -20 80 52 -20 
2 24 -80 44 -20 -80 52 -20 
2 24 80 52 20 78.48 59.65 20 
2 24 -80 52 20 -78.48 59.65 20 
2 24 80 52 -20 78.48 59.65 -20 
2 24 -80 52 -20 -78.48 59.65 -20 
2 24 78.48 59.65 20 76 64 20 
2 24 -78.48 59.65 20 -76 64 20 
2 24 78.48 59.65 -20 76 64 -20 
2 24 -78.48 59.65 -20 -76 64 -20 
2 24 76 64 20 74.14 66.14 20 
2 24 -76 64 20 -74.14 66.14 20 
2 24 76 64 -20 74.14 66.14 -20 
2 24 -76 64 -20 -74.14 66.14 -20 
2 24 74.14 66.14 16 76 64 16 
2 24 -74.14 66.14 16 -76 64 16 
2 24 74.14 66.14 -16 76 64 -16 
2 24 -74.14 66.14 -16 -76 64 -16 
4 16 76 64 20 74.14 66.14 20 74.14 66.14 16 76 64 16 
4 16 -76 64 20 -74.14 66.14 20 -74.14 66.14 16 -76 64 16 
4 16 76 64 -20 74.14 66.14 -20 74.14 66.14 -16 76 64 -16 
4 16 -76 64 -20 -74.14 66.14 -20 -74.14 66.14 -16 -76 64 -16 
4 16 76 44 16 76 64 16 60 64 16 60 44 16 
4 16 -76 44 16 -76 64 16 -60 64 16 -60 44 16 
4 16 76 44 -16 76 64 -16 60 64 -16 60 44 -16 
4 16 -76 44 -16 -76 64 -16 -60 64 -16 -60 44 -16 
4 16 60 44 20 80 44 20 80 52 20 60 52 20 
4 16 -60 44 20 -80 44 20 -80 52 20 -60 52 20 
4 16 60 44 -20 80 44 -20 80 52 -20 60 52 -20 
4 16 -60 44 -20 -80 44 -20 -80 52 -20 -60 52 -20 
2 24 60 72 16 60 72 20 
2 24 -60 72 16 -60 72 20 
2 24 60 72 -16 60 72 -20 
2 24 -60 72 -16 -60 72 -20 
4 16 30 0 -20 30 0 20 40 0 20 40 0 -20 
4 16 -30 0 -20 -30 0 20 -40 0 20 -40 0 -20 
2 24 60 24 -20 60 24 20 
2 24 -60 24 -20 -60 24 20 
1 16 60 44 16 16 0 0 0 0 -16 0 -32 0 1-4cyli.dat
1 16 -60 44 16 -16 0 0 0 0 -16 0 -32 0 1-4cyli.dat
1 16 60 44 -20 20 0 0 0 0 -20 0 40 0 1-4cyli.dat
1 16 -60 44 -20 -20 0 0 0 0 -20 0 40 0 1-4cyli.dat
4 16 60 28 -16 60 28 16 60 72 16 60 72 -16 
4 16 -60 28 -16 -60 28 16 -60 72 16 -60 72 -16 
4 16 80 52 20 78.48 59.65 20 78.48 59.65 -20 80 52 -20 
4 16 -80 52 20 -78.48 59.65 20 -78.48 59.65 -20 -80 52 -20 
4 16 76 64 20 78.48 59.65 20 78.48 59.65 -20 76 64 -20 
4 16 -76 64 20 -78.48 59.65 20 -78.48 59.65 -20 -76 64 -20 
2 24 76 64 16 76 64 -16 
2 24 -76 64 16 -76 64 -16 
4 16 76 44 -16 76 44 16 76 64 16 76 64 -16 
4 16 -76 44 -16 -76 44 16 -76 64 16 -76 64 -16 
4 16 80 52 20 80 44 20 80 44 -20 80 52 -20
4 16 -80 52 20 -80 44 20 -80 44 -20 -80 52 -20
1 16 40 20 16 16 0 0 0 0 -16 0 -32 0 1-4cyli.dat
1 16 -40 20 16 -16 0 0 0 0 -16 0 -32 0 1-4cyli.dat
4 16 56 20 16 56 20 -16 56 80 -16 56 80 16
4 16 -56 20 16 -56 20 -16 -56 80 -16 -56 80 16
