0 Brick  2 x  3 with Curved Top
0 Name: 6215.dat
0 Author: James Jessiman
0 !LDRAW_ORG Part ORIGINAL
0 !LICENSE Redistributable under CCAL version 2.0 : see CAreadme.txt

0 !HISTORY 2007-12-20 [PTadmin] Header formatted for Contributor Agreement
0 !HISTORY 2008-07-01 [PTadmin] Official Update 2008-01

 1 16 20 4 0 0 0 6 0 0 1.86 6 0 0 2-4edge.dat
 1 16 20 4 0 0 0 -6 0 0 0 6 0 0 2-4edge.dat
 1 16 20 4 0 0 0 6 0 4 1.86 6 0 0 2-4cyli.dat
 1 16 20 4 0 0 0 -6 0 4 0 6 0 0 2-4cyli.dat

 1 16 20 4 0 0 0 8 0 0 2.48 8 0 0 2-4edge.dat
 1 16 20 4 0 0 0 -8 0 0 0 8 0 0 2-4edge.dat
 1 16 20 4 0 0 0 8 0 4 2.48 8 0 0 2-4cyli.dat
 1 16 20 4 0 0 0 -8 0 4 0 8 0 0 2-4cyli.dat

 1 16 0 4 0 1 0 0 0 -5 0 0 0 1 stud4.dat
 1 16 20 8 0 1 0 0 0 -4 0 0 0 1 stud4a.dat

 2 24 40 24 20 -20 24 20
 2 24 -20 24 20 -20 24 -20
 2 24 -20 24 -20 40 24 -20
 2 24 40 24 -20 40 24 20

 2 24 36 24 16 -16 24 16
 2 24 -16 24 16 -16 24 -16
 2 24 -16 24 -16 36 24 -16
 2 24 36 24 -16 36 24 16

 2 24 40 20 20 40 24 20
 2 24 -20 0 20 -20 24 20
 2 24 -20 0 -20 -20 24 -20
 2 24 40 20 -20 40 24 -20

 2 24 36 20 16 36 24 16
 2 24 -16 4 16 -16 24 16
 2 24 -16 4 -16 -16 24 -16
 2 24 36 20 -16 36 24 -16

 2 24 20 0 20 -20 0 20
 2 24 -20 0 20 -20 0 -20
 2 24 20 0 -20 -20 0 -20

 2 24 20 4 16 -16 4 16
 2 24 -16 4 16 -16 4 -16
 2 24 20 4 -16 -16 4 -16

 1 16 20 20 20 20 0 0 0 0 -20 0 0 0 1-4edge.dat
 1 16 20 20 -20 20 0 0 0 0 -20 0 0 0 1-4edge.dat
 1 16 20 20 16 16 0 0 0 0 -16 0 0 0 1-4edge.dat
 1 16 20 20 -16 16 0 0 0 0 -16 0 0 0 1-4edge.dat

 4 16 40 24 20 36 24 16 -16 24 16 -20 24 20
 4 16 -20 24 20 -16 24 16 -16 24 -16 -20 24 -20
 4 16 -20 24 -20 -16 24 -16 36 24 -16 40 24 -20
 4 16 40 24 -20 36 24 -16 36 24 16 40 24 20

 4 16 20 4 16 -16 4 16 -16 4 -16 20 4 -16
 1 16 20 20 16 16 0 0 0 0 -16 0 -32 0 1-4cyli.dat
 4 16 20 0 20 -20 0 20 -20 0 -20 20 0 -20
 1 16 20 20 20 20 0 0 0 0 -20 0 -40 0 1-4cyli.dat

 4 16 40 24 20 40 20 20 40 20 -20 40 24 -20
 4 16 36 24 16 36 20 16 36 20 -16 36 24 -16
 4 16 -16 24 16 -16 4 16 -16 4 -16 -16 24 -16
 4 16 -20 24 20 -20 0 20 -20 0 -20 -20 24 -20

 4 16 40 24 20 40 20 20 20 20 20 -20 24 20
 4 16 20 20 20 20 0 20 -20 0 20 -20 24 20
 1 16 20 20 20 20 0 0 0 0 -20 0 0 0 1-4disc.dat
 4 16 36 24 16 36 20 16 20 20 16 -16 24 16
 4 16 20 20 16 20 4 16 -20 4 16 -20 24 16
 1 16 20 20 16 16 0 0 0 0 -16 0 0 0 1-4disc.dat
 4 16 36 24 -16 36 20 -16 20 20 -16 -16 24 -16
 4 16 20 20 -16 20 4 -16 -20 4 -16 -20 24 -16
 1 16 20 20 -16 16 0 0 0 0 -16 0 0 0 1-4disc.dat
 4 16 40 24 -20 40 20 -20 20 20 -20 -20 24 -20
 4 16 20 20 -20 20 0 -20 -20 0 -20 -20 24 -20
 1 16 20 20 -20 20 0 0 0 0 -20 0 0 0 1-4disc.dat

 1 16 10 0 10 1 0 0 0 1 0 0 0 1 stud.dat
 1 16 -10 0 10 1 0 0 0 1 0 0 0 1 stud.dat
 1 16 10 0 -10 1 0 0 0 1 0 0 0 1 stud.dat
 1 16 -10 0 -10 1 0 0 0 1 0 0 0 1 stud.dat
0
