0 Belville Parasol
0 Name: 6252.dat
0 Author: Tore Eriksson [Tore_Eriksson]
0 !LDRAW_ORG Part UPDATE 1997-16
0 !LICENSE Redistributable under CCAL version 2.0 : see CAreadme.txt

0 !HISTORY 1997-10-29 [PTadmin] Official Update 1997-16
0 !HISTORY 2007-07-16 [PTadmin] Header formatted for Contributor Agreement
0 !HISTORY 2008-07-01 [PTadmin] Official Update 2008-01

1 16  0 0 0  1 0 0  0 1 0  0 0 1 stud.dat
1 16  0 0 0  20 0 0  0 0 0  0 0 20  4-4disc.dat
2 24  -80 16 -33.14 -80 16 33.14
2 24  -80 16 33.14  -33.14 16 80
2 24  -33.14 16 80  33.14 16 80
2 24  33.14 16 80  80 16 33.14
2 24  80 16 33.14  80 16 -33.14
2 24  80 16 -33.14  33.14 16 -80
2 24  33.14 16 -80  -33.14 16 -80
2 24 -33.14 16 -80  -80 16 -33.14

4 16 -18.48 0 7.65 -18.48 0 -7.65 -34.3 1.33 -14.2 -34.3 1.33 14.2
2 24 -18.48 0 7.65 -34.3 1.33 14.2
4 16 -34.3 1.33 14.2 -34.3 1.33 -14.2 -47 3.33 -19.47 -47 3.33 19.47
2 24 -34.3 1.33 14.2 -47 3.33 19.47
4 16 -47 3.33 19.47 -47 3.33 -19.47 -59.63 6.665 -24.7 -59.63 6.665 24.7
2 24 -47 3.33 19.47 -59.63 6.665 24.7
4 16 -59.63 6.665 24.7 -59.63 6.665 -24.7 -70.7 10.864 -29.29 -70.7 10.864 29.29
2 24 -59.63 6.665 24.7 -70.7 10.864 29.29
4 16 -70.7 10.864 29.29 -70.7 10.864 -29.29 -80 16 -33.14 -80 16 33.14
2 24 -70.7 10.864 29.29 -80 16 33.14

4 16 -7.657 0 18.474 -18.474 0 7.657 -34.29 1.33 14.211 -14.211 1.33 34.29
2 24 -7.657 0 18.474 -14.211 1.33 34.29
4 16 -14.211 1.33 34.29 -34.29 1.33 14.211 -47 3.33 19.464 -19.464 3.33 47
2 24 -14.211 1.33 34.29 -19.464 3.33 47
4 16 -19.464 3.33 47 -47 3.33 19.464 -59.621 6.665 24.7 -24.7 6.665 59.621
2 24 -19.464 3.33 47 -24.7 6.665 59.621
4 16 -24.7 6.665 59.621 -59.621 6.665 24.7 -70.693 10.864 29.277 -29.277 10.864 70.693
2 24 -24.7 6.665 59.621 -29.277 10.864 70.693
4 16 -29.277 10.864 70.693 -70.693 10.864 29.277 -79.99 16 33.13 -33.13 16 79.99
2 24 -29.277 10.864 70.693 -33.13 16 79.99

4 16 7.65 0 18.48 -7.65 0 18.48 -14.2 1.33 34.3 14.2 1.33 34.3
2 24 7.65 0 18.48 14.2 1.33 34.3
4 16 14.2 1.33 34.3 -14.2 1.33 34.3 -19.47 3.33 47 19.47 3.33 47
2 24 14.2 1.33 34.3 19.47 3.33 47
4 16 19.47 3.33 47 -19.47 3.33 47 -24.7 6.665 59.63 24.7 6.665 59.63
2 24 19.47 3.33 47 24.7 6.665 59.63
4 16 24.7 6.665 59.63 -24.7 6.665 59.63 -29.29 10.864 70.7 29.29 10.864 70.7
2 24 24.7 6.665 59.63 29.29 10.864 70.7
4 16 29.29 10.864 70.7 -29.29 10.864 70.7 -33.14 16 80 33.14 16 80
2 24 29.29 10.864 70.7 33.14 16 80

4 16 18.474 0 7.657 7.657 0 18.474 14.211 1.33 34.29 34.29 1.33 14.211
2 24 18.474 0 7.657 34.29 1.33 14.211
4 16 34.29 1.33 14.211 14.211 1.33 34.29 19.464 3.33 47 47 3.33 19.464
2 24 34.29 1.33 14.211 47 3.33 19.464
4 16 47 3.33 19.464 19.464 3.33 47 24.7 6.665 59.621 59.621 6.665 24.7
2 24 47 3.33 19.464 59.621 6.665 24.7
4 16 59.621 6.665 24.7 24.7 6.665 59.621 29.277 10.864 70.693 70.693 10.864 29.277
2 24 59.621 6.665 24.7 70.693 10.864 29.277
4 16 70.693 10.864 29.277 29.277 10.864 70.693 33.13 16 79.99 79.99 16 33.13
2 24 70.693 10.864 29.277 79.99 16 33.13

4 16 18.48 0 -7.65 18.48 0 7.65 34.3 1.33 14.2 34.3 1.33 -14.2
2 24 18.48 0 -7.65 34.3 1.33 -14.2
4 16 34.3 1.33 -14.2 34.3 1.33 14.2 47 3.33 19.47 47 3.33 -19.47
2 24 34.3 1.33 -14.2 47 3.33 -19.47
4 16 47 3.33 -19.47 47 3.33 19.47 59.63 6.665 24.7 59.63 6.665 -24.7
2 24 47 3.33 -19.47 59.63 6.665 -24.7
4 16 59.63 6.665 -24.7 59.63 6.665 24.7 70.7 10.864 29.29 70.7 10.864 -29.29
2 24 59.63 6.665 -24.7 70.7 10.864 -29.29
4 16 70.7 10.864 -29.29 70.7 10.864 29.29 80 16 33.14 80 16 -33.14
2 24 70.7 10.864 -29.29 80 16 -33.14

4 16 7.657 0 -18.474 18.474 0 -7.657 34.29 1.33 -14.211 14.211 1.33 -34.29
2 24 7.657 0 -18.474 14.211 1.33 -34.29
4 16 14.211 1.33 -34.29 34.29 1.33 -14.211 47 3.33 -19.464 19.464 3.33 -47
2 24 14.211 1.33 -34.29 19.464 3.33 -47
4 16 19.464 3.33 -47 47 3.33 -19.464 59.621 6.665 -24.7 24.7 6.665 -59.621
2 24 19.464 3.33 -47 24.7 6.665 -59.621
4 16 24.7 6.665 -59.621 59.621 6.665 -24.7 70.693 10.864 -29.277 29.277 10.864 -70.693
2 24 24.7 6.665 -59.621 29.277 10.864 -70.693
4 16 29.277 10.864 -70.693 70.693 10.864 -29.277 79.99 16 -33.13 33.13 16 -79.99
2 24 29.277 10.864 -70.693 33.13 16 -79.99

4 16 -7.65 0 -18.48 7.65 0 -18.48 14.2 1.33 -34.3 -14.2 1.33 -34.3
2 24 -7.65 0 -18.48 -14.2 1.33 -34.3
4 16 -14.2 1.33 -34.3 14.2 1.33 -34.3 19.47 3.33 -47 -19.47 3.33 -47
2 24 -14.2 1.33 -34.3 -19.47 3.33 -47
4 16 -19.47 3.33 -47 19.47 3.33 -47 24.7 6.665 -59.63 -24.7 6.665 -59.63
2 24 -19.47 3.33 -47 -24.7 6.665 -59.63
4 16 -24.7 6.665 -59.63 24.7 6.665 -59.63 29.29 10.864 -70.7 -29.29 10.864 -70.7
2 24 -24.7 6.665 -59.63 -29.29 10.864 -70.7
4 16 -29.29 10.864 -70.7 29.29 10.864 -70.7 33.14 16 -80 -33.14 16 -80
2 24 -29.29 10.864 -70.7 -33.14 16 -80

4 16 -18.474 0 -7.657 -7.657 0 -18.474 -14.211 1.33 -34.29 -34.29 1.33 -14.211
2 24 -18.474 0 -7.657 -34.29 1.33 -14.211
4 16 -34.29 1.33 -14.211 -14.211 1.33 -34.29 -19.464 3.33 -47 -47 3.33 -19.464
2 24 -34.29 1.33 -14.211 -47 3.33 -19.464
4 16 -47 3.33 -19.464 -19.464 3.33 -47 -24.7 6.665 -59.621 -59.621 6.665 -24.7
2 24 -47 3.33 -19.464 -59.621 6.665 -24.7
4 16 -59.621 6.665 -24.7 -24.7 6.665 -59.621 -29.277 10.864 -70.693 -70.693 10.864 -29.277
2 24 -59.621 6.665 -24.7 -70.693 10.864 -29.277
4 16 -70.693 10.864 -29.277 -29.277 10.864 -70.693 -33.13 16 -79.99 -79.99 16 -33.13
2 24 -70.693 10.864 -29.277 -79.99 16 -33.13

1 16 0 4 0  20 0 0  0 0 0  0 0 20  4-4disc.dat

0 Inlined: 1 16  0 0 0     1 0    0  0 1 0     0 0    1  fransk.dat
1 16 -80 24 0 0 0 0 0 0 -4 4 0 0 2-4edge.dat
1 16 -80 24 0 0 0 0 0 0 -4 4 0 0 2-4ndis.dat
1 16 -80 24 -33.14 0 0 0 0 0 -4 4 0 0 1-4edge.dat
1 16 -80 24 -33.14 0 0 0 0 0 -4 4 0 0 1-4ndis.dat
1 16 -80 24 33.14 0 0 0 0 0 -4 -4 0 0 1-4edge.dat
1 16 -80 24 33.14 0 0 0 0 0 -4 -4 0 0 1-4ndis.dat
4 16 -80 20 -4 -80 24 -4 -80 24 -29.14 -80 20 -29.14
4 16 -80 20 4 -80 24 4 -80 24 29.14 -80 20 29.14
4 16 -80 16 -33.14 -80 20 -33.14 -80 20 33.14 -80 16 33.14
1 16 -80 24 -16.57 0 0 0 0 0 4 12.57 0 0 2-4edge.dat
1 16 -80 24 -16.57 0 0 0 0 0 4 12.57 0 0 2-4disc.dat
1 16 -80 24 16.57 0 0 0 0 0 4 12.57 0 0 2-4edge.dat
1 16 -80 24 16.57 0 0 0 0 0 4 12.57 0 0 2-4disc.dat
1 16 -80 24 0 0 4 0 0 0 -4 4 0 0 2-4cyli.dat
1 16 -76 24 0 0 0 0 0 0 -4 4 0 0 2-4edge.dat
1 16 -76 24 0 0 0 0 0 0 -4 4 0 0 2-4ndis.dat
2 24 -76 18 -31.48 -76 18 31.48
4 16 -76 18 -31.48 -76 20 -31.48 -76 20 31.48 -76 18 31.48
4 16 -76 20 -27.48 -76 24 -27.48 -76 24 -4 -76 20 -4
4 16 -76 20 27.48 -76 24 27.48 -76 24 4 -76 20 4
1 16 -76 24 -15.74 0 0 0 0 0 4 11.74 0 0 2-4edge.dat
1 16 -76 24 -15.74 0 0 0 0 0 4 11.74 0 0 2-4disc.dat
1 16 -76 24 15.74 0 0 0 0 0 4 11.74 0 0 2-4edge.dat
1 16 -76 24 15.74 0 0 0 0 0 4 11.74 0 0 2-4disc.dat
1 16 -76 24 -31.48 0 0 0 0 0 -4 4 0 0 1-4edge.dat
1 16 -76 24 -31.48 0 0 0 0 0 -4 4 0 0 1-4ndis.dat
1 16 -76 24 31.48 0 0 0 0 0 -4 -4 0 0 1-4edge.dat
1 16 -76 24 31.48 0 0 0 0 0 -4 -4 0 0 1-4ndis.dat
4 16 -76 18 -31.48 -76 18 31.48 -18.48 4 7.65 -18.48 4 -7.65
2 24 -76 18 -31.48 -18.48 4 -7.65
0 Inlined: 1 16  0 0 0   0.707 0  0.707  0 1 0  -0.707 0  0.707  fransk.dat
1 16 -56.56 24 56.56 2.828 0 0 0 0 -4 2.828 0 0 2-4edge.dat
1 16 -56.56 24 56.56 2.828 0 0 0 0 -4 2.828 0 0 2-4ndis.dat
1 16 -79.99 24 33.13 2.828 0 0 0 0 -4 2.828 0 0 1-4edge.dat
1 16 -79.99 24 33.13 2.828 0 0 0 0 -4 2.828 0 0 1-4ndis.dat
1 16 -33.13 24 79.99 -2.828 0 0 0 0 -4 -2.828 0 0 1-4edge.dat
1 16 -33.13 24 79.99 -2.828 0 0 0 0 -4 -2.828 0 0 1-4ndis.dat
4 16 -59.388 20 53.732 -59.388 24 53.732 -77.162 24 35.958 -77.162 20 35.958
4 16 -53.732 20 59.388 -53.732 24 59.388 -35.958 24 77.162 -35.958 20 77.162
4 16 -79.99 16 33.13 -79.99 20 33.13 -33.13 20 79.99 -33.13 16 79.99
1 16 -68.275 24 44.845 8.887 0 0 0 0 4 8.887 0 0 2-4edge.dat
1 16 -68.275 24 44.845 8.887 0 0 0 0 4 8.887 0 0 2-4disc.dat
1 16 -44.845 24 68.275 8.887 0 0 0 0 4 8.887 0 0 2-4edge.dat
1 16 -44.845 24 68.275 8.887 0 0 0 0 4 8.887 0 0 2-4disc.dat
1 16 -56.56 24 56.56 2.828 2.828 0 0 0 -4 2.828 -2.828 0 2-4cyli.dat
1 16 -53.732 24 53.732 2.828 0 0 0 0 -4 2.828 0 0 2-4edge.dat
1 16 -53.732 24 53.732 2.828 0 0 0 0 -4 2.828 0 0 2-4ndis.dat
2 24 -75.988 18 31.476 -31.476 18 75.988
4 16 -75.988 18 31.476 -75.988 20 31.476 -31.476 20 75.988 -31.476 18 75.988
4 16 -73.16 20 34.304 -73.16 24 34.304 -56.56 24 50.904 -56.56 20 50.904
4 16 -34.304 20 73.16 -34.304 24 73.16 -50.904 24 56.56 -50.904 20 56.56
1 16 -64.86 24 42.604 8.3 0 0 0 0 4 8.3 0 0 2-4edge.dat
1 16 -64.86 24 42.604 8.3 0 0 0 0 4 8.3 0 0 2-4disc.dat
1 16 -42.604 24 64.86 8.3 0 0 0 0 4 8.3 0 0 2-4edge.dat
1 16 -42.604 24 64.86 8.3 0 0 0 0 4 8.3 0 0 2-4disc.dat
1 16 -75.988 24 31.476 2.828 0 0 0 0 -4 2.828 0 0 1-4edge.dat
1 16 -75.988 24 31.476 2.828 0 0 0 0 -4 2.828 0 0 1-4ndis.dat
1 16 -31.476 24 75.988 -2.828 0 0 0 0 -4 -2.828 0 0 1-4edge.dat
1 16 -31.476 24 75.988 -2.828 0 0 0 0 -4 -2.828 0 0 1-4ndis.dat
4 16 -75.988 18 31.476 -31.476 18 75.988 -7.657 4 18.474 -18.474 4 7.657
2 24 -75.988 18 31.476 -18.474 4 7.657
0 Inlined: 1 16  0 0 0     0 0    1  0 1 0    -1 0    0  fransk.dat
1 16 0 24 80 4 0 0 0 0 -4 0 0 0 2-4edge.dat
1 16 0 24 80 4 0 0 0 0 -4 0 0 0 2-4ndis.dat
1 16 -33.14 24 80 4 0 0 0 0 -4 0 0 0 1-4edge.dat
1 16 -33.14 24 80 4 0 0 0 0 -4 0 0 0 1-4ndis.dat
1 16 33.14 24 80 -4 0 0 0 0 -4 0 0 0 1-4edge.dat
1 16 33.14 24 80 -4 0 0 0 0 -4 0 0 0 1-4ndis.dat
4 16 -4 20 80 -4 24 80 -29.14 24 80 -29.14 20 80
4 16 4 20 80 4 24 80 29.14 24 80 29.14 20 80
4 16 -33.14 16 80 -33.14 20 80 33.14 20 80 33.14 16 80
1 16 -16.57 24 80 12.57 0 0 0 0 4 0 0 0 2-4edge.dat
1 16 -16.57 24 80 12.57 0 0 0 0 4 0 0 0 2-4disc.dat
1 16 16.57 24 80 12.57 0 0 0 0 4 0 0 0 2-4edge.dat
1 16 16.57 24 80 12.57 0 0 0 0 4 0 0 0 2-4disc.dat
1 16 0 24 80 4 0 0 0 0 -4 0 -4 0 2-4cyli.dat
1 16 0 24 76 4 0 0 0 0 -4 0 0 0 2-4edge.dat
1 16 0 24 76 4 0 0 0 0 -4 0 0 0 2-4ndis.dat
2 24 -31.48 18 76 31.48 18 76
4 16 -31.48 18 76 -31.48 20 76 31.48 20 76 31.48 18 76
4 16 -27.48 20 76 -27.48 24 76 -4 24 76 -4 20 76
4 16 27.48 20 76 27.48 24 76 4 24 76 4 20 76
1 16 -15.74 24 76 11.74 0 0 0 0 4 0 0 0 2-4edge.dat
1 16 -15.74 24 76 11.74 0 0 0 0 4 0 0 0 2-4disc.dat
1 16 15.74 24 76 11.74 0 0 0 0 4 0 0 0 2-4edge.dat
1 16 15.74 24 76 11.74 0 0 0 0 4 0 0 0 2-4disc.dat
1 16 -31.48 24 76 4 0 0 0 0 -4 0 0 0 1-4edge.dat
1 16 -31.48 24 76 4 0 0 0 0 -4 0 0 0 1-4ndis.dat
1 16 31.48 24 76 -4 0 0 0 0 -4 0 0 0 1-4edge.dat
1 16 31.48 24 76 -4 0 0 0 0 -4 0 0 0 1-4ndis.dat
4 16 -31.48 18 76 31.48 18 76 7.65 4 18.48 -7.65 4 18.48
2 24 -31.48 18 76 -7.65 4 18.48
0 Inlined: 1 16  0 0 0  -0.707 0  0.707  0 1 0  -0.707 0 -0.707  fransk.dat
1 16 56.56 24 56.56 2.828 0 0 0 0 -4 -2.828 0 0 2-4edge.dat
1 16 56.56 24 56.56 2.828 0 0 0 0 -4 -2.828 0 0 2-4ndis.dat
1 16 33.13 24 79.99 2.828 0 0 0 0 -4 -2.828 0 0 1-4edge.dat
1 16 33.13 24 79.99 2.828 0 0 0 0 -4 -2.828 0 0 1-4ndis.dat
1 16 79.99 24 33.13 -2.828 0 0 0 0 -4 2.828 0 0 1-4edge.dat
1 16 79.99 24 33.13 -2.828 0 0 0 0 -4 2.828 0 0 1-4ndis.dat
4 16 53.732 20 59.388 53.732 24 59.388 35.958 24 77.162 35.958 20 77.162
4 16 59.388 20 53.732 59.388 24 53.732 77.162 24 35.958 77.162 20 35.958
4 16 33.13 16 79.99 33.13 20 79.99 79.99 20 33.13 79.99 16 33.13
1 16 44.845 24 68.275 8.887 0 0 0 0 4 -8.887 0 0 2-4edge.dat
1 16 44.845 24 68.275 8.887 0 0 0 0 4 -8.887 0 0 2-4disc.dat
1 16 68.275 24 44.845 8.887 0 0 0 0 4 -8.887 0 0 2-4edge.dat
1 16 68.275 24 44.845 8.887 0 0 0 0 4 -8.887 0 0 2-4disc.dat
1 16 56.56 24 56.56 2.828 -2.828 0 0 0 -4 -2.828 -2.828 0 2-4cyli.dat
1 16 53.732 24 53.732 2.828 0 0 0 0 -4 -2.828 0 0 2-4edge.dat
1 16 53.732 24 53.732 2.828 0 0 0 0 -4 -2.828 0 0 2-4ndis.dat
2 24 31.476 18 75.988 75.988 18 31.476
4 16 31.476 18 75.988 31.476 20 75.988 75.988 20 31.476 75.988 18 31.476
4 16 34.304 20 73.16 34.304 24 73.16 50.904 24 56.56 50.904 20 56.56
4 16 73.16 20 34.304 73.16 24 34.304 56.56 24 50.904 56.56 20 50.904
1 16 42.604 24 64.86 8.3 0 0 0 0 4 -8.3 0 0 2-4edge.dat
1 16 42.604 24 64.86 8.3 0 0 0 0 4 -8.3 0 0 2-4disc.dat
1 16 64.86 24 42.604 8.3 0 0 0 0 4 -8.3 0 0 2-4edge.dat
1 16 64.86 24 42.604 8.3 0 0 0 0 4 -8.3 0 0 2-4disc.dat
1 16 31.476 24 75.988 2.828 0 0 0 0 -4 -2.828 0 0 1-4edge.dat
1 16 31.476 24 75.988 2.828 0 0 0 0 -4 -2.828 0 0 1-4ndis.dat
1 16 75.988 24 31.476 -2.828 0 0 0 0 -4 2.828 0 0 1-4edge.dat
1 16 75.988 24 31.476 -2.828 0 0 0 0 -4 2.828 0 0 1-4ndis.dat
4 16 31.476 18 75.988 75.988 18 31.476 18.474 4 7.657 7.657 4 18.474
2 24 31.476 18 75.988 7.657 4 18.474
0 Inlined: 1 16  0 0 0    -1 0    0  0 1 0     0 0   -1  fransk.dat
1 16 80 24 0 0 0 0 0 0 -4 -4 0 0 2-4edge.dat
1 16 80 24 0 0 0 0 0 0 -4 -4 0 0 2-4ndis.dat
1 16 80 24 33.14 0 0 0 0 0 -4 -4 0 0 1-4edge.dat
1 16 80 24 33.14 0 0 0 0 0 -4 -4 0 0 1-4ndis.dat
1 16 80 24 -33.14 0 0 0 0 0 -4 4 0 0 1-4edge.dat
1 16 80 24 -33.14 0 0 0 0 0 -4 4 0 0 1-4ndis.dat
4 16 80 20 4 80 24 4 80 24 29.14 80 20 29.14
4 16 80 20 -4 80 24 -4 80 24 -29.14 80 20 -29.14
4 16 80 16 33.14 80 20 33.14 80 20 -33.14 80 16 -33.14
1 16 80 24 16.57 0 0 0 0 0 4 -12.57 0 0 2-4edge.dat
1 16 80 24 16.57 0 0 0 0 0 4 -12.57 0 0 2-4disc.dat
1 16 80 24 -16.57 0 0 0 0 0 4 -12.57 0 0 2-4edge.dat
1 16 80 24 -16.57 0 0 0 0 0 4 -12.57 0 0 2-4disc.dat
1 16 80 24 0 0 -4 0 0 0 -4 -4 0 0 2-4cyli.dat
1 16 76 24 0 0 0 0 0 0 -4 -4 0 0 2-4edge.dat
1 16 76 24 0 0 0 0 0 0 -4 -4 0 0 2-4ndis.dat
2 24 76 18 31.48 76 18 -31.48
4 16 76 18 31.48 76 20 31.48 76 20 -31.48 76 18 -31.48
4 16 76 20 27.48 76 24 27.48 76 24 4 76 20 4
4 16 76 20 -27.48 76 24 -27.48 76 24 -4 76 20 -4
1 16 76 24 15.74 0 0 0 0 0 4 -11.74 0 0 2-4edge.dat
1 16 76 24 15.74 0 0 0 0 0 4 -11.74 0 0 2-4disc.dat
1 16 76 24 -15.74 0 0 0 0 0 4 -11.74 0 0 2-4edge.dat
1 16 76 24 -15.74 0 0 0 0 0 4 -11.74 0 0 2-4disc.dat
1 16 76 24 31.48 0 0 0 0 0 -4 -4 0 0 1-4edge.dat
1 16 76 24 31.48 0 0 0 0 0 -4 -4 0 0 1-4ndis.dat
1 16 76 24 -31.48 0 0 0 0 0 -4 4 0 0 1-4edge.dat
1 16 76 24 -31.48 0 0 0 0 0 -4 4 0 0 1-4ndis.dat
4 16 76 18 31.48 76 18 -31.48 18.48 4 -7.65 18.48 4 7.65
2 24 76 18 31.48 18.48 4 7.65
0 Inlined: 1 16  0 0 0  -0.707 0 -0.707  0 1 0   0.707 0 -0.707  fransk.dat
1 16 56.56 24 -56.56 -2.828 0 0 0 0 -4 -2.828 0 0 2-4edge.dat
1 16 56.56 24 -56.56 -2.828 0 0 0 0 -4 -2.828 0 0 2-4ndis.dat
1 16 79.99 24 -33.13 -2.828 0 0 0 0 -4 -2.828 0 0 1-4edge.dat
1 16 79.99 24 -33.13 -2.828 0 0 0 0 -4 -2.828 0 0 1-4ndis.dat
1 16 33.13 24 -79.99 2.828 0 0 0 0 -4 2.828 0 0 1-4edge.dat
1 16 33.13 24 -79.99 2.828 0 0 0 0 -4 2.828 0 0 1-4ndis.dat
4 16 59.388 20 -53.732 59.388 24 -53.732 77.162 24 -35.958 77.162 20 -35.958
4 16 53.732 20 -59.388 53.732 24 -59.388 35.958 24 -77.162 35.958 20 -77.162
4 16 79.99 16 -33.13 79.99 20 -33.13 33.13 20 -79.99 33.13 16 -79.99
1 16 68.275 24 -44.845 -8.887 0 0 0 0 4 -8.887 0 0 2-4edge.dat
1 16 68.275 24 -44.845 -8.887 0 0 0 0 4 -8.887 0 0 2-4disc.dat
1 16 44.845 24 -68.275 -8.887 0 0 0 0 4 -8.887 0 0 2-4edge.dat
1 16 44.845 24 -68.275 -8.887 0 0 0 0 4 -8.887 0 0 2-4disc.dat
1 16 56.56 24 -56.56 -2.828 -2.828 0 0 0 -4 -2.828 2.828 0 2-4cyli.dat
1 16 53.732 24 -53.732 -2.828 0 0 0 0 -4 -2.828 0 0 2-4edge.dat
1 16 53.732 24 -53.732 -2.828 0 0 0 0 -4 -2.828 0 0 2-4ndis.dat
2 24 75.988 18 -31.476 31.476 18 -75.988
4 16 75.988 18 -31.476 75.988 20 -31.476 31.476 20 -75.988 31.476 18 -75.988
4 16 73.16 20 -34.304 73.16 24 -34.304 56.56 24 -50.904 56.56 20 -50.904
4 16 34.304 20 -73.16 34.304 24 -73.16 50.904 24 -56.56 50.904 20 -56.56
1 16 64.86 24 -42.604 -8.3 0 0 0 0 4 -8.3 0 0 2-4edge.dat
1 16 64.86 24 -42.604 -8.3 0 0 0 0 4 -8.3 0 0 2-4disc.dat
1 16 42.604 24 -64.86 -8.3 0 0 0 0 4 -8.3 0 0 2-4edge.dat
1 16 42.604 24 -64.86 -8.3 0 0 0 0 4 -8.3 0 0 2-4disc.dat
1 16 75.988 24 -31.476 -2.828 0 0 0 0 -4 -2.828 0 0 1-4edge.dat
1 16 75.988 24 -31.476 -2.828 0 0 0 0 -4 -2.828 0 0 1-4ndis.dat
1 16 31.476 24 -75.988 2.828 0 0 0 0 -4 2.828 0 0 1-4edge.dat
1 16 31.476 24 -75.988 2.828 0 0 0 0 -4 2.828 0 0 1-4ndis.dat
4 16 75.988 18 -31.476 31.476 18 -75.988 7.657 4 -18.474 18.474 4 -7.657
2 24 75.988 18 -31.476 18.474 4 -7.657
0 Inlined: 1 16  0 0 0     0 0   -1  0 1 0     1 0    0  fransk.dat
1 16 0 24 -80 -4 0 0 0 0 -4 0 0 0 2-4edge.dat
1 16 0 24 -80 -4 0 0 0 0 -4 0 0 0 2-4ndis.dat
1 16 33.14 24 -80 -4 0 0 0 0 -4 0 0 0 1-4edge.dat
1 16 33.14 24 -80 -4 0 0 0 0 -4 0 0 0 1-4ndis.dat
1 16 -33.14 24 -80 4 0 0 0 0 -4 0 0 0 1-4edge.dat
1 16 -33.14 24 -80 4 0 0 0 0 -4 0 0 0 1-4ndis.dat
4 16 4 20 -80 4 24 -80 29.14 24 -80 29.14 20 -80
4 16 -4 20 -80 -4 24 -80 -29.14 24 -80 -29.14 20 -80
4 16 33.14 16 -80 33.14 20 -80 -33.14 20 -80 -33.14 16 -80
1 16 16.57 24 -80 -12.57 0 0 0 0 4 0 0 0 2-4edge.dat
1 16 16.57 24 -80 -12.57 0 0 0 0 4 0 0 0 2-4disc.dat
1 16 -16.57 24 -80 -12.57 0 0 0 0 4 0 0 0 2-4edge.dat
1 16 -16.57 24 -80 -12.57 0 0 0 0 4 0 0 0 2-4disc.dat
1 16 0 24 -80 -4 0 0 0 0 -4 0 4 0 2-4cyli.dat
1 16 0 24 -76 -4 0 0 0 0 -4 0 0 0 2-4edge.dat
1 16 0 24 -76 -4 0 0 0 0 -4 0 0 0 2-4ndis.dat
2 24 31.48 18 -76 -31.48 18 -76
4 16 31.48 18 -76 31.48 20 -76 -31.48 20 -76 -31.48 18 -76
4 16 27.48 20 -76 27.48 24 -76 4 24 -76 4 20 -76
4 16 -27.48 20 -76 -27.48 24 -76 -4 24 -76 -4 20 -76
1 16 15.74 24 -76 -11.74 0 0 0 0 4 0 0 0 2-4edge.dat
1 16 15.74 24 -76 -11.74 0 0 0 0 4 0 0 0 2-4disc.dat
1 16 -15.74 24 -76 -11.74 0 0 0 0 4 0 0 0 2-4edge.dat
1 16 -15.74 24 -76 -11.74 0 0 0 0 4 0 0 0 2-4disc.dat
1 16 31.48 24 -76 -4 0 0 0 0 -4 0 0 0 1-4edge.dat
1 16 31.48 24 -76 -4 0 0 0 0 -4 0 0 0 1-4ndis.dat
1 16 -31.48 24 -76 4 0 0 0 0 -4 0 0 0 1-4edge.dat
1 16 -31.48 24 -76 4 0 0 0 0 -4 0 0 0 1-4ndis.dat
4 16 31.48 18 -76 -31.48 18 -76 -7.65 4 -18.48 7.65 4 -18.48
2 24 31.48 18 -76 7.65 4 -18.48
0 Inlined: 1 16  0 0 0   0.707 0 -0.707  0 1 0   0.707 0  0.707  fransk.dat
1 16 -56.56 24 -56.56 -2.828 0 0 0 0 -4 2.828 0 0 2-4edge.dat
1 16 -56.56 24 -56.56 -2.828 0 0 0 0 -4 2.828 0 0 2-4ndis.dat
1 16 -33.13 24 -79.99 -2.828 0 0 0 0 -4 2.828 0 0 1-4edge.dat
1 16 -33.13 24 -79.99 -2.828 0 0 0 0 -4 2.828 0 0 1-4ndis.dat
1 16 -79.99 24 -33.13 2.828 0 0 0 0 -4 -2.828 0 0 1-4edge.dat
1 16 -79.99 24 -33.13 2.828 0 0 0 0 -4 -2.828 0 0 1-4ndis.dat
4 16 -53.732 20 -59.388 -53.732 24 -59.388 -35.958 24 -77.162 -35.958 20 -77.162
4 16 -59.388 20 -53.732 -59.388 24 -53.732 -77.162 24 -35.958 -77.162 20 -35.958
4 16 -33.13 16 -79.99 -33.13 20 -79.99 -79.99 20 -33.13 -79.99 16 -33.13
1 16 -44.845 24 -68.275 -8.887 0 0 0 0 4 8.887 0 0 2-4edge.dat
1 16 -44.845 24 -68.275 -8.887 0 0 0 0 4 8.887 0 0 2-4disc.dat
1 16 -68.275 24 -44.845 -8.887 0 0 0 0 4 8.887 0 0 2-4edge.dat
1 16 -68.275 24 -44.845 -8.887 0 0 0 0 4 8.887 0 0 2-4disc.dat
1 16 -56.56 24 -56.56 -2.828 2.828 0 0 0 -4 2.828 2.828 0 2-4cyli.dat
1 16 -53.732 24 -53.732 -2.828 0 0 0 0 -4 2.828 0 0 2-4edge.dat
1 16 -53.732 24 -53.732 -2.828 0 0 0 0 -4 2.828 0 0 2-4ndis.dat
2 24 -31.476 18 -75.988 -75.988 18 -31.476
4 16 -31.476 18 -75.988 -31.476 20 -75.988 -75.988 20 -31.476 -75.988 18 -31.476
4 16 -34.304 20 -73.16 -34.304 24 -73.16 -50.904 24 -56.56 -50.904 20 -56.56
4 16 -73.16 20 -34.304 -73.16 24 -34.304 -56.56 24 -50.904 -56.56 20 -50.904
1 16 -42.604 24 -64.86 -8.3 0 0 0 0 4 8.3 0 0 2-4edge.dat
1 16 -42.604 24 -64.86 -8.3 0 0 0 0 4 8.3 0 0 2-4disc.dat
1 16 -64.86 24 -42.604 -8.3 0 0 0 0 4 8.3 0 0 2-4edge.dat
1 16 -64.86 24 -42.604 -8.3 0 0 0 0 4 8.3 0 0 2-4disc.dat
1 16 -31.476 24 -75.988 -2.828 0 0 0 0 -4 2.828 0 0 1-4edge.dat
1 16 -31.476 24 -75.988 -2.828 0 0 0 0 -4 2.828 0 0 1-4ndis.dat
1 16 -75.988 24 -31.476 2.828 0 0 0 0 -4 -2.828 0 0 1-4edge.dat
1 16 -75.988 24 -31.476 2.828 0 0 0 0 -4 -2.828 0 0 1-4ndis.dat
4 16 -31.476 18 -75.988 -75.988 18 -31.476 -18.474 4 -7.657 -7.657 4 -18.474
2 24 -31.476 18 -75.988 -7.657 4 -18.474

4 16 -80 24 4 -76 24 4 -76 25.53 4.89 -80 25.53 4.96
4 16 -80 25.53 4.96 -76 25.53 4.89 -76 26.83 7.44 -80 26.83 7.68
4 16 -80 26.83 7.68 -76 26.83 7.44 -76 27.7 11.25 -80 27.7 11.76
4 16 -80 27.7 11.76 -76 27.7 11.25 -76 28 15.74 -80 28 16.57
4 16 -80 28 16.57 -76 28 15.74 -76 27.7 20.23 -80 27.7 21.38
4 16 -80 27.7 21.38 -76 27.7 20.23 -76 26.83 24.04 -80 26.83 25.46
4 16 -80 26.83 25.46 -76 26.83 24.04 -76 25.53 26.59 -80 25.53 28.18
4 16 -80 25.53 28.18 -76 25.53 26.59 -76 24 27.48 -80 24 29.14
4 16 -80 24 -4 -76 24 -4 -76 25.53 -4.89 -80 25.53 -4.96
4 16 -80 25.53 -4.96 -76 25.53 -4.89 -76 26.83 -7.44 -80 26.83 -7.68
4 16 -80 26.83 -7.68 -76 26.83 -7.44 -76 27.7 -11.25 -80 27.7 -11.76
4 16 -80 27.7 -11.76 -76 27.7 -11.25 -76 28 -15.74 -80 28 -16.57
4 16 -80 28 -16.57 -76 28 -15.74 -76 27.7 -20.23 -80 27.7 -21.38
4 16 -80 27.7 -21.38 -76 27.7 -20.23 -76 26.83 -24.04 -80 26.83 -25.46
4 16 -80 26.83 -25.46 -76 26.83 -24.04 -76 25.53 -26.59 -80 25.53 -28.18
4 16 -80 25.53 -28.18 -76 25.53 -26.59 -76 24 -27.48 -80 24 -29.14

4 16 -53.732 24 59.388 -50.904 24 56.56 -50.275 25.53 57.189 -53.053 25.53 60.067
4 16 -53.053 25.53 60.067 -50.275 25.53 57.189 -48.472 26.83 58.992 -51.13 26.83 61.99
4 16 -51.13 26.83 61.99 -48.472 26.83 58.992 -45.778 27.7 61.686 -48.246 27.7 64.874
4 16 -48.246 27.7 64.874 -45.778 27.7 61.686 -42.604 28 64.86 -44.845 28 68.275
4 16 -44.845 28 68.275 -42.604 28 64.86 -39.429 27.7 68.035 -41.444 27.7 71.676
4 16 -41.444 27.7 71.676 -39.429 27.7 68.035 -36.736 26.83 70.728 -38.56 26.83 74.56
4 16 -38.56 26.83 74.56 -36.736 26.83 70.728 -34.933 25.53 72.531 -36.637 25.53 76.483
4 16 -36.637 25.53 76.483 -34.933 25.53 72.531 -34.304 24 73.16 -35.958 24 77.162
4 16 -59.388 24 53.732 -56.56 24 50.904 -57.189 25.53 50.275 -60.067 25.53 53.053
4 16 -60.067 25.53 53.053 -57.189 25.53 50.275 -58.992 26.83 48.472 -61.99 26.83 51.13
4 16 -61.99 26.83 51.13 -58.992 26.83 48.472 -61.686 27.7 45.778 -64.874 27.7 48.246
4 16 -64.874 27.7 48.246 -61.686 27.7 45.778 -64.86 28 42.604 -68.275 28 44.845
4 16 -68.275 28 44.845 -64.86 28 42.604 -68.035 27.7 39.429 -71.676 27.7 41.444
4 16 -71.676 27.7 41.444 -68.035 27.7 39.429 -70.728 26.83 36.736 -74.56 26.83 38.56
4 16 -74.56 26.83 38.56 -70.728 26.83 36.736 -72.531 25.53 34.933 -76.483 25.53 36.637
4 16 -76.483 25.53 36.637 -72.531 25.53 34.933 -73.16 24 34.304 -77.162 24 35.958

4 16 4 24 80 4 24 76 4.89 25.53 76 4.96 25.53 80
4 16 4.96 25.53 80 4.89 25.53 76 7.44 26.83 76 7.68 26.83 80
4 16 7.68 26.83 80 7.44 26.83 76 11.25 27.7 76 11.76 27.7 80
4 16 11.76 27.7 80 11.25 27.7 76 15.74 28 76 16.57 28 80
4 16 16.57 28 80 15.74 28 76 20.23 27.7 76 21.38 27.7 80
4 16 21.38 27.7 80 20.23 27.7 76 24.04 26.83 76 25.46 26.83 80
4 16 25.46 26.83 80 24.04 26.83 76 26.59 25.53 76 28.18 25.53 80
4 16 28.18 25.53 80 26.59 25.53 76 27.48 24 76 29.14 24 80
4 16 -4 24 80 -4 24 76 -4.89 25.53 76 -4.96 25.53 80
4 16 -4.96 25.53 80 -4.89 25.53 76 -7.44 26.83 76 -7.68 26.83 80
4 16 -7.68 26.83 80 -7.44 26.83 76 -11.25 27.7 76 -11.76 27.7 80
4 16 -11.76 27.7 80 -11.25 27.7 76 -15.74 28 76 -16.57 28 80
4 16 -16.57 28 80 -15.74 28 76 -20.23 27.7 76 -21.38 27.7 80
4 16 -21.38 27.7 80 -20.23 27.7 76 -24.04 26.83 76 -25.46 26.83 80
4 16 -25.46 26.83 80 -24.04 26.83 76 -26.59 25.53 76 -28.18 25.53 80
4 16 -28.18 25.53 80 -26.59 25.53 76 -27.48 24 76 -29.14 24 80

4 16 59.388 24 53.732 56.56 24 50.904 57.189 25.53 50.275 60.067 25.53 53.053
4 16 60.067 25.53 53.053 57.189 25.53 50.275 58.992 26.83 48.472 61.99 26.83 51.13
4 16 61.99 26.83 51.13 58.992 26.83 48.472 61.686 27.7 45.778 64.874 27.7 48.246
4 16 64.874 27.7 48.246 61.686 27.7 45.778 64.86 28 42.604 68.275 28 44.845
4 16 68.275 28 44.845 64.86 28 42.604 68.035 27.7 39.429 71.676 27.7 41.444
4 16 71.676 27.7 41.444 68.035 27.7 39.429 70.728 26.83 36.736 74.56 26.83 38.56
4 16 74.56 26.83 38.56 70.728 26.83 36.736 72.531 25.53 34.933 76.483 25.53 36.637
4 16 76.483 25.53 36.637 72.531 25.53 34.933 73.16 24 34.304 77.162 24 35.958
4 16 53.732 24 59.388 50.904 24 56.56 50.275 25.53 57.189 53.053 25.53 60.067
4 16 53.053 25.53 60.067 50.275 25.53 57.189 48.472 26.83 58.992 51.13 26.83 61.99
4 16 51.13 26.83 61.99 48.472 26.83 58.992 45.778 27.7 61.686 48.246 27.7 64.874
4 16 48.246 27.7 64.874 45.778 27.7 61.686 42.604 28 64.86 44.845 28 68.275
4 16 44.845 28 68.275 42.604 28 64.86 39.429 27.7 68.035 41.444 27.7 71.676
4 16 41.444 27.7 71.676 39.429 27.7 68.035 36.736 26.83 70.728 38.56 26.83 74.56
4 16 38.56 26.83 74.56 36.736 26.83 70.728 34.933 25.53 72.531 36.637 25.53 76.483
4 16 36.637 25.53 76.483 34.933 25.53 72.531 34.304 24 73.16 35.958 24 77.162

4 16 80 24 -4 76 24 -4 76 25.53 -4.89 80 25.53 -4.96
4 16 80 25.53 -4.96 76 25.53 -4.89 76 26.83 -7.44 80 26.83 -7.68
4 16 80 26.83 -7.68 76 26.83 -7.44 76 27.7 -11.25 80 27.7 -11.76
4 16 80 27.7 -11.76 76 27.7 -11.25 76 28 -15.74 80 28 -16.57
4 16 80 28 -16.57 76 28 -15.74 76 27.7 -20.23 80 27.7 -21.38
4 16 80 27.7 -21.38 76 27.7 -20.23 76 26.83 -24.04 80 26.83 -25.46
4 16 80 26.83 -25.46 76 26.83 -24.04 76 25.53 -26.59 80 25.53 -28.18
4 16 80 25.53 -28.18 76 25.53 -26.59 76 24 -27.48 80 24 -29.14
4 16 80 24 4 76 24 4 76 25.53 4.89 80 25.53 4.96
4 16 80 25.53 4.96 76 25.53 4.89 76 26.83 7.44 80 26.83 7.68
4 16 80 26.83 7.68 76 26.83 7.44 76 27.7 11.25 80 27.7 11.76
4 16 80 27.7 11.76 76 27.7 11.25 76 28 15.74 80 28 16.57
4 16 80 28 16.57 76 28 15.74 76 27.7 20.23 80 27.7 21.38
4 16 80 27.7 21.38 76 27.7 20.23 76 26.83 24.04 80 26.83 25.46
4 16 80 26.83 25.46 76 26.83 24.04 76 25.53 26.59 80 25.53 28.18
4 16 80 25.53 28.18 76 25.53 26.59 76 24 27.48 80 24 29.14

4 16 53.732 24 -59.388 50.904 24 -56.56 50.275 25.53 -57.189 53.053 25.53 -60.067
4 16 53.053 25.53 -60.067 50.275 25.53 -57.189 48.472 26.83 -58.992 51.13 26.83 -61.99
4 16 51.13 26.83 -61.99 48.472 26.83 -58.992 45.778 27.7 -61.686 48.246 27.7 -64.874
4 16 48.246 27.7 -64.874 45.778 27.7 -61.686 42.604 28 -64.86 44.845 28 -68.275
4 16 44.845 28 -68.275 42.604 28 -64.86 39.429 27.7 -68.035 41.444 27.7 -71.676
4 16 41.444 27.7 -71.676 39.429 27.7 -68.035 36.736 26.83 -70.728 38.56 26.83 -74.56
4 16 38.56 26.83 -74.56 36.736 26.83 -70.728 34.933 25.53 -72.531 36.637 25.53 -76.483
4 16 36.637 25.53 -76.483 34.933 25.53 -72.531 34.304 24 -73.16 35.958 24 -77.162
4 16 59.388 24 -53.732 56.56 24 -50.904 57.189 25.53 -50.275 60.067 25.53 -53.053
4 16 60.067 25.53 -53.053 57.189 25.53 -50.275 58.992 26.83 -48.472 61.99 26.83 -51.13
4 16 61.99 26.83 -51.13 58.992 26.83 -48.472 61.686 27.7 -45.778 64.874 27.7 -48.246
4 16 64.874 27.7 -48.246 61.686 27.7 -45.778 64.86 28 -42.604 68.275 28 -44.845
4 16 68.275 28 -44.845 64.86 28 -42.604 68.035 27.7 -39.429 71.676 27.7 -41.444
4 16 71.676 27.7 -41.444 68.035 27.7 -39.429 70.728 26.83 -36.736 74.56 26.83 -38.56
4 16 74.56 26.83 -38.56 70.728 26.83 -36.736 72.531 25.53 -34.933 76.483 25.53 -36.637
4 16 76.483 25.53 -36.637 72.531 25.53 -34.933 73.16 24 -34.304 77.162 24 -35.958

4 16 -4 24 -80 -4 24 -76 -4.89 25.53 -76 -4.96 25.53 -80
4 16 -4.96 25.53 -80 -4.89 25.53 -76 -7.44 26.83 -76 -7.68 26.83 -80
4 16 -7.68 26.83 -80 -7.44 26.83 -76 -11.25 27.7 -76 -11.76 27.7 -80
4 16 -11.76 27.7 -80 -11.25 27.7 -76 -15.74 28 -76 -16.57 28 -80
4 16 -16.57 28 -80 -15.74 28 -76 -20.23 27.7 -76 -21.38 27.7 -80
4 16 -21.38 27.7 -80 -20.23 27.7 -76 -24.04 26.83 -76 -25.46 26.83 -80
4 16 -25.46 26.83 -80 -24.04 26.83 -76 -26.59 25.53 -76 -28.18 25.53 -80
4 16 -28.18 25.53 -80 -26.59 25.53 -76 -27.48 24 -76 -29.14 24 -80
4 16 4 24 -80 4 24 -76 4.89 25.53 -76 4.96 25.53 -80
4 16 4.96 25.53 -80 4.89 25.53 -76 7.44 26.83 -76 7.68 26.83 -80
4 16 7.68 26.83 -80 7.44 26.83 -76 11.25 27.7 -76 11.76 27.7 -80
4 16 11.76 27.7 -80 11.25 27.7 -76 15.74 28 -76 16.57 28 -80
4 16 16.57 28 -80 15.74 28 -76 20.23 27.7 -76 21.38 27.7 -80
4 16 21.38 27.7 -80 20.23 27.7 -76 24.04 26.83 -76 25.46 26.83 -80
4 16 25.46 26.83 -80 24.04 26.83 -76 26.59 25.53 -76 28.18 25.53 -80
4 16 28.18 25.53 -80 26.59 25.53 -76 27.48 24 -76 29.14 24 -80

4 16 -59.388 24 -53.732 -56.56 24 -50.904 -57.189 25.53 -50.275 -60.067 25.53 -53.053
4 16 -60.067 25.53 -53.053 -57.189 25.53 -50.275 -58.992 26.83 -48.472 -61.99 26.83 -51.13
4 16 -61.99 26.83 -51.13 -58.992 26.83 -48.472 -61.686 27.7 -45.778 -64.874 27.7 -48.246
4 16 -64.874 27.7 -48.246 -61.686 27.7 -45.778 -64.86 28 -42.604 -68.275 28 -44.845
4 16 -68.275 28 -44.845 -64.86 28 -42.604 -68.035 27.7 -39.429 -71.676 27.7 -41.444
4 16 -71.676 27.7 -41.444 -68.035 27.7 -39.429 -70.728 26.83 -36.736 -74.56 26.83 -38.56
4 16 -74.56 26.83 -38.56 -70.728 26.83 -36.736 -72.531 25.53 -34.933 -76.483 25.53 -36.637
4 16 -76.483 25.53 -36.637 -72.531 25.53 -34.933 -73.16 24 -34.304 -77.162 24 -35.958
4 16 -53.732 24 -59.388 -50.904 24 -56.56 -50.275 25.53 -57.189 -53.053 25.53 -60.067
4 16 -53.053 25.53 -60.067 -50.275 25.53 -57.189 -48.472 26.83 -58.992 -51.13 26.83 -61.99
4 16 -51.13 26.83 -61.99 -48.472 26.83 -58.992 -45.778 27.7 -61.686 -48.246 27.7 -64.874
4 16 -48.246 27.7 -64.874 -45.778 27.7 -61.686 -42.604 28 -64.86 -44.845 28 -68.275
4 16 -44.845 28 -68.275 -42.604 28 -64.86 -39.429 27.7 -68.035 -41.444 27.7 -71.676
4 16 -41.444 27.7 -71.676 -39.429 27.7 -68.035 -36.736 26.83 -70.728 -38.56 26.83 -74.56
4 16 -38.56 26.83 -74.56 -36.736 26.83 -70.728 -34.933 25.53 -72.531 -36.637 25.53 -76.483
4 16 -36.637 25.53 -76.483 -34.933 25.53 -72.531 -34.304 24 -73.16 -35.958 24 -77.162

1 16 0 4 0  10 0 0  0 0 0  0 0 10 4-4edge.dat
0 Inlined: 1 16 0 4 0  1.67 0 0  0 -1.1 0  0 0 1.67 connect2.dat
0 Connector 2

1 16 0 17.2 0 6.68 0 0 0 -13.2 0 0 0 6.68 4-4cyli.dat
1 16 0 17.2 0 10 0 0 0 -13.2 0 0 0 10 4-4cyli.dat

2 24 0 26 10 3.808 26 9.218
2 24 3.808 26 9.218 7.114 26 7.114
2 24 7.114 26 7.114 9.218 26 3.808
2 24 9.218 26 3.808 9.669 26 1.67
2 24 9.669 26 1.67 9.669 17.2 1.67
2 24 9.669 17.2 1.67 10 17.2 0
2 24 0 26 10 -3.808 26 9.218
2 24 -3.808 26 9.218 -7.114 26 7.114
2 24 -7.114 26 7.114 -9.218 26 3.808
2 24 -9.218 26 3.808 -9.669 26 1.67
2 24 -9.669 26 1.67 -9.669 17.2 1.67
2 24 -9.669 17.2 1.67 -10 17.2 0
2 24 0 26 -10 3.808 26 -9.218
2 24 3.808 26 -9.218 7.114 26 -7.114
2 24 7.114 26 -7.114 9.218 26 -3.808
2 24 9.218 26 -3.808 9.669 26 -1.67
2 24 9.669 26 -1.67 9.669 17.2 -1.67
2 24 9.669 17.2 -1.67 10 17.2 0
2 24 0 26 -10 -3.808 26 -9.218
2 24 -3.808 26 -9.218 -7.114 26 -7.114
2 24 -7.114 26 -7.114 -9.218 26 -3.808
2 24 -9.218 26 -3.808 -9.669 26 -1.67
2 24 -9.669 26 -1.67 -9.669 17.2 -1.67
2 24 -9.669 17.2 -1.67 -10 17.2 0

2 24 0 26 6.68 2.538 26 6.146
2 24 2.538 26 6.146 4.743 26 4.743
2 24 4.743 26 4.743 6.146 26 2.538
2 24 6.146 26 2.538 6.329 26 1.67
2 24 6.329 26 1.67 6.329 17.2 1.67
2 24 6.329 17.2 1.67 6.68 17.2 0
2 24 0 26 6.68 -2.538 26 6.146
2 24 -2.538 26 6.146 -4.743 26 4.743
2 24 -4.743 26 4.743 -6.146 26 2.538
2 24 -6.146 26 2.538 -6.329 26 1.67
2 24 -6.329 26 1.67 -6.329 17.2 1.67
2 24 -6.329 17.2 1.67 -6.68 17.2 0
2 24 0 26 -6.68 2.538 26 -6.146
2 24 2.538 26 -6.146 4.743 26 -4.743
2 24 4.743 26 -4.743 6.146 26 -2.538
2 24 6.146 26 -2.538 6.329 26 -1.67
2 24 6.329 26 -1.67 6.329 17.2 -1.67
2 24 6.329 17.2 -1.67 6.68 17.2 0
2 24 0 26 -6.68 -2.538 26 -6.146
2 24 -2.538 26 -6.146 -4.743 26 -4.743
2 24 -4.743 26 -4.743 -6.146 26 -2.538
2 24 -6.146 26 -2.538 -6.329 26 -1.67
2 24 -6.329 26 -1.67 -6.329 17.2 -1.67
2 24 -6.329 17.2 -1.67 -6.68 17.2 0

2 24 6.329 26 1.67 9.669 26 1.67
2 24 6.329 17.2 1.67 9.669 17.2 1.67
2 24 -6.329 26 1.67 -9.669 26 1.67
2 24 -6.329 17.2 1.67 -9.669 17.2 1.67
2 24 6.329 26 -1.67 9.669 26 -1.67
2 24 6.329 17.2 -1.67 9.669 17.2 -1.67
2 24 -6.329 26 -1.67 -9.669 26 -1.67
2 24 -6.329 17.2 -1.67 -9.669 17.2 -1.67

4 16 0 26 10 0 26 6.68 2.538 26 6.146 3.808 26 9.218
4 16 3.808 26 9.218 2.538 26 6.146 4.743 26 4.743 7.114 26 7.114
4 16 7.114 26 7.114 4.743 26 4.743 6.146 26 2.538 9.218 26 3.808
4 16 9.218 26 3.808 6.146 26 2.538 6.329 26 1.67 9.669 26 1.67
4 16 9.669 26 1.67 6.329 26 1.67 6.329 17.2 1.67 9.669 17.2 1.67
4 16 9.669 17.2 1.67 6.329 17.2 1.67 6.68 17.2 0 10 17.2 0
4 16 0 26 10 0 26 6.68 -2.538 26 6.146 -3.808 26 9.218
4 16 -3.808 26 9.218 -2.538 26 6.146 -4.743 26 4.743 -7.114 26 7.114
4 16 -7.114 26 7.114 -4.743 26 4.743 -6.146 26 2.538 -9.218 26 3.808
4 16 -9.218 26 3.808 -6.146 26 2.538 -6.329 26 1.67 -9.669 26 1.67
4 16 -9.669 26 1.67 -6.329 26 1.67 -6.329 17.2 1.67 -9.669 17.2 1.67
4 16 -9.669 17.2 1.67 -6.329 17.2 1.67 -6.68 17.2 0 -10 17.2 0
4 16 0 26 -10 0 26 -6.68 2.538 26 -6.146 3.808 26 -9.218
4 16 3.808 26 -9.218 2.538 26 -6.146 4.743 26 -4.743 7.114 26 -7.114
4 16 7.114 26 -7.114 4.743 26 -4.743 6.146 26 -2.538 9.218 26 -3.808
4 16 9.218 26 -3.808 6.146 26 -2.538 6.329 26 -1.67 9.669 26 -1.67
4 16 9.669 26 -1.67 6.329 26 -1.67 6.329 17.2 -1.67 9.669 17.2 -1.67
4 16 9.669 17.2 -1.67 6.329 17.2 -1.67 6.68 17.2 0 10 17.2 0
4 16 0 26 -10 0 26 -6.68 -2.538 26 -6.146 -3.808 26 -9.218
4 16 -3.808 26 -9.218 -2.538 26 -6.146 -4.743 26 -4.743 -7.114 26 -7.114
4 16 -7.114 26 -7.114 -4.743 26 -4.743 -6.146 26 -2.538 -9.218 26 -3.808
4 16 -9.218 26 -3.808 -6.146 26 -2.538 -6.329 26 -1.67 -9.669 26 -1.67
4 16 -9.669 26 -1.67 -6.329 26 -1.67 -6.329 17.2 -1.67 -9.669 17.2 -1.67
4 16 -9.669 17.2 -1.67 -6.329 17.2 -1.67 -6.68 17.2 0 -10 17.2 0

4 16 0 17.2 10 0 26 10 3.808 26 9.218 3.808 17.2 9.218
4 16 3.808 17.2 9.218 3.808 26 9.218 7.114 26 7.114 7.114 17.2 7.114
4 16 7.114 17.2 7.114 7.114 26 7.114 9.218 26 3.808 9.218 17.2 3.808
4 16 9.218 17.2 3.808 9.218 26 3.808 9.669 26 1.67 9.669 17.2 1.67
4 16 0 17.2 10 0 26 10 -3.808 26 9.218 -3.808 17.2 9.218
4 16 -3.808 17.2 9.218 -3.808 26 9.218 -7.114 26 7.114 -7.114 17.2 7.114
4 16 -7.114 17.2 7.114 -7.114 26 7.114 -9.218 26 3.808 -9.218 17.2 3.808
4 16 -9.218 17.2 3.808 -9.218 26 3.808 -9.669 26 1.67 -9.669 17.2 1.67
4 16 0 17.2 -10 0 26 -10 3.808 26 -9.218 3.808 17.2 -9.218
4 16 3.808 17.2 -9.218 3.808 26 -9.218 7.114 26 -7.114 7.114 17.2 -7.114
4 16 7.114 17.2 -7.114 7.114 26 -7.114 9.218 26 -3.808 9.218 17.2 -3.808
4 16 9.218 17.2 -3.808 9.218 26 -3.808 9.669 26 -1.67 9.669 17.2 -1.67
4 16 0 17.2 -10 0 26 -10 -3.808 26 -9.218 -3.808 17.2 -9.218
4 16 -3.808 17.2 -9.218 -3.808 26 -9.218 -7.114 26 -7.114 -7.114 17.2 -7.114
4 16 -7.114 17.2 -7.114 -7.114 26 -7.114 -9.218 26 -3.808 -9.218 17.2 -3.808
4 16 -9.218 17.2 -3.808 -9.218 26 -3.808 -9.669 26 -1.67 -9.669 17.2 -1.67

4 16 0 17.2 6.68 0 26 6.68 2.538 26 6.146 2.538 17.2 6.146
4 16 2.538 17.2 6.146 2.538 26 6.146 4.743 26 4.743 4.743 17.2 4.743
4 16 4.743 17.2 4.743 4.743 26 4.743 6.146 26 2.538 6.146 17.2 2.538
4 16 6.146 17.2 2.538 6.146 26 2.538 6.329 26 1.67 6.329 17.2 1.67
4 16 0 17.2 6.68 0 26 6.68 -2.538 26 6.146 -2.538 17.2 6.146
4 16 -2.538 17.2 6.146 -2.538 26 6.146 -4.743 26 4.743 -4.743 17.2 4.743
4 16 -4.743 17.2 4.743 -4.743 26 4.743 -6.146 26 2.538 -6.146 17.2 2.538
4 16 -6.146 17.2 2.538 -6.146 26 2.538 -6.329 26 1.67 -6.329 17.2 1.67
4 16 0 17.2 -6.68 0 26 -6.68 2.538 26 -6.146 2.538 17.2 -6.146
4 16 2.538 17.2 -6.146 2.538 26 -6.146 4.743 26 -4.743 4.743 17.2 -4.743
4 16 4.743 17.2 -4.743 4.743 26 -4.743 6.146 26 -2.538 6.146 17.2 -2.538
4 16 6.146 17.2 -2.538 6.146 26 -2.538 6.329 26 -1.67 6.329 17.2 -1.67
4 16 0 17.2 -6.68 0 26 -6.68 -2.538 26 -6.146 -2.538 17.2 -6.146
4 16 -2.538 17.2 -6.146 -2.538 26 -6.146 -4.743 26 -4.743 -4.743 17.2 -4.743
4 16 -4.743 17.2 -4.743 -4.743 26 -4.743 -6.146 26 -2.538 -6.146 17.2 -2.538
4 16 -6.146 17.2 -2.538 -6.146 26 -2.538 -6.329 26 -1.67 -6.329 17.2 -1.67

5 24 -2.555 26 6.179 -2.555 17.2 6.179 -4.726 26 4.726 0 26 6.68
5 24 -3.841 26 9.252 -3.841 17.2 9.252 -7.081 26 7.081 0 26 10
5 24 -4.726 26 4.726 -4.726 17.2 4.726 -6.179 26 2.555 -2.555 26 6.179
5 24 -7.081 26 7.081 -7.081 17.2 7.081 -9.252 26 3.841 -3.841 26 9.252
5 24 -6.179 26 2.555 -6.179 17.2 2.555 -6.68 26 0 -4.726 26 4.726
5 24 -9.252 26 3.841 -9.252 17.2 3.841 -10 26 0 -7.081 26 7.081
5 24 -6.179 26 -2.555 -6.179 17.2 -2.555 -4.726 26 -4.726 -6.68 26 0
5 24 -9.252 26 -3.841 -9.252 17.2 -3.841 -7.081 26 -7.081 -10 26 0
5 24 -4.726 26 -4.726 -4.726 17.2 -4.726 -2.555 26 -6.179 -6.179 26 -2.555
5 24 -7.081 26 -7.081 -7.081 17.2 -7.081 -3.841 26 -9.252 -9.252 26 -3.841
5 24 -2.555 26 -6.179 -2.555 17.2 -6.179 0 26 -6.68 -4.726 26 -4.726
5 24 -3.841 26 -9.252 -3.841 17.2 -9.252 0 26 -10 -7.081 26 -7.081
5 24 0 26 -6.68 0 17.2 -6.68 2.555 26 -6.179 -2.555 26 -6.179
5 24 0 26 -10 0 17.2 -10 3.841 26 -9.252 -3.841 26 -9.252
5 24 2.555 26 -6.179 2.555 17.2 -6.179 4.726 26 -4.726 0 26 -6.68
5 24 3.841 26 -9.252 3.841 17.2 -9.252 7.081 26 -7.081 0 26 -10
5 24 4.726 26 -4.726 4.726 17.2 -4.726 6.179 26 -2.555 2.555 26 -6.179
5 24 7.081 26 -7.081 7.081 17.2 -7.081 9.252 26 -3.841 3.841 26 -9.252
5 24 6.179 26 -2.555 6.179 17.2 -2.555 6.68 26 0 4.726 26 -4.726
5 24 9.252 26 -3.841 9.252 17.2 -3.841 10 26 0 7.081 26 -7.081
5 24 6.68 26 0 6.68 17.2 0 6.179 26 2.555 6.179 26 -2.555
5 24 10 26 0 10 17.2 0 9.252 26 3.841 9.252 26 -3.841
5 24 6.179 26 2.555 6.179 17.2 2.555 4.726 26 4.726 6.68 26 0
5 24 9.252 26 3.841 9.252 17.2 3.841 7.081 26 7.081 10 26 0
5 24 4.726 26 4.726 4.726 17.2 4.726 2.555 26 6.179 6.179 26 2.555
5 24 7.081 26 7.081 7.081 17.2 7.081 3.841 26 9.252 9.252 26 3.841
5 24 2.555 26 6.179 2.555 17.2 6.179 0 26 6.68 4.726 26 4.726
5 24 3.841 26 9.252 3.841 17.2 9.252 0 26 10 7.081 26 7.081

0 Inlined: 1 16 0 12 0  1.11 0 0  0 0 0  0 0 1.11  axlehol6.dat
0 Axle Hole


2 24 6.66 12 0 6.194 12 2.22
2 24 6.194 12 2.22 2.22 12 2.22
2 24 2.22 12 2.22 2.22 12 6.194
2 24 2.22 12 6.194 0 12 6.66
2 24 -6.66 12 0 -6.194 12 2.22
2 24 -6.194 12 2.22 -2.22 12 2.22
2 24 -2.22 12 2.22 -2.22 12 6.194
2 24 -2.22 12 6.194 0 12 6.66
2 24 6.66 12 0 6.194 12 -2.22
2 24 6.194 12 -2.22 2.22 12 -2.22
2 24 2.22 12 -2.22 2.22 12 -6.194
2 24 2.22 12 -6.194 0 12 -6.66
2 24 -6.66 12 0 -6.194 12 -2.22
2 24 -6.194 12 -2.22 -2.22 12 -2.22
2 24 -2.22 12 -2.22 -2.22 12 -6.194
2 24 -2.22 12 -6.194 0 12 -6.66
2 24 6.66 12 0 6.194 12 2.22
2 24 6.194 12 2.22 2.22 12 2.22
2 24 2.22 12 2.22 2.22 12 6.194
2 24 2.22 12 6.194 0 12 6.66
2 24 -6.66 12 0 -6.194 12 2.22
2 24 -6.194 12 2.22 -2.22 12 2.22
2 24 -2.22 12 2.22 -2.22 12 6.194
2 24 -2.22 12 6.194 0 12 6.66
2 24 6.66 12 0 6.194 12 -2.22
2 24 6.194 12 -2.22 2.22 12 -2.22
2 24 2.22 12 -2.22 2.22 12 -6.194
2 24 2.22 12 -6.194 0 12 -6.66
2 24 -6.66 12 0 -6.194 12 -2.22
2 24 -6.194 12 -2.22 -2.22 12 -2.22
2 24 -2.22 12 -2.22 -2.22 12 -6.194
2 24 -2.22 12 -6.194 0 12 -6.66

2 24 6.194 12 2.22 6.194 12 2.22
2 24 2.22 12 2.22 2.22 12 2.22
2 24 2.22 12 6.194 2.22 12 6.194
2 24 -6.194 12 2.22 -6.194 12 2.22
2 24 -2.22 12 2.22 -2.22 12 2.22
2 24 -2.22 12 6.194 -2.22 12 6.194
2 24 6.194 12 -2.22 6.194 12 -2.22
2 24 2.22 12 -2.22 2.22 12 -2.22
2 24 2.22 12 -6.194 2.22 12 -6.194
2 24 -6.194 12 -2.22 -6.194 12 -2.22
2 24 -2.22 12 -2.22 -2.22 12 -2.22
2 24 -2.22 12 -6.194 -2.22 12 -6.194

4 16 6.66 12 0 6.194 12 2.22 6.194 12 2.22 6.66 12 0
4 16 6.194 12 2.22 2.22 12 2.22 2.22 12 2.22 6.194 12 2.22
4 16 2.22 12 2.22 2.22 12 6.194 2.22 12 6.194 2.22 12 2.22
4 16 2.22 12 6.194 0 12 6.66 0 12 6.66 2.22 12 6.194
4 16 -6.66 12 0 -6.194 12 2.22 -6.194 12 2.22 -6.66 12 0
4 16 -6.194 12 2.22 -2.22 12 2.22 -2.22 12 2.22 -6.194 12 2.22
4 16 -2.22 12 2.22 -2.22 12 6.194 -2.22 12 6.194 -2.22 12 2.22
4 16 -2.22 12 6.194 0 12 6.66 0 12 6.66 -2.22 12 6.194
4 16 6.66 12 0 6.194 12 -2.22 6.194 12 -2.22 6.66 12 0
4 16 6.194 12 -2.22 2.22 12 -2.22 2.22 12 -2.22 6.194 12 -2.22
4 16 2.22 12 -2.22 2.22 12 -6.194 2.22 12 -6.194 2.22 12 -2.22
4 16 2.22 12 -6.194 0 12 -6.66 0 12 -6.66 2.22 12 -6.194
4 16 -6.66 12 0 -6.194 12 -2.22 -6.194 12 -2.22 -6.66 12 0
4 16 -6.194 12 -2.22 -2.22 12 -2.22 -2.22 12 -2.22 -6.194 12 -2.22
4 16 -2.22 12 -2.22 -2.22 12 -6.194 -2.22 12 -6.194 -2.22 12 -2.22
4 16 -2.22 12 -6.194 0 12 -6.66 0 12 -6.66 -2.22 12 -6.194

3 16 6.194 12 2.22 6.127 12 2.531 2.22 12 2.22
3 16 6.127 12 2.531 4.729 12 4.729 2.22 12 2.22
3 16 4.729 12 4.729 2.531 12 6.127 2.22 12 2.22
3 16 2.531 12 6.127 2.22 12 6.194 2.22 12 2.22
3 16 -6.194 12 2.22 -6.127 12 2.531 -2.22 12 2.22
3 16 -6.127 12 2.531 -4.729 12 4.729 -2.22 12 2.22
3 16 -4.729 12 4.729 -2.531 12 6.127 -2.22 12 2.22
3 16 -2.531 12 6.127 -2.22 12 6.194 -2.22 12 2.22
3 16 6.194 12 -2.22 6.127 12 -2.531 2.22 12 -2.22
3 16 6.127 12 -2.531 4.729 12 -4.729 2.22 12 -2.22
3 16 4.729 12 -4.729 2.531 12 -6.127 2.22 12 -2.22
3 16 2.531 12 -6.127 2.22 12 -6.194 2.22 12 -2.22
3 16 -6.194 12 -2.22 -6.127 12 -2.531 -2.22 12 -2.22
3 16 -6.127 12 -2.531 -4.729 12 -4.729 -2.22 12 -2.22
3 16 -4.729 12 -4.729 -2.531 12 -6.127 -2.22 12 -2.22
3 16 -2.531 12 -6.127 -2.22 12 -6.194 -2.22 12 -2.22
3 16 6.194 12 2.22 6.127 12 2.531 2.22 12 2.22
3 16 6.127 12 2.531 4.729 12 4.729 2.22 12 2.22
3 16 4.729 12 4.729 2.531 12 6.127 2.22 12 2.22
3 16 2.531 12 6.127 2.22 12 6.194 2.22 12 2.22
3 16 -6.194 12 2.22 -6.127 12 2.531 -2.22 12 2.22
3 16 -6.127 12 2.531 -4.729 12 4.729 -2.22 12 2.22
3 16 -4.729 12 4.729 -2.531 12 6.127 -2.22 12 2.22
3 16 -2.531 12 6.127 -2.22 12 6.194 -2.22 12 2.22
3 16 6.194 12 -2.22 6.127 12 -2.531 2.22 12 -2.22
3 16 6.127 12 -2.531 4.729 12 -4.729 2.22 12 -2.22
3 16 4.729 12 -4.729 2.531 12 -6.127 2.22 12 -2.22
3 16 2.531 12 -6.127 2.22 12 -6.194 2.22 12 -2.22
3 16 -6.194 12 -2.22 -6.127 12 -2.531 -2.22 12 -2.22
3 16 -6.127 12 -2.531 -4.729 12 -4.729 -2.22 12 -2.22
3 16 -4.729 12 -4.729 -2.531 12 -6.127 -2.22 12 -2.22
3 16 -2.531 12 -6.127 -2.22 12 -6.194 -2.22 12 -2.22

