0 Baseplate 32 x 48 Raised with Ramp, Pit and Stairs
0 Name: 6261.dat
0 Author: Jeff Stembel
0 !LDRAW_ORG Part UPDATE 2004-02
0 !LICENSE Redistributable under CCAL version 2.0 : see CAreadme.txt

0 !HISTORY 2004-03-17 [westrate] Fixed bowtie quads
0 !HISTORY 2004-04-22 [PTadmin] Official Update 2004-02
0 !HISTORY 2007-07-16 [PTadmin] Header formatted for Contributor Agreement
0 !HISTORY 2008-07-01 [PTadmin] Official Update 2008-01

 1 16 -470 0 310 1 0 0 0 1 0 0 0 1 stud.dat
 1 16 -450 0 310 1 0 0 0 1 0 0 0 1 stud.dat
 1 16 -430 0 310 1 0 0 0 1 0 0 0 1 stud.dat
 1 16 -410 0 310 1 0 0 0 1 0 0 0 1 stud.dat
 1 16 -390 0 310 1 0 0 0 1 0 0 0 1 stud.dat
 1 16 -370 0 310 1 0 0 0 1 0 0 0 1 stud.dat
 1 16 -350 0 310 1 0 0 0 1 0 0 0 1 stud.dat
 1 16 -330 0 310 1 0 0 0 1 0 0 0 1 stud.dat
 1 16 -310 0 310 1 0 0 0 1 0 0 0 1 stud.dat
 1 16 -290 0 310 1 0 0 0 1 0 0 0 1 stud.dat
 1 16 -270 0 310 1 0 0 0 1 0 0 0 1 stud.dat
 1 16 -250 0 310 1 0 0 0 1 0 0 0 1 stud.dat
 1 16 -230 0 310 1 0 0 0 1 0 0 0 1 stud.dat
 1 16 -210 0 310 1 0 0 0 1 0 0 0 1 stud.dat
 1 16 -190 0 310 1 0 0 0 1 0 0 0 1 stud.dat
 1 16 -170 0 310 1 0 0 0 1 0 0 0 1 stud.dat
 1 16 -150 0 310 1 0 0 0 1 0 0 0 1 stud.dat
 1 16 -130 0 310 1 0 0 0 1 0 0 0 1 stud.dat
 1 16 -110 0 310 1 0 0 0 1 0 0 0 1 stud.dat
 1 16 -90 0 310 1 0 0 0 1 0 0 0 1 stud.dat
 1 16 -70 0 310 1 0 0 0 1 0 0 0 1 stud.dat
 1 16 -50 0 310 1 0 0 0 1 0 0 0 1 stud.dat
 1 16 -30 0 310 1 0 0 0 1 0 0 0 1 stud.dat
 1 16 -10 0 310 1 0 0 0 1 0 0 0 1 stud.dat
 1 16 10 0 310 1 0 0 0 1 0 0 0 1 stud.dat
 1 16 30 0 310 1 0 0 0 1 0 0 0 1 stud.dat
 1 16 50 0 310 1 0 0 0 1 0 0 0 1 stud.dat
 1 16 70 0 310 1 0 0 0 1 0 0 0 1 stud.dat
 1 16 90 0 310 1 0 0 0 1 0 0 0 1 stud.dat
 1 16 110 0 310 1 0 0 0 1 0 0 0 1 stud.dat
 1 16 130 0 310 1 0 0 0 1 0 0 0 1 stud.dat
 1 16 150 0 310 1 0 0 0 1 0 0 0 1 stud.dat
 1 16 170 0 310 1 0 0 0 1 0 0 0 1 stud.dat
 1 16 190 0 310 1 0 0 0 1 0 0 0 1 stud.dat
 1 16 210 0 310 1 0 0 0 1 0 0 0 1 stud.dat
 1 16 230 0 310 1 0 0 0 1 0 0 0 1 stud.dat
 1 16 250 0 310 1 0 0 0 1 0 0 0 1 stud.dat
 1 16 270 0 310 1 0 0 0 1 0 0 0 1 stud.dat
 1 16 290 0 310 1 0 0 0 1 0 0 0 1 stud.dat
 1 16 310 0 310 1 0 0 0 1 0 0 0 1 stud.dat
 1 16 330 0 310 1 0 0 0 1 0 0 0 1 stud.dat
 1 16 350 0 310 1 0 0 0 1 0 0 0 1 stud.dat
 1 16 370 0 310 1 0 0 0 1 0 0 0 1 stud.dat
 1 16 390 0 310 1 0 0 0 1 0 0 0 1 stud.dat
 1 16 410 0 310 1 0 0 0 1 0 0 0 1 stud.dat
 1 16 430 0 310 1 0 0 0 1 0 0 0 1 stud.dat
 1 16 450 0 310 1 0 0 0 1 0 0 0 1 stud.dat
 1 16 470 0 310 1 0 0 0 1 0 0 0 1 stud.dat

 1 16 -470 0 290 1 0 0 0 1 0 0 0 1 stud.dat
 1 16 470 0 290 1 0 0 0 1 0 0 0 1 stud.dat

 1 16 -470 0 270 1 0 0 0 1 0 0 0 1 stud.dat
 1 16 -430 -72 270 1 0 0 0 1 0 0 0 1 stud.dat
 1 16 -410 -72 270 1 0 0 0 1 0 0 0 1 stud.dat
 1 16 -390 -72 270 1 0 0 0 1 0 0 0 1 stud.dat
 1 16 -210 -72 270 1 0 0 0 1 0 0 0 1 stud.dat
 1 16 -190 -72 270 1 0 0 0 1 0 0 0 1 stud.dat
 1 16 -170 -72 270 1 0 0 0 1 0 0 0 1 stud.dat
 1 16 -150 -72 270 1 0 0 0 1 0 0 0 1 stud.dat
 1 16 150 -72 270 1 0 0 0 1 0 0 0 1 stud.dat
 1 16 170 -72 270 1 0 0 0 1 0 0 0 1 stud.dat
 1 16 190 -72 270 1 0 0 0 1 0 0 0 1 stud.dat
 1 16 210 -72 270 1 0 0 0 1 0 0 0 1 stud.dat
 1 16 390 -72 270 1 0 0 0 1 0 0 0 1 stud.dat
 1 16 410 -72 270 1 0 0 0 1 0 0 0 1 stud.dat
 1 16 430 -72 270 1 0 0 0 1 0 0 0 1 stud.dat
 1 16 470 0 270 1 0 0 0 1 0 0 0 1 stud.dat

 1 16 -470 0 250 1 0 0 0 1 0 0 0 1 stud.dat
 1 16 -430 -72 250 1 0 0 0 1 0 0 0 1 stud.dat
 1 16 -410 -72 250 1 0 0 0 1 0 0 0 1 stud.dat
 1 16 -390 -72 250 1 0 0 0 1 0 0 0 1 stud.dat
 1 16 -330 -144 250 1 0 0 0 1 0 0 0 1 stud.dat
 1 16 -310 -144 250 1 0 0 0 1 0 0 0 1 stud.dat
 1 16 -290 -144 250 1 0 0 0 1 0 0 0 1 stud.dat
 1 16 -270 -144 250 1 0 0 0 1 0 0 0 1 stud.dat
 1 16 -210 -72 250 1 0 0 0 1 0 0 0 1 stud.dat
 1 16 -190 -72 250 1 0 0 0 1 0 0 0 1 stud.dat
 1 16 -170 -72 250 1 0 0 0 1 0 0 0 1 stud.dat
 1 16 -150 -72 250 1 0 0 0 1 0 0 0 1 stud.dat
 1 16 -90 -144 250 1 0 0 0 1 0 0 0 1 stud.dat
 1 16 -70 -144 250 1 0 0 0 1 0 0 0 1 stud.dat
 1 16 -50 -144 250 1 0 0 0 1 0 0 0 1 stud.dat
 1 16 -30 -144 250 1 0 0 0 1 0 0 0 1 stud.dat
 1 16 -10 -144 250 1 0 0 0 1 0 0 0 1 stud.dat
 1 16 10 -144 250 1 0 0 0 1 0 0 0 1 stud.dat
 1 16 30 -144 250 1 0 0 0 1 0 0 0 1 stud.dat
 1 16 50 -144 250 1 0 0 0 1 0 0 0 1 stud.dat
 1 16 70 -144 250 1 0 0 0 1 0 0 0 1 stud.dat
 1 16 90 -144 250 1 0 0 0 1 0 0 0 1 stud.dat
 1 16 150 -72 250 1 0 0 0 1 0 0 0 1 stud.dat
 1 16 170 -72 250 1 0 0 0 1 0 0 0 1 stud.dat
 1 16 190 -72 250 1 0 0 0 1 0 0 0 1 stud.dat
 1 16 210 -72 250 1 0 0 0 1 0 0 0 1 stud.dat
 1 16 270 -144 250 1 0 0 0 1 0 0 0 1 stud.dat
 1 16 290 -144 250 1 0 0 0 1 0 0 0 1 stud.dat
 1 16 310 -144 250 1 0 0 0 1 0 0 0 1 stud.dat
 1 16 330 -144 250 1 0 0 0 1 0 0 0 1 stud.dat
 1 16 390 -72 250 1 0 0 0 1 0 0 0 1 stud.dat
 1 16 410 -72 250 1 0 0 0 1 0 0 0 1 stud.dat
 1 16 430 -72 250 1 0 0 0 1 0 0 0 1 stud.dat
 1 16 470 0 250 1 0 0 0 1 0 0 0 1 stud.dat

 1 16 -470 0 230 1 0 0 0 1 0 0 0 1 stud.dat
 1 16 -430 -72 230 1 0 0 0 1 0 0 0 1 stud.dat
 1 16 -410 -72 230 1 0 0 0 1 0 0 0 1 stud.dat
 1 16 -390 -72 230 1 0 0 0 1 0 0 0 1 stud.dat
 1 16 -350 -144 230 1 0 0 0 1 0 0 0 1 stud.dat
 1 16 -330 -144 230 1 0 0 0 1 0 0 0 1 stud.dat
 1 16 -310 -144 230 1 0 0 0 1 0 0 0 1 stud.dat
 1 16 -290 -144 230 1 0 0 0 1 0 0 0 1 stud.dat
 1 16 -270 -144 230 1 0 0 0 1 0 0 0 1 stud.dat
 1 16 -250 -144 230 1 0 0 0 1 0 0 0 1 stud.dat
 1 16 -110 -144 230 1 0 0 0 1 0 0 0 1 stud.dat
 1 16 -90 -144 230 1 0 0 0 1 0 0 0 1 stud.dat
 1 16 -70 -144 230 1 0 0 0 1 0 0 0 1 stud.dat
 1 16 -50 -144 230 1 0 0 0 1 0 0 0 1 stud.dat
 1 16 -30 -144 230 1 0 0 0 1 0 0 0 1 stud.dat
 1 16 -10 -144 230 1 0 0 0 1 0 0 0 1 stud.dat
 1 16 10 -144 230 1 0 0 0 1 0 0 0 1 stud.dat
 1 16 30 -144 230 1 0 0 0 1 0 0 0 1 stud.dat
 1 16 50 -144 230 1 0 0 0 1 0 0 0 1 stud.dat
 1 16 70 -144 230 1 0 0 0 1 0 0 0 1 stud.dat
 1 16 90 -144 230 1 0 0 0 1 0 0 0 1 stud.dat
 1 16 110 -144 230 1 0 0 0 1 0 0 0 1 stud.dat
 1 16 250 -144 230 1 0 0 0 1 0 0 0 1 stud.dat
 1 16 270 -144 230 1 0 0 0 1 0 0 0 1 stud.dat
 1 16 290 -144 230 1 0 0 0 1 0 0 0 1 stud.dat
 1 16 310 -144 230 1 0 0 0 1 0 0 0 1 stud.dat
 1 16 330 -144 230 1 0 0 0 1 0 0 0 1 stud.dat
 1 16 350 -144 230 1 0 0 0 1 0 0 0 1 stud.dat
 1 16 390 -72 230 1 0 0 0 1 0 0 0 1 stud.dat
 1 16 410 -72 230 1 0 0 0 1 0 0 0 1 stud.dat
 1 16 430 -72 230 1 0 0 0 1 0 0 0 1 stud.dat
 1 16 470 0 230 1 0 0 0 1 0 0 0 1 stud.dat

 1 16 -470 0 210 1 0 0 0 1 0 0 0 1 stud.dat
 1 16 -350 -144 210 1 0 0 0 1 0 0 0 1 stud.dat
 1 16 -330 -144 210 1 0 0 0 1 0 0 0 1 stud.dat
 1 16 -310 -144 210 1 0 0 0 1 0 0 0 1 stud.dat
 1 16 -290 -144 210 1 0 0 0 1 0 0 0 1 stud.dat
 1 16 -270 -144 210 1 0 0 0 1 0 0 0 1 stud.dat
 1 16 -250 -144 210 1 0 0 0 1 0 0 0 1 stud.dat
 1 16 -230 -144 210 1 0 0 0 1 0 0 0 1 stud.dat
 1 16 -210 -144 210 1 0 0 0 1 0 0 0 1 stud.dat
 1 16 -190 -144 210 1 0 0 0 1 0 0 0 1 stud.dat
 1 16 -170 -144 210 1 0 0 0 1 0 0 0 1 stud.dat
 1 16 -150 -144 210 1 0 0 0 1 0 0 0 1 stud.dat
 1 16 -130 -144 210 1 0 0 0 1 0 0 0 1 stud.dat
 1 16 -110 -144 210 1 0 0 0 1 0 0 0 1 stud.dat
 1 16 -90 -144 210 1 0 0 0 1 0 0 0 1 stud.dat
 1 16 -70 -144 210 1 0 0 0 1 0 0 0 1 stud.dat
 1 16 -50 -144 210 1 0 0 0 1 0 0 0 1 stud.dat
 1 16 -30 -144 210 1 0 0 0 1 0 0 0 1 stud.dat
 1 16 -10 -144 210 1 0 0 0 1 0 0 0 1 stud.dat
 1 16 10 -144 210 1 0 0 0 1 0 0 0 1 stud.dat
 1 16 30 -144 210 1 0 0 0 1 0 0 0 1 stud.dat
 1 16 50 -144 210 1 0 0 0 1 0 0 0 1 stud.dat
 1 16 70 -144 210 1 0 0 0 1 0 0 0 1 stud.dat
 1 16 90 -144 210 1 0 0 0 1 0 0 0 1 stud.dat
 1 16 110 -144 210 1 0 0 0 1 0 0 0 1 stud.dat
 1 16 130 -144 210 1 0 0 0 1 0 0 0 1 stud.dat
 1 16 150 -144 210 1 0 0 0 1 0 0 0 1 stud.dat
 1 16 170 -144 210 1 0 0 0 1 0 0 0 1 stud.dat
 1 16 190 -144 210 1 0 0 0 1 0 0 0 1 stud.dat
 1 16 210 -144 210 1 0 0 0 1 0 0 0 1 stud.dat
 1 16 230 -144 210 1 0 0 0 1 0 0 0 1 stud.dat
 1 16 250 -144 210 1 0 0 0 1 0 0 0 1 stud.dat
 1 16 270 -144 210 1 0 0 0 1 0 0 0 1 stud.dat
 1 16 290 -144 210 1 0 0 0 1 0 0 0 1 stud.dat
 1 16 310 -144 210 1 0 0 0 1 0 0 0 1 stud.dat
 1 16 330 -144 210 1 0 0 0 1 0 0 0 1 stud.dat
 1 16 350 -144 210 1 0 0 0 1 0 0 0 1 stud.dat
 1 16 470 0 210 1 0 0 0 1 0 0 0 1 stud.dat

 1 16 -470 0 190 1 0 0 0 1 0 0 0 1 stud.dat
 1 16 -390 -144 190 1 0 0 0 1 0 0 0 1 stud.dat
 1 16 -370 -144 190 1 0 0 0 1 0 0 0 1 stud.dat
 1 16 -350 -144 190 1 0 0 0 1 0 0 0 1 stud.dat
 1 16 -330 -144 190 1 0 0 0 1 0 0 0 1 stud.dat
 1 16 -310 -144 190 1 0 0 0 1 0 0 0 1 stud.dat
 1 16 -290 -144 190 1 0 0 0 1 0 0 0 1 stud.dat
 1 16 -270 -144 190 1 0 0 0 1 0 0 0 1 stud.dat
 1 16 -250 -144 190 1 0 0 0 1 0 0 0 1 stud.dat
 1 16 -230 -144 190 1 0 0 0 1 0 0 0 1 stud.dat
 1 16 -210 -144 190 1 0 0 0 1 0 0 0 1 stud.dat
 1 16 -190 -144 190 1 0 0 0 1 0 0 0 1 stud.dat
 1 16 -170 -144 190 1 0 0 0 1 0 0 0 1 stud.dat
 1 16 -150 -144 190 1 0 0 0 1 0 0 0 1 stud.dat
 1 16 -130 -144 190 1 0 0 0 1 0 0 0 1 stud.dat
 1 16 -110 -144 190 1 0 0 0 1 0 0 0 1 stud.dat
 1 16 -90 -144 190 1 0 0 0 1 0 0 0 1 stud.dat
 1 16 -70 -144 190 1 0 0 0 1 0 0 0 1 stud.dat
 1 16 -50 -144 190 1 0 0 0 1 0 0 0 1 stud.dat
 1 16 -30 -144 190 1 0 0 0 1 0 0 0 1 stud.dat
 1 16 -10 -144 190 1 0 0 0 1 0 0 0 1 stud.dat
 1 16 10 -144 190 1 0 0 0 1 0 0 0 1 stud.dat
 1 16 30 -144 190 1 0 0 0 1 0 0 0 1 stud.dat
 1 16 50 -144 190 1 0 0 0 1 0 0 0 1 stud.dat
 1 16 70 -144 190 1 0 0 0 1 0 0 0 1 stud.dat
 1 16 90 -144 190 1 0 0 0 1 0 0 0 1 stud.dat
 1 16 110 -144 190 1 0 0 0 1 0 0 0 1 stud.dat
 1 16 130 -144 190 1 0 0 0 1 0 0 0 1 stud.dat
 1 16 150 -144 190 1 0 0 0 1 0 0 0 1 stud.dat
 1 16 170 -144 190 1 0 0 0 1 0 0 0 1 stud.dat
 1 16 190 -144 190 1 0 0 0 1 0 0 0 1 stud.dat
 1 16 210 -144 190 1 0 0 0 1 0 0 0 1 stud.dat
 1 16 230 -144 190 1 0 0 0 1 0 0 0 1 stud.dat
 1 16 250 -144 190 1 0 0 0 1 0 0 0 1 stud.dat
 1 16 270 -144 190 1 0 0 0 1 0 0 0 1 stud.dat
 1 16 290 -144 190 1 0 0 0 1 0 0 0 1 stud.dat
 1 16 310 -144 190 1 0 0 0 1 0 0 0 1 stud.dat
 1 16 330 -144 190 1 0 0 0 1 0 0 0 1 stud.dat
 1 16 350 -144 190 1 0 0 0 1 0 0 0 1 stud.dat
 1 16 370 -144 190 1 0 0 0 1 0 0 0 1 stud.dat
 1 16 390 -144 190 1 0 0 0 1 0 0 0 1 stud.dat
 1 16 470 0 190 1 0 0 0 1 0 0 0 1 stud.dat

 1 16 -470 0 170 1 0 0 0 1 0 0 0 1 stud.dat
 1 16 -410 -144 170 1 0 0 0 1 0 0 0 1 stud.dat
 1 16 -390 -144 170 1 0 0 0 1 0 0 0 1 stud.dat
 1 16 -370 -144 170 1 0 0 0 1 0 0 0 1 stud.dat
 1 16 -350 -144 170 1 0 0 0 1 0 0 0 1 stud.dat
 1 16 -330 -144 170 1 0 0 0 1 0 0 0 1 stud.dat
 1 16 -310 -144 170 1 0 0 0 1 0 0 0 1 stud.dat
 1 16 290 -144 170 1 0 0 0 1 0 0 0 1 stud.dat
 1 16 310 -144 170 1 0 0 0 1 0 0 0 1 stud.dat
 1 16 330 -144 170 1 0 0 0 1 0 0 0 1 stud.dat
 1 16 350 -144 170 1 0 0 0 1 0 0 0 1 stud.dat
 1 16 370 -144 170 1 0 0 0 1 0 0 0 1 stud.dat
 1 16 390 -144 170 1 0 0 0 1 0 0 0 1 stud.dat
 1 16 470 0 170 1 0 0 0 1 0 0 0 1 stud.dat

 1 16 -470 0 150 1 0 0 0 1 0 0 0 1 stud.dat
 1 16 -410 -144 150 1 0 0 0 1 0 0 0 1 stud.dat
 1 16 -390 -144 150 1 0 0 0 1 0 0 0 1 stud.dat
 1 16 -370 -144 150 1 0 0 0 1 0 0 0 1 stud.dat
 1 16 -350 -144 150 1 0 0 0 1 0 0 0 1 stud.dat
 1 16 -330 -144 150 1 0 0 0 1 0 0 0 1 stud.dat
 1 16 -310 -144 150 1 0 0 0 1 0 0 0 1 stud.dat
 1 16 -270 -72 150 1 0 0 0 1 0 0 0 1 stud.dat
 1 16 290 -144 150 1 0 0 0 1 0 0 0 1 stud.dat
 1 16 310 -144 150 1 0 0 0 1 0 0 0 1 stud.dat
 1 16 330 -144 150 1 0 0 0 1 0 0 0 1 stud.dat
 1 16 350 -144 150 1 0 0 0 1 0 0 0 1 stud.dat
 1 16 370 -144 150 1 0 0 0 1 0 0 0 1 stud.dat
 1 16 390 -144 150 1 0 0 0 1 0 0 0 1 stud.dat
 1 16 470 0 150 1 0 0 0 1 0 0 0 1 stud.dat

 1 16 -470 0 130 1 0 0 0 1 0 0 0 1 stud.dat
 1 16 -410 -144 130 1 0 0 0 1 0 0 0 1 stud.dat
 1 16 -390 -144 130 1 0 0 0 1 0 0 0 1 stud.dat
 1 16 -370 -144 130 1 0 0 0 1 0 0 0 1 stud.dat
 1 16 -350 -144 130 1 0 0 0 1 0 0 0 1 stud.dat
 1 16 -330 -144 130 1 0 0 0 1 0 0 0 1 stud.dat
 1 16 -310 -144 130 1 0 0 0 1 0 0 0 1 stud.dat
 1 16 -270 -72 130 1 0 0 0 1 0 0 0 1 stud.dat
 1 16 290 -144 130 1 0 0 0 1 0 0 0 1 stud.dat
 1 16 310 -144 130 1 0 0 0 1 0 0 0 1 stud.dat
 1 16 330 -144 130 1 0 0 0 1 0 0 0 1 stud.dat
 1 16 350 -144 130 1 0 0 0 1 0 0 0 1 stud.dat
 1 16 470 0 130 1 0 0 0 1 0 0 0 1 stud.dat

 1 16 -470 0 110 1 0 0 0 1 0 0 0 1 stud.dat
 1 16 -410 -144 110 1 0 0 0 1 0 0 0 1 stud.dat
 1 16 -390 -144 110 1 0 0 0 1 0 0 0 1 stud.dat
 1 16 -370 -144 110 1 0 0 0 1 0 0 0 1 stud.dat
 1 16 -350 -144 110 1 0 0 0 1 0 0 0 1 stud.dat
 1 16 -330 -144 110 1 0 0 0 1 0 0 0 1 stud.dat
 1 16 -310 -144 110 1 0 0 0 1 0 0 0 1 stud.dat
 1 16 -270 -72 110 1 0 0 0 1 0 0 0 1 stud.dat
 1 16 -210 0 110 1 0 0 0 1 0 0 0 1 stud.dat
 1 16 -190 0 110 1 0 0 0 1 0 0 0 1 stud.dat
 1 16 -170 0 110 1 0 0 0 1 0 0 0 1 stud.dat
 1 16 -150 0 110 1 0 0 0 1 0 0 0 1 stud.dat
 1 16 -130 0 110 1 0 0 0 1 0 0 0 1 stud.dat
 1 16 -110 0 110 1 0 0 0 1 0 0 0 1 stud.dat
 1 16 -90 0 110 1 0 0 0 1 0 0 0 1 stud.dat
 1 16 -70 0 110 1 0 0 0 1 0 0 0 1 stud.dat
 1 16 -50 0 110 1 0 0 0 1 0 0 0 1 stud.dat
 1 16 -30 0 110 1 0 0 0 1 0 0 0 1 stud.dat
 1 16 -10 0 110 1 0 0 0 1 0 0 0 1 stud.dat
 1 16 10 0 110 1 0 0 0 1 0 0 0 1 stud.dat
 1 16 30 0 110 1 0 0 0 1 0 0 0 1 stud.dat
 1 16 50 0 110 1 0 0 0 1 0 0 0 1 stud.dat
 1 16 70 0 110 1 0 0 0 1 0 0 0 1 stud.dat
 1 16 90 0 110 1 0 0 0 1 0 0 0 1 stud.dat
 1 16 110 0 110 1 0 0 0 1 0 0 0 1 stud.dat
 1 16 130 0 110 1 0 0 0 1 0 0 0 1 stud.dat
 1 16 150 0 110 1 0 0 0 1 0 0 0 1 stud.dat
 1 16 170 0 110 1 0 0 0 1 0 0 0 1 stud.dat
 1 16 190 0 110 1 0 0 0 1 0 0 0 1 stud.dat
 1 16 210 0 110 1 0 0 0 1 0 0 0 1 stud.dat
 1 16 290 -144 110 1 0 0 0 1 0 0 0 1 stud.dat
 1 16 310 -144 110 1 0 0 0 1 0 0 0 1 stud.dat
 1 16 330 -144 110 1 0 0 0 1 0 0 0 1 stud.dat
 1 16 350 -144 110 1 0 0 0 1 0 0 0 1 stud.dat
 1 16 470 0 110 1 0 0 0 1 0 0 0 1 stud.dat

 1 16 -470 0 90 1 0 0 0 1 0 0 0 1 stud.dat
 1 16 -390 -144 90 1 0 0 0 1 0 0 0 1 stud.dat
 1 16 -370 -144 90 1 0 0 0 1 0 0 0 1 stud.dat
 1 16 -350 -144 90 1 0 0 0 1 0 0 0 1 stud.dat
 1 16 -330 -144 90 1 0 0 0 1 0 0 0 1 stud.dat
 1 16 -310 -144 90 1 0 0 0 1 0 0 0 1 stud.dat
 1 16 -270 -72 90 1 0 0 0 1 0 0 0 1 stud.dat
 1 16 -210 0 90 1 0 0 0 1 0 0 0 1 stud.dat
 1 16 -190 0 90 1 0 0 0 1 0 0 0 1 stud.dat
 1 16 -170 0 90 1 0 0 0 1 0 0 0 1 stud.dat
 1 16 -150 0 90 1 0 0 0 1 0 0 0 1 stud.dat
 1 16 -130 0 90 1 0 0 0 1 0 0 0 1 stud.dat
 1 16 -110 0 90 1 0 0 0 1 0 0 0 1 stud.dat
 1 16 -90 0 90 1 0 0 0 1 0 0 0 1 stud.dat
 1 16 -70 0 90 1 0 0 0 1 0 0 0 1 stud.dat
 1 16 -50 0 90 1 0 0 0 1 0 0 0 1 stud.dat
 1 16 -30 0 90 1 0 0 0 1 0 0 0 1 stud.dat
 1 16 -10 0 90 1 0 0 0 1 0 0 0 1 stud.dat
 1 16 10 0 90 1 0 0 0 1 0 0 0 1 stud.dat
 1 16 30 0 90 1 0 0 0 1 0 0 0 1 stud.dat
 1 16 50 0 90 1 0 0 0 1 0 0 0 1 stud.dat
 1 16 70 0 90 1 0 0 0 1 0 0 0 1 stud.dat
 1 16 90 0 90 1 0 0 0 1 0 0 0 1 stud.dat
 1 16 110 0 90 1 0 0 0 1 0 0 0 1 stud.dat
 1 16 130 0 90 1 0 0 0 1 0 0 0 1 stud.dat
 1 16 150 0 90 1 0 0 0 1 0 0 0 1 stud.dat
 1 16 170 0 90 1 0 0 0 1 0 0 0 1 stud.dat
 1 16 190 0 90 1 0 0 0 1 0 0 0 1 stud.dat
 1 16 210 0 90 1 0 0 0 1 0 0 0 1 stud.dat
 1 16 290 -144 90 1 0 0 0 1 0 0 0 1 stud.dat
 1 16 310 -144 90 1 0 0 0 1 0 0 0 1 stud.dat
 1 16 330 -144 90 1 0 0 0 1 0 0 0 1 stud.dat
 1 16 350 -144 90 1 0 0 0 1 0 0 0 1 stud.dat
 1 16 410 0 90 1 0 0 0 1 0 0 0 1 stud.dat
 1 16 430 0 90 1 0 0 0 1 0 0 0 1 stud.dat
 1 16 450 0 90 1 0 0 0 1 0 0 0 1 stud.dat
 1 16 470 0 90 1 0 0 0 1 0 0 0 1 stud.dat

 1 16 -470 0 70 1 0 0 0 1 0 0 0 1 stud.dat
 1 16 -370 -144 70 1 0 0 0 1 0 0 0 1 stud.dat
 1 16 -350 -144 70 1 0 0 0 1 0 0 0 1 stud.dat
 1 16 -330 -144 70 1 0 0 0 1 0 0 0 1 stud.dat
 1 16 -310 -144 70 1 0 0 0 1 0 0 0 1 stud.dat
 1 16 -270 -72 70 1 0 0 0 1 0 0 0 1 stud.dat
 1 16 -210 0 70 1 0 0 0 1 0 0 0 1 stud.dat
 1 16 -190 0 70 1 0 0 0 1 0 0 0 1 stud.dat
 1 16 -170 0 70 1 0 0 0 1 0 0 0 1 stud.dat
 1 16 -150 0 70 1 0 0 0 1 0 0 0 1 stud.dat
 1 16 -130 0 70 1 0 0 0 1 0 0 0 1 stud.dat
 1 16 -110 0 70 1 0 0 0 1 0 0 0 1 stud.dat
 1 16 -90 0 70 1 0 0 0 1 0 0 0 1 stud.dat
 1 16 -70 0 70 1 0 0 0 1 0 0 0 1 stud.dat
 1 16 -50 0 70 1 0 0 0 1 0 0 0 1 stud.dat
 1 16 -30 0 70 1 0 0 0 1 0 0 0 1 stud.dat
 1 16 -10 0 70 1 0 0 0 1 0 0 0 1 stud.dat
 1 16 10 0 70 1 0 0 0 1 0 0 0 1 stud.dat
 1 16 30 0 70 1 0 0 0 1 0 0 0 1 stud.dat
 1 16 50 0 70 1 0 0 0 1 0 0 0 1 stud.dat
 1 16 70 0 70 1 0 0 0 1 0 0 0 1 stud.dat
 1 16 90 0 70 1 0 0 0 1 0 0 0 1 stud.dat
 1 16 110 0 70 1 0 0 0 1 0 0 0 1 stud.dat
 1 16 130 0 70 1 0 0 0 1 0 0 0 1 stud.dat
 1 16 150 0 70 1 0 0 0 1 0 0 0 1 stud.dat
 1 16 170 0 70 1 0 0 0 1 0 0 0 1 stud.dat
 1 16 190 0 70 1 0 0 0 1 0 0 0 1 stud.dat
 1 16 210 0 70 1 0 0 0 1 0 0 0 1 stud.dat
 1 16 290 -144 70 1 0 0 0 1 0 0 0 1 stud.dat
 1 16 310 -144 70 1 0 0 0 1 0 0 0 1 stud.dat
 1 16 330 -144 70 1 0 0 0 1 0 0 0 1 stud.dat
 1 16 350 -144 70 1 0 0 0 1 0 0 0 1 stud.dat
 1 16 410 0 70 1 0 0 0 1 0 0 0 1 stud.dat
 1 16 430 0 70 1 0 0 0 1 0 0 0 1 stud.dat
 1 16 450 0 70 1 0 0 0 1 0 0 0 1 stud.dat
 1 16 470 0 70 1 0 0 0 1 0 0 0 1 stud.dat

 1 16 -470 0 50 1 0 0 0 1 0 0 0 1 stud.dat
 1 16 -430 -72 50 1 0 0 0 1 0 0 0 1 stud.dat
 1 16 -410 -72 50 1 0 0 0 1 0 0 0 1 stud.dat
 1 16 -370 -144 50 1 0 0 0 1 0 0 0 1 stud.dat
 1 16 -350 -144 50 1 0 0 0 1 0 0 0 1 stud.dat
 1 16 -330 -144 50 1 0 0 0 1 0 0 0 1 stud.dat
 1 16 -310 -144 50 1 0 0 0 1 0 0 0 1 stud.dat
 1 16 -270 -72 50 1 0 0 0 1 0 0 0 1 stud.dat
 1 16 -210 0 50 1 0 0 0 1 0 0 0 1 stud.dat
 1 16 -190 0 50 1 0 0 0 1 0 0 0 1 stud.dat
 1 16 -170 0 50 1 0 0 0 1 0 0 0 1 stud.dat
 1 16 -150 0 50 1 0 0 0 1 0 0 0 1 stud.dat
 1 16 -130 0 50 1 0 0 0 1 0 0 0 1 stud.dat
 1 16 -110 0 50 1 0 0 0 1 0 0 0 1 stud.dat
 1 16 -90 0 50 1 0 0 0 1 0 0 0 1 stud.dat
 1 16 -70 0 50 1 0 0 0 1 0 0 0 1 stud.dat
 1 16 -50 0 50 1 0 0 0 1 0 0 0 1 stud.dat
 1 16 -30 0 50 1 0 0 0 1 0 0 0 1 stud.dat
 1 16 -10 0 50 1 0 0 0 1 0 0 0 1 stud.dat
 1 16 10 0 50 1 0 0 0 1 0 0 0 1 stud.dat
 1 16 30 0 50 1 0 0 0 1 0 0 0 1 stud.dat
 1 16 50 0 50 1 0 0 0 1 0 0 0 1 stud.dat
 1 16 70 0 50 1 0 0 0 1 0 0 0 1 stud.dat
 1 16 90 0 50 1 0 0 0 1 0 0 0 1 stud.dat
 1 16 110 0 50 1 0 0 0 1 0 0 0 1 stud.dat
 1 16 130 0 50 1 0 0 0 1 0 0 0 1 stud.dat
 1 16 150 0 50 1 0 0 0 1 0 0 0 1 stud.dat
 1 16 170 0 50 1 0 0 0 1 0 0 0 1 stud.dat
 1 16 190 0 50 1 0 0 0 1 0 0 0 1 stud.dat
 1 16 210 0 50 1 0 0 0 1 0 0 0 1 stud.dat
 1 16 290 -144 50 1 0 0 0 1 0 0 0 1 stud.dat
 1 16 310 -144 50 1 0 0 0 1 0 0 0 1 stud.dat
 1 16 330 -144 50 1 0 0 0 1 0 0 0 1 stud.dat
 1 16 350 -144 50 1 0 0 0 1 0 0 0 1 stud.dat
 1 16 470 0 50 1 0 0 0 1 0 0 0 1 stud.dat

 1 16 -470 0 30 1 0 0 0 1 0 0 0 1 stud.dat
 1 16 -430 -72 30 1 0 0 0 1 0 0 0 1 stud.dat
 1 16 -410 -72 30 1 0 0 0 1 0 0 0 1 stud.dat
 1 16 -370 -144 30 1 0 0 0 1 0 0 0 1 stud.dat
 1 16 -350 -144 30 1 0 0 0 1 0 0 0 1 stud.dat
 1 16 -330 -144 30 1 0 0 0 1 0 0 0 1 stud.dat
 1 16 -310 -144 30 1 0 0 0 1 0 0 0 1 stud.dat
 1 16 -270 -72 30 1 0 0 0 1 0 0 0 1 stud.dat
 1 16 -210 0 30 1 0 0 0 1 0 0 0 1 stud.dat
 1 16 -190 0 30 1 0 0 0 1 0 0 0 1 stud.dat
 1 16 -170 0 30 1 0 0 0 1 0 0 0 1 stud.dat
 1 16 -150 0 30 1 0 0 0 1 0 0 0 1 stud.dat
 1 16 -130 0 30 1 0 0 0 1 0 0 0 1 stud.dat
 1 16 -110 0 30 1 0 0 0 1 0 0 0 1 stud.dat
 1 16 -90 0 30 1 0 0 0 1 0 0 0 1 stud.dat
 1 16 -70 0 30 1 0 0 0 1 0 0 0 1 stud.dat
 1 16 -50 0 30 1 0 0 0 1 0 0 0 1 stud.dat
 1 16 -30 0 30 1 0 0 0 1 0 0 0 1 stud.dat
 1 16 -10 0 30 1 0 0 0 1 0 0 0 1 stud.dat
 1 16 10 0 30 1 0 0 0 1 0 0 0 1 stud.dat
 1 16 30 0 30 1 0 0 0 1 0 0 0 1 stud.dat
 1 16 50 0 30 1 0 0 0 1 0 0 0 1 stud.dat
 1 16 70 0 30 1 0 0 0 1 0 0 0 1 stud.dat
 1 16 90 0 30 1 0 0 0 1 0 0 0 1 stud.dat
 1 16 110 0 30 1 0 0 0 1 0 0 0 1 stud.dat
 1 16 130 0 30 1 0 0 0 1 0 0 0 1 stud.dat
 1 16 150 0 30 1 0 0 0 1 0 0 0 1 stud.dat
 1 16 170 0 30 1 0 0 0 1 0 0 0 1 stud.dat
 1 16 190 0 30 1 0 0 0 1 0 0 0 1 stud.dat
 1 16 210 0 30 1 0 0 0 1 0 0 0 1 stud.dat
 1 16 290 -144 30 1 0 0 0 1 0 0 0 1 stud.dat
 1 16 310 -144 30 1 0 0 0 1 0 0 0 1 stud.dat
 1 16 330 -144 30 1 0 0 0 1 0 0 0 1 stud.dat
 1 16 350 -144 30 1 0 0 0 1 0 0 0 1 stud.dat
 1 16 470 0 30 1 0 0 0 1 0 0 0 1 stud.dat

 1 16 -470 0 10 1 0 0 0 1 0 0 0 1 stud.dat
 1 16 -430 -72 10 1 0 0 0 1 0 0 0 1 stud.dat
 1 16 -410 -72 10 1 0 0 0 1 0 0 0 1 stud.dat
 1 16 -370 -144 10 1 0 0 0 1 0 0 0 1 stud.dat
 1 16 -350 -144 10 1 0 0 0 1 0 0 0 1 stud.dat
 1 16 -330 -144 10 1 0 0 0 1 0 0 0 1 stud.dat
 1 16 -310 -144 10 1 0 0 0 1 0 0 0 1 stud.dat
 1 16 -270 -72 10 1 0 0 0 1 0 0 0 1 stud.dat
 1 16 -210 0 10 1 0 0 0 1 0 0 0 1 stud.dat
 1 16 -190 0 10 1 0 0 0 1 0 0 0 1 stud.dat
 1 16 -170 0 10 1 0 0 0 1 0 0 0 1 stud.dat
 1 16 -150 0 10 1 0 0 0 1 0 0 0 1 stud.dat
 1 16 -130 0 10 1 0 0 0 1 0 0 0 1 stud.dat
 1 16 -110 0 10 1 0 0 0 1 0 0 0 1 stud.dat
 1 16 -90 0 10 1 0 0 0 1 0 0 0 1 stud.dat
 1 16 -70 0 10 1 0 0 0 1 0 0 0 1 stud.dat
 1 16 -50 0 10 1 0 0 0 1 0 0 0 1 stud.dat
 1 16 -30 0 10 1 0 0 0 1 0 0 0 1 stud.dat
 1 16 -10 0 10 1 0 0 0 1 0 0 0 1 stud.dat
 1 16 10 0 10 1 0 0 0 1 0 0 0 1 stud.dat
 1 16 30 0 10 1 0 0 0 1 0 0 0 1 stud.dat
 1 16 50 0 10 1 0 0 0 1 0 0 0 1 stud.dat
 1 16 70 0 10 1 0 0 0 1 0 0 0 1 stud.dat
 1 16 90 0 10 1 0 0 0 1 0 0 0 1 stud.dat
 1 16 110 0 10 1 0 0 0 1 0 0 0 1 stud.dat
 1 16 130 0 10 1 0 0 0 1 0 0 0 1 stud.dat
 1 16 150 0 10 1 0 0 0 1 0 0 0 1 stud.dat
 1 16 170 0 10 1 0 0 0 1 0 0 0 1 stud.dat
 1 16 190 0 10 1 0 0 0 1 0 0 0 1 stud.dat
 1 16 210 0 10 1 0 0 0 1 0 0 0 1 stud.dat
 1 16 290 -144 10 1 0 0 0 1 0 0 0 1 stud.dat
 1 16 310 -144 10 1 0 0 0 1 0 0 0 1 stud.dat
 1 16 330 -144 10 1 0 0 0 1 0 0 0 1 stud.dat
 1 16 350 -144 10 1 0 0 0 1 0 0 0 1 stud.dat
 1 16 470 0 10 1 0 0 0 1 0 0 0 1 stud.dat

 1 16 -470 0 -10 1 0 0 0 1 0 0 0 1 stud.dat
 1 16 -430 -72 -10 1 0 0 0 1 0 0 0 1 stud.dat
 1 16 -410 -72 -10 1 0 0 0 1 0 0 0 1 stud.dat
 1 16 -370 -144 -10 1 0 0 0 1 0 0 0 1 stud.dat
 1 16 -350 -144 -10 1 0 0 0 1 0 0 0 1 stud.dat
 1 16 -330 -144 -10 1 0 0 0 1 0 0 0 1 stud.dat
 1 16 -310 -144 -10 1 0 0 0 1 0 0 0 1 stud.dat
 1 16 -270 -72 -10 1 0 0 0 1 0 0 0 1 stud.dat
 1 16 -210 0 -10 1 0 0 0 1 0 0 0 1 stud.dat
 1 16 -190 0 -10 1 0 0 0 1 0 0 0 1 stud.dat
 1 16 -170 0 -10 1 0 0 0 1 0 0 0 1 stud.dat
 1 16 -150 0 -10 1 0 0 0 1 0 0 0 1 stud.dat
 1 16 -130 0 -10 1 0 0 0 1 0 0 0 1 stud.dat
 1 16 -110 0 -10 1 0 0 0 1 0 0 0 1 stud.dat
 1 16 -90 0 -10 1 0 0 0 1 0 0 0 1 stud.dat
 1 16 -70 0 -10 1 0 0 0 1 0 0 0 1 stud.dat
 1 16 -50 0 -10 1 0 0 0 1 0 0 0 1 stud.dat
 1 16 -30 0 -10 1 0 0 0 1 0 0 0 1 stud.dat
 1 16 -10 0 -10 1 0 0 0 1 0 0 0 1 stud.dat
 1 16 10 0 -10 1 0 0 0 1 0 0 0 1 stud.dat
 1 16 30 0 -10 1 0 0 0 1 0 0 0 1 stud.dat
 1 16 50 0 -10 1 0 0 0 1 0 0 0 1 stud.dat
 1 16 70 0 -10 1 0 0 0 1 0 0 0 1 stud.dat
 1 16 90 0 -10 1 0 0 0 1 0 0 0 1 stud.dat
 1 16 110 0 -10 1 0 0 0 1 0 0 0 1 stud.dat
 1 16 130 0 -10 1 0 0 0 1 0 0 0 1 stud.dat
 1 16 150 0 -10 1 0 0 0 1 0 0 0 1 stud.dat
 1 16 170 0 -10 1 0 0 0 1 0 0 0 1 stud.dat
 1 16 190 0 -10 1 0 0 0 1 0 0 0 1 stud.dat
 1 16 210 0 -10 1 0 0 0 1 0 0 0 1 stud.dat
 1 16 290 -144 -10 1 0 0 0 1 0 0 0 1 stud.dat
 1 16 310 -144 -10 1 0 0 0 1 0 0 0 1 stud.dat
 1 16 330 -144 -10 1 0 0 0 1 0 0 0 1 stud.dat
 1 16 350 -144 -10 1 0 0 0 1 0 0 0 1 stud.dat
 1 16 470 0 -10 1 0 0 0 1 0 0 0 1 stud.dat

 1 16 -470 0 -30 1 0 0 0 1 0 0 0 1 stud.dat
 1 16 -430 -72 -30 1 0 0 0 1 0 0 0 1 stud.dat
 1 16 -410 -72 -30 1 0 0 0 1 0 0 0 1 stud.dat
 1 16 -370 -144 -30 1 0 0 0 1 0 0 0 1 stud.dat
 1 16 -350 -144 -30 1 0 0 0 1 0 0 0 1 stud.dat
 1 16 -330 -144 -30 1 0 0 0 1 0 0 0 1 stud.dat
 1 16 -310 -144 -30 1 0 0 0 1 0 0 0 1 stud.dat
 1 16 -270 -72 -30 1 0 0 0 1 0 0 0 1 stud.dat
 1 16 -210 0 -30 1 0 0 0 1 0 0 0 1 stud.dat
 1 16 -190 0 -30 1 0 0 0 1 0 0 0 1 stud.dat
 1 16 -170 0 -30 1 0 0 0 1 0 0 0 1 stud.dat
 1 16 -150 0 -30 1 0 0 0 1 0 0 0 1 stud.dat
 1 16 -130 0 -30 1 0 0 0 1 0 0 0 1 stud.dat
 1 16 -110 0 -30 1 0 0 0 1 0 0 0 1 stud.dat
 1 16 -90 0 -30 1 0 0 0 1 0 0 0 1 stud.dat
 1 16 -70 0 -30 1 0 0 0 1 0 0 0 1 stud.dat
 1 16 -50 0 -30 1 0 0 0 1 0 0 0 1 stud.dat
 1 16 -30 0 -30 1 0 0 0 1 0 0 0 1 stud.dat
 1 16 -10 0 -30 1 0 0 0 1 0 0 0 1 stud.dat
 1 16 10 0 -30 1 0 0 0 1 0 0 0 1 stud.dat
 1 16 30 0 -30 1 0 0 0 1 0 0 0 1 stud.dat
 1 16 50 0 -30 1 0 0 0 1 0 0 0 1 stud.dat
 1 16 70 0 -30 1 0 0 0 1 0 0 0 1 stud.dat
 1 16 90 0 -30 1 0 0 0 1 0 0 0 1 stud.dat
 1 16 110 0 -30 1 0 0 0 1 0 0 0 1 stud.dat
 1 16 130 0 -30 1 0 0 0 1 0 0 0 1 stud.dat
 1 16 150 0 -30 1 0 0 0 1 0 0 0 1 stud.dat
 1 16 170 0 -30 1 0 0 0 1 0 0 0 1 stud.dat
 1 16 190 0 -30 1 0 0 0 1 0 0 0 1 stud.dat
 1 16 210 0 -30 1 0 0 0 1 0 0 0 1 stud.dat
 1 16 290 -144 -30 1 0 0 0 1 0 0 0 1 stud.dat
 1 16 310 -144 -30 1 0 0 0 1 0 0 0 1 stud.dat
 1 16 330 -144 -30 1 0 0 0 1 0 0 0 1 stud.dat
 1 16 350 -144 -30 1 0 0 0 1 0 0 0 1 stud.dat
 1 16 470 0 -30 1 0 0 0 1 0 0 0 1 stud.dat

 1 16 -470 0 -50 1 0 0 0 1 0 0 0 1 stud.dat
 1 16 -430 -72 -50 1 0 0 0 1 0 0 0 1 stud.dat
 1 16 -410 -72 -50 1 0 0 0 1 0 0 0 1 stud.dat
 1 16 -370 -144 -50 1 0 0 0 1 0 0 0 1 stud.dat
 1 16 -350 -144 -50 1 0 0 0 1 0 0 0 1 stud.dat
 1 16 -330 -144 -50 1 0 0 0 1 0 0 0 1 stud.dat
 1 16 -310 -144 -50 1 0 0 0 1 0 0 0 1 stud.dat
 1 16 -270 -72 -50 1 0 0 0 1 0 0 0 1 stud.dat
 1 16 150 0 -50 1 0 0 0 1 0 0 0 1 stud.dat
 1 16 170 0 -50 1 0 0 0 1 0 0 0 1 stud.dat
 1 16 190 0 -50 1 0 0 0 1 0 0 0 1 stud.dat
 1 16 210 0 -50 1 0 0 0 1 0 0 0 1 stud.dat
 1 16 290 -144 -50 1 0 0 0 1 0 0 0 1 stud.dat
 1 16 310 -144 -50 1 0 0 0 1 0 0 0 1 stud.dat
 1 16 330 -144 -50 1 0 0 0 1 0 0 0 1 stud.dat
 1 16 350 -144 -50 1 0 0 0 1 0 0 0 1 stud.dat
 1 16 470 0 -50 1 0 0 0 1 0 0 0 1 stud.dat

 1 16 -470 0 -70 1 0 0 0 1 0 0 0 1 stud.dat
 1 16 -370 -144 -70 1 0 0 0 1 0 0 0 1 stud.dat
 1 16 -350 -144 -70 1 0 0 0 1 0 0 0 1 stud.dat
 1 16 -330 -144 -70 1 0 0 0 1 0 0 0 1 stud.dat
 1 16 -310 -144 -70 1 0 0 0 1 0 0 0 1 stud.dat
 1 16 -270 -72 -70 1 0 0 0 1 0 0 0 1 stud.dat
 1 16 150 0 -70 1 0 0 0 1 0 0 0 1 stud.dat
 1 16 170 0 -70 1 0 0 0 1 0 0 0 1 stud.dat
 1 16 190 0 -70 1 0 0 0 1 0 0 0 1 stud.dat
 1 16 210 0 -70 1 0 0 0 1 0 0 0 1 stud.dat
 1 16 290 -144 -70 1 0 0 0 1 0 0 0 1 stud.dat
 1 16 310 -144 -70 1 0 0 0 1 0 0 0 1 stud.dat
 1 16 330 -144 -70 1 0 0 0 1 0 0 0 1 stud.dat
 1 16 350 -144 -70 1 0 0 0 1 0 0 0 1 stud.dat
 1 16 470 0 -70 1 0 0 0 1 0 0 0 1 stud.dat

 1 16 -470 0 -90 1 0 0 0 1 0 0 0 1 stud.dat
 1 16 -390 -144 -90 1 0 0 0 1 0 0 0 1 stud.dat
 1 16 -370 -144 -90 1 0 0 0 1 0 0 0 1 stud.dat
 1 16 -350 -144 -90 1 0 0 0 1 0 0 0 1 stud.dat
 1 16 -330 -144 -90 1 0 0 0 1 0 0 0 1 stud.dat
 1 16 -310 -144 -90 1 0 0 0 1 0 0 0 1 stud.dat
 1 16 -270 -72 -90 1 0 0 0 1 0 0 0 1 stud.dat
 1 16 -250 -72 -90 1 0 0 0 1 0 0 0 1 stud.dat
 1 16 -230 -72 -90 1 0 0 0 1 0 0 0 1 stud.dat
 1 16 -210 -72 -90 1 0 0 0 1 0 0 0 1 stud.dat
 1 16 -190 -72 -90 1 0 0 0 1 0 0 0 1 stud.dat
 1 16 -170 -72 -90 1 0 0 0 1 0 0 0 1 stud.dat
 1 16 -150 -72 -90 1 0 0 0 1 0 0 0 1 stud.dat
 1 16 -130 -72 -90 1 0 0 0 1 0 0 0 1 stud.dat
 1 16 -110 -72 -90 1 0 0 0 1 0 0 0 1 stud.dat
 1 16 -90 -72 -90 1 0 0 0 1 0 0 0 1 stud.dat
 1 16 -70 -72 -90 1 0 0 0 1 0 0 0 1 stud.dat
 1 16 -50 -72 -90 1 0 0 0 1 0 0 0 1 stud.dat
 1 16 -30 -72 -90 1 0 0 0 1 0 0 0 1 stud.dat
 1 16 -10 -72 -90 1 0 0 0 1 0 0 0 1 stud.dat
 1 16 150 0 -90 1 0 0 0 1 0 0 0 1 stud.dat
 1 16 170 0 -90 1 0 0 0 1 0 0 0 1 stud.dat
 1 16 190 0 -90 1 0 0 0 1 0 0 0 1 stud.dat
 1 16 210 0 -90 1 0 0 0 1 0 0 0 1 stud.dat
 1 16 290 -144 -90 1 0 0 0 1 0 0 0 1 stud.dat
 1 16 310 -144 -90 1 0 0 0 1 0 0 0 1 stud.dat
 1 16 330 -144 -90 1 0 0 0 1 0 0 0 1 stud.dat
 1 16 350 -144 -90 1 0 0 0 1 0 0 0 1 stud.dat
 1 16 470 0 -90 1 0 0 0 1 0 0 0 1 stud.dat

 1 16 -470 0 -110 1 0 0 0 1 0 0 0 1 stud.dat
 1 16 -410 -144 -110 1 0 0 0 1 0 0 0 1 stud.dat
 1 16 -390 -144 -110 1 0 0 0 1 0 0 0 1 stud.dat
 1 16 -370 -144 -110 1 0 0 0 1 0 0 0 1 stud.dat
 1 16 -350 -144 -110 1 0 0 0 1 0 0 0 1 stud.dat
 1 16 -330 -144 -110 1 0 0 0 1 0 0 0 1 stud.dat
 1 16 -310 -144 -110 1 0 0 0 1 0 0 0 1 stud.dat
 1 16 -270 -72 -110 1 0 0 0 1 0 0 0 1 stud.dat
 1 16 -250 -72 -110 1 0 0 0 1 0 0 0 1 stud.dat
 1 16 -230 -72 -110 1 0 0 0 1 0 0 0 1 stud.dat
 1 16 -210 -72 -110 1 0 0 0 1 0 0 0 1 stud.dat
 1 16 -190 -72 -110 1 0 0 0 1 0 0 0 1 stud.dat
 1 16 -170 -72 -110 1 0 0 0 1 0 0 0 1 stud.dat
 1 16 -150 -72 -110 1 0 0 0 1 0 0 0 1 stud.dat
 1 16 -130 -72 -110 1 0 0 0 1 0 0 0 1 stud.dat
 1 16 -110 -72 -110 1 0 0 0 1 0 0 0 1 stud.dat
 1 16 -90 -72 -110 1 0 0 0 1 0 0 0 1 stud.dat
 1 16 -70 -72 -110 1 0 0 0 1 0 0 0 1 stud.dat
 1 16 -50 -72 -110 1 0 0 0 1 0 0 0 1 stud.dat
 1 16 -30 -72 -110 1 0 0 0 1 0 0 0 1 stud.dat
 1 16 -10 -72 -110 1 0 0 0 1 0 0 0 1 stud.dat
 1 16 150 0 -110 1 0 0 0 1 0 0 0 1 stud.dat
 1 16 170 0 -110 1 0 0 0 1 0 0 0 1 stud.dat
 1 16 190 0 -110 1 0 0 0 1 0 0 0 1 stud.dat
 1 16 210 0 -110 1 0 0 0 1 0 0 0 1 stud.dat
 1 16 290 -144 -110 1 0 0 0 1 0 0 0 1 stud.dat
 1 16 310 -144 -110 1 0 0 0 1 0 0 0 1 stud.dat
 1 16 330 -144 -110 1 0 0 0 1 0 0 0 1 stud.dat
 1 16 350 -144 -110 1 0 0 0 1 0 0 0 1 stud.dat
 1 16 370 -144 -110 1 0 0 0 1 0 0 0 1 stud.dat
 1 16 390 -144 -110 1 0 0 0 1 0 0 0 1 stud.dat
 1 16 470 0 -110 1 0 0 0 1 0 0 0 1 stud.dat

 1 16 -470 0 -130 1 0 0 0 1 0 0 0 1 stud.dat
 1 16 -410 -144 -130 1 0 0 0 1 0 0 0 1 stud.dat
 1 16 -390 -144 -130 1 0 0 0 1 0 0 0 1 stud.dat
 1 16 -370 -144 -130 1 0 0 0 1 0 0 0 1 stud.dat
 1 16 -350 -144 -130 1 0 0 0 1 0 0 0 1 stud.dat
 1 16 -330 -144 -130 1 0 0 0 1 0 0 0 1 stud.dat
 1 16 -310 -144 -130 1 0 0 0 1 0 0 0 1 stud.dat
 1 16 -270 -72 -130 1 0 0 0 1 0 0 0 1 stud.dat
 1 16 -250 -72 -130 1 0 0 0 1 0 0 0 1 stud.dat
 1 16 -230 -72 -130 1 0 0 0 1 0 0 0 1 stud.dat
 1 16 -210 -72 -130 1 0 0 0 1 0 0 0 1 stud.dat
 1 16 -190 -72 -130 1 0 0 0 1 0 0 0 1 stud.dat
 1 16 -170 -72 -130 1 0 0 0 1 0 0 0 1 stud.dat
 1 16 -150 -72 -130 1 0 0 0 1 0 0 0 1 stud.dat
 1 16 -130 -72 -130 1 0 0 0 1 0 0 0 1 stud.dat
 1 16 -110 -72 -130 1 0 0 0 1 0 0 0 1 stud.dat
 1 16 -90 -72 -130 1 0 0 0 1 0 0 0 1 stud.dat
 1 16 -70 -72 -130 1 0 0 0 1 0 0 0 1 stud.dat
 1 16 -50 -72 -130 1 0 0 0 1 0 0 0 1 stud.dat
 1 16 -30 -72 -130 1 0 0 0 1 0 0 0 1 stud.dat
 1 16 -10 -72 -130 1 0 0 0 1 0 0 0 1 stud.dat
 1 16 30 -144 -130 1 0 0 0 1 0 0 0 1 stud.dat
 1 16 50 -144 -130 1 0 0 0 1 0 0 0 1 stud.dat
 1 16 70 -144 -130 1 0 0 0 1 0 0 0 1 stud.dat
 1 16 290 -144 -130 1 0 0 0 1 0 0 0 1 stud.dat
 1 16 310 -144 -130 1 0 0 0 1 0 0 0 1 stud.dat
 1 16 330 -144 -130 1 0 0 0 1 0 0 0 1 stud.dat
 1 16 350 -144 -130 1 0 0 0 1 0 0 0 1 stud.dat
 1 16 370 -144 -130 1 0 0 0 1 0 0 0 1 stud.dat
 1 16 390 -144 -130 1 0 0 0 1 0 0 0 1 stud.dat
 1 16 410 -144 -130 1 0 0 0 1 0 0 0 1 stud.dat
 1 16 470 0 -130 1 0 0 0 1 0 0 0 1 stud.dat

 1 16 -470 0 -150 1 0 0 0 1 0 0 0 1 stud.dat
 1 16 -410 -144 -150 1 0 0 0 1 0 0 0 1 stud.dat
 1 16 -390 -144 -150 1 0 0 0 1 0 0 0 1 stud.dat
 1 16 -370 -144 -150 1 0 0 0 1 0 0 0 1 stud.dat
 1 16 -350 -144 -150 1 0 0 0 1 0 0 0 1 stud.dat
 1 16 -330 -144 -150 1 0 0 0 1 0 0 0 1 stud.dat
 1 16 -310 -144 -150 1 0 0 0 1 0 0 0 1 stud.dat
 1 16 -270 -72 -150 1 0 0 0 1 0 0 0 1 stud.dat
 1 16 -250 -72 -150 1 0 0 0 1 0 0 0 1 stud.dat
 1 16 -230 -72 -150 1 0 0 0 1 0 0 0 1 stud.dat
 1 16 -210 -72 -150 1 0 0 0 1 0 0 0 1 stud.dat
 1 16 -190 -72 -150 1 0 0 0 1 0 0 0 1 stud.dat
 1 16 -170 -72 -150 1 0 0 0 1 0 0 0 1 stud.dat
 1 16 -150 -72 -150 1 0 0 0 1 0 0 0 1 stud.dat
 1 16 -130 -72 -150 1 0 0 0 1 0 0 0 1 stud.dat
 1 16 -110 -72 -150 1 0 0 0 1 0 0 0 1 stud.dat
 1 16 -90 -72 -150 1 0 0 0 1 0 0 0 1 stud.dat
 1 16 -70 -72 -150 1 0 0 0 1 0 0 0 1 stud.dat
 1 16 -50 -72 -150 1 0 0 0 1 0 0 0 1 stud.dat
 1 16 -30 -72 -150 1 0 0 0 1 0 0 0 1 stud.dat
 1 16 -10 -72 -150 1 0 0 0 1 0 0 0 1 stud.dat
 1 16 30 -144 -150 1 0 0 0 1 0 0 0 1 stud.dat
 1 16 50 -144 -150 1 0 0 0 1 0 0 0 1 stud.dat
 1 16 70 -144 -150 1 0 0 0 1 0 0 0 1 stud.dat
 1 16 290 -144 -150 1 0 0 0 1 0 0 0 1 stud.dat
 1 16 310 -144 -150 1 0 0 0 1 0 0 0 1 stud.dat
 1 16 330 -144 -150 1 0 0 0 1 0 0 0 1 stud.dat
 1 16 350 -144 -150 1 0 0 0 1 0 0 0 1 stud.dat
 1 16 370 -144 -150 1 0 0 0 1 0 0 0 1 stud.dat
 1 16 390 -144 -150 1 0 0 0 1 0 0 0 1 stud.dat
 1 16 410 -144 -150 1 0 0 0 1 0 0 0 1 stud.dat
 1 16 470 0 -150 1 0 0 0 1 0 0 0 1 stud.dat

 1 16 -470 0 -170 1 0 0 0 1 0 0 0 1 stud.dat
 1 16 -410 -144 -170 1 0 0 0 1 0 0 0 1 stud.dat
 1 16 -390 -144 -170 1 0 0 0 1 0 0 0 1 stud.dat
 1 16 -370 -144 -170 1 0 0 0 1 0 0 0 1 stud.dat
 1 16 -350 -144 -170 1 0 0 0 1 0 0 0 1 stud.dat
 1 16 -330 -144 -170 1 0 0 0 1 0 0 0 1 stud.dat
 1 16 -310 -144 -170 1 0 0 0 1 0 0 0 1 stud.dat
 1 16 -270 -72 -170 1 0 0 0 1 0 0 0 1 stud.dat
 1 16 -250 -72 -170 1 0 0 0 1 0 0 0 1 stud.dat
 1 16 -30 -72 -170 1 0 0 0 1 0 0 0 1 stud.dat
 1 16 -10 -72 -170 1 0 0 0 1 0 0 0 1 stud.dat
 1 16 30 -144 -170 1 0 0 0 1 0 0 0 1 stud.dat
 1 16 50 -144 -170 1 0 0 0 1 0 0 0 1 stud.dat
 1 16 70 -144 -170 1 0 0 0 1 0 0 0 1 stud.dat
 1 16 290 -144 -170 1 0 0 0 1 0 0 0 1 stud.dat
 1 16 310 -144 -170 1 0 0 0 1 0 0 0 1 stud.dat
 1 16 330 -144 -170 1 0 0 0 1 0 0 0 1 stud.dat
 1 16 350 -144 -170 1 0 0 0 1 0 0 0 1 stud.dat
 1 16 370 -144 -170 1 0 0 0 1 0 0 0 1 stud.dat
 1 16 390 -144 -170 1 0 0 0 1 0 0 0 1 stud.dat
 1 16 410 -144 -170 1 0 0 0 1 0 0 0 1 stud.dat
 1 16 470 0 -170 1 0 0 0 1 0 0 0 1 stud.dat

 1 16 -470 0 -190 1 0 0 0 1 0 0 0 1 stud.dat
 1 16 -390 -144 -190 1 0 0 0 1 0 0 0 1 stud.dat
 1 16 -370 -144 -190 1 0 0 0 1 0 0 0 1 stud.dat
 1 16 -350 -144 -190 1 0 0 0 1 0 0 0 1 stud.dat
 1 16 -330 -144 -190 1 0 0 0 1 0 0 0 1 stud.dat
 1 16 -310 -144 -190 1 0 0 0 1 0 0 0 1 stud.dat
 1 16 -270 -72 -190 1 0 0 0 1 0 0 0 1 stud.dat
 1 16 -250 -72 -190 1 0 0 0 1 0 0 0 1 stud.dat
 1 16 -30 -72 -190 1 0 0 0 1 0 0 0 1 stud.dat
 1 16 -10 -72 -190 1 0 0 0 1 0 0 0 1 stud.dat
 1 16 30 -144 -190 1 0 0 0 1 0 0 0 1 stud.dat
 1 16 50 -144 -190 1 0 0 0 1 0 0 0 1 stud.dat
 1 16 70 -144 -190 1 0 0 0 1 0 0 0 1 stud.dat
 1 16 90 -144 -190 1 0 0 0 1 0 0 0 1 stud.dat
 1 16 110 -144 -190 1 0 0 0 1 0 0 0 1 stud.dat
 1 16 130 -144 -190 1 0 0 0 1 0 0 0 1 stud.dat
 1 16 150 -144 -190 1 0 0 0 1 0 0 0 1 stud.dat
 1 16 170 -144 -190 1 0 0 0 1 0 0 0 1 stud.dat
 1 16 190 -144 -190 1 0 0 0 1 0 0 0 1 stud.dat
 1 16 210 -144 -190 1 0 0 0 1 0 0 0 1 stud.dat
 1 16 230 -144 -190 1 0 0 0 1 0 0 0 1 stud.dat
 1 16 250 -144 -190 1 0 0 0 1 0 0 0 1 stud.dat
 1 16 270 -144 -190 1 0 0 0 1 0 0 0 1 stud.dat
 1 16 290 -144 -190 1 0 0 0 1 0 0 0 1 stud.dat
 1 16 310 -144 -190 1 0 0 0 1 0 0 0 1 stud.dat
 1 16 330 -144 -190 1 0 0 0 1 0 0 0 1 stud.dat
 1 16 350 -144 -190 1 0 0 0 1 0 0 0 1 stud.dat
 1 16 370 -144 -190 1 0 0 0 1 0 0 0 1 stud.dat
 1 16 390 -144 -190 1 0 0 0 1 0 0 0 1 stud.dat
 1 16 470 0 -190 1 0 0 0 1 0 0 0 1 stud.dat

 1 16 -470 0 -210 1 0 0 0 1 0 0 0 1 stud.dat
 1 16 -350 -144 -210 1 0 0 0 1 0 0 0 1 stud.dat
 1 16 -330 -144 -210 1 0 0 0 1 0 0 0 1 stud.dat
 1 16 -310 -144 -210 1 0 0 0 1 0 0 0 1 stud.dat
 1 16 -270 -72 -210 1 0 0 0 1 0 0 0 1 stud.dat
 1 16 -250 -72 -210 1 0 0 0 1 0 0 0 1 stud.dat
 1 16 -30 -72 -210 1 0 0 0 1 0 0 0 1 stud.dat
 1 16 -10 -72 -210 1 0 0 0 1 0 0 0 1 stud.dat
 1 16 30 -144 -210 1 0 0 0 1 0 0 0 1 stud.dat
 1 16 50 -144 -210 1 0 0 0 1 0 0 0 1 stud.dat
 1 16 70 -144 -210 1 0 0 0 1 0 0 0 1 stud.dat
 1 16 90 -144 -210 1 0 0 0 1 0 0 0 1 stud.dat
 1 16 110 -144 -210 1 0 0 0 1 0 0 0 1 stud.dat
 1 16 130 -144 -210 1 0 0 0 1 0 0 0 1 stud.dat
 1 16 150 -144 -210 1 0 0 0 1 0 0 0 1 stud.dat
 1 16 170 -144 -210 1 0 0 0 1 0 0 0 1 stud.dat
 1 16 190 -144 -210 1 0 0 0 1 0 0 0 1 stud.dat
 1 16 210 -144 -210 1 0 0 0 1 0 0 0 1 stud.dat
 1 16 230 -144 -210 1 0 0 0 1 0 0 0 1 stud.dat
 1 16 250 -144 -210 1 0 0 0 1 0 0 0 1 stud.dat
 1 16 270 -144 -210 1 0 0 0 1 0 0 0 1 stud.dat
 1 16 290 -144 -210 1 0 0 0 1 0 0 0 1 stud.dat
 1 16 310 -144 -210 1 0 0 0 1 0 0 0 1 stud.dat
 1 16 330 -144 -210 1 0 0 0 1 0 0 0 1 stud.dat
 1 16 350 -144 -210 1 0 0 0 1 0 0 0 1 stud.dat
 1 16 470 0 -210 1 0 0 0 1 0 0 0 1 stud.dat

 1 16 -470 0 -230 1 0 0 0 1 0 0 0 1 stud.dat
 1 16 -430 -72 -230 1 0 0 0 1 0 0 0 1 stud.dat
 1 16 -410 -72 -230 1 0 0 0 1 0 0 0 1 stud.dat
 1 16 -390 -72 -230 1 0 0 0 1 0 0 0 1 stud.dat
 1 16 -350 -144 -230 1 0 0 0 1 0 0 0 1 stud.dat
 1 16 -330 -144 -230 1 0 0 0 1 0 0 0 1 stud.dat
 1 16 -310 -144 -230 1 0 0 0 1 0 0 0 1 stud.dat
 1 16 -270 -72 -230 1 0 0 0 1 0 0 0 1 stud.dat
 1 16 -250 -72 -230 1 0 0 0 1 0 0 0 1 stud.dat
 1 16 -30 -72 -230 1 0 0 0 1 0 0 0 1 stud.dat
 1 16 -10 -72 -230 1 0 0 0 1 0 0 0 1 stud.dat
 1 16 30 -144 -230 1 0 0 0 1 0 0 0 1 stud.dat
 1 16 50 -144 -230 1 0 0 0 1 0 0 0 1 stud.dat
 1 16 70 -144 -230 1 0 0 0 1 0 0 0 1 stud.dat
 1 16 90 -144 -230 1 0 0 0 1 0 0 0 1 stud.dat
 1 16 110 -144 -230 1 0 0 0 1 0 0 0 1 stud.dat
 1 16 130 -144 -230 1 0 0 0 1 0 0 0 1 stud.dat
 1 16 150 -144 -230 1 0 0 0 1 0 0 0 1 stud.dat
 1 16 170 -144 -230 1 0 0 0 1 0 0 0 1 stud.dat
 1 16 190 -144 -230 1 0 0 0 1 0 0 0 1 stud.dat
 1 16 210 -144 -230 1 0 0 0 1 0 0 0 1 stud.dat
 1 16 230 -144 -230 1 0 0 0 1 0 0 0 1 stud.dat
 1 16 250 -144 -230 1 0 0 0 1 0 0 0 1 stud.dat
 1 16 270 -144 -230 1 0 0 0 1 0 0 0 1 stud.dat
 1 16 290 -144 -230 1 0 0 0 1 0 0 0 1 stud.dat
 1 16 310 -144 -230 1 0 0 0 1 0 0 0 1 stud.dat
 1 16 330 -144 -230 1 0 0 0 1 0 0 0 1 stud.dat
 1 16 350 -144 -230 1 0 0 0 1 0 0 0 1 stud.dat
 1 16 390 -72 -230 1 0 0 0 1 0 0 0 1 stud.dat
 1 16 410 -72 -230 1 0 0 0 1 0 0 0 1 stud.dat
 1 16 430 -72 -230 1 0 0 0 1 0 0 0 1 stud.dat
 1 16 470 0 -230 1 0 0 0 1 0 0 0 1 stud.dat

 1 16 -470 0 -250 1 0 0 0 1 0 0 0 1 stud.dat
 1 16 -430 -72 -250 1 0 0 0 1 0 0 0 1 stud.dat
 1 16 -410 -72 -250 1 0 0 0 1 0 0 0 1 stud.dat
 1 16 -390 -72 -250 1 0 0 0 1 0 0 0 1 stud.dat
 1 16 -270 -72 -250 1 0 0 0 1 0 0 0 1 stud.dat
 1 16 -250 -72 -250 1 0 0 0 1 0 0 0 1 stud.dat
 1 16 -30 -72 -250 1 0 0 0 1 0 0 0 1 stud.dat
 1 16 -10 -72 -250 1 0 0 0 1 0 0 0 1 stud.dat
 1 16 50 -144 -250 1 0 0 0 1 0 0 0 1 stud.dat
 1 16 70 -144 -250 1 0 0 0 1 0 0 0 1 stud.dat
 1 16 90 -144 -250 1 0 0 0 1 0 0 0 1 stud.dat
 1 16 110 -144 -250 1 0 0 0 1 0 0 0 1 stud.dat
 1 16 130 -144 -250 1 0 0 0 1 0 0 0 1 stud.dat
 1 16 150 -144 -250 1 0 0 0 1 0 0 0 1 stud.dat
 1 16 170 -144 -250 1 0 0 0 1 0 0 0 1 stud.dat
 1 16 190 -144 -250 1 0 0 0 1 0 0 0 1 stud.dat
 1 16 210 -144 -250 1 0 0 0 1 0 0 0 1 stud.dat
 1 16 230 -144 -250 1 0 0 0 1 0 0 0 1 stud.dat
 1 16 250 -144 -250 1 0 0 0 1 0 0 0 1 stud.dat
 1 16 270 -144 -250 1 0 0 0 1 0 0 0 1 stud.dat
 1 16 290 -144 -250 1 0 0 0 1 0 0 0 1 stud.dat
 1 16 310 -144 -250 1 0 0 0 1 0 0 0 1 stud.dat
 1 16 330 -144 -250 1 0 0 0 1 0 0 0 1 stud.dat
 1 16 390 -72 -250 1 0 0 0 1 0 0 0 1 stud.dat
 1 16 410 -72 -250 1 0 0 0 1 0 0 0 1 stud.dat
 1 16 430 -72 -250 1 0 0 0 1 0 0 0 1 stud.dat
 1 16 470 0 -250 1 0 0 0 1 0 0 0 1 stud.dat

 1 16 -470 0 -270 1 0 0 0 1 0 0 0 1 stud.dat
 1 16 -430 -72 -270 1 0 0 0 1 0 0 0 1 stud.dat
 1 16 -410 -72 -270 1 0 0 0 1 0 0 0 1 stud.dat
 1 16 -390 -72 -270 1 0 0 0 1 0 0 0 1 stud.dat
 1 16 -270 -72 -270 1 0 0 0 1 0 0 0 1 stud.dat
 1 16 -250 -72 -270 1 0 0 0 1 0 0 0 1 stud.dat
 1 16 -30 -72 -270 1 0 0 0 1 0 0 0 1 stud.dat
 1 16 -10 -72 -270 1 0 0 0 1 0 0 0 1 stud.dat
 1 16 390 -72 -270 1 0 0 0 1 0 0 0 1 stud.dat
 1 16 410 -72 -270 1 0 0 0 1 0 0 0 1 stud.dat
 1 16 430 -72 -270 1 0 0 0 1 0 0 0 1 stud.dat
 1 16 470 0 -270 1 0 0 0 1 0 0 0 1 stud.dat

 1 16 -470 0 -290 1 0 0 0 1 0 0 0 1 stud.dat
 1 16 470 0 -290 1 0 0 0 1 0 0 0 1 stud.dat

 1 16 -470 0 -310 1 0 0 0 1 0 0 0 1 stud.dat
 1 16 -450 0 -310 1 0 0 0 1 0 0 0 1 stud.dat
 1 16 -430 0 -310 1 0 0 0 1 0 0 0 1 stud.dat
 1 16 -410 0 -310 1 0 0 0 1 0 0 0 1 stud.dat
 1 16 -390 0 -310 1 0 0 0 1 0 0 0 1 stud.dat
 1 16 -370 0 -310 1 0 0 0 1 0 0 0 1 stud.dat
 1 16 -350 0 -310 1 0 0 0 1 0 0 0 1 stud.dat
 1 16 -330 0 -310 1 0 0 0 1 0 0 0 1 stud.dat
 1 16 -310 0 -310 1 0 0 0 1 0 0 0 1 stud.dat
 1 16 -290 0 -310 1 0 0 0 1 0 0 0 1 stud.dat
 1 16 -270 0 -310 1 0 0 0 1 0 0 0 1 stud.dat
 1 16 -250 0 -310 1 0 0 0 1 0 0 0 1 stud.dat
 1 16 -230 0 -310 1 0 0 0 1 0 0 0 1 stud.dat
 1 16 -50 0 -310 1 0 0 0 1 0 0 0 1 stud.dat
 1 16 -30 0 -310 1 0 0 0 1 0 0 0 1 stud.dat
 1 16 -10 0 -310 1 0 0 0 1 0 0 0 1 stud.dat
 1 16 10 0 -310 1 0 0 0 1 0 0 0 1 stud.dat
 1 16 30 0 -310 1 0 0 0 1 0 0 0 1 stud.dat
 1 16 50 0 -310 1 0 0 0 1 0 0 0 1 stud.dat
 1 16 70 0 -310 1 0 0 0 1 0 0 0 1 stud.dat
 1 16 90 0 -310 1 0 0 0 1 0 0 0 1 stud.dat
 1 16 110 0 -310 1 0 0 0 1 0 0 0 1 stud.dat
 1 16 130 0 -310 1 0 0 0 1 0 0 0 1 stud.dat
 1 16 150 0 -310 1 0 0 0 1 0 0 0 1 stud.dat
 1 16 170 0 -310 1 0 0 0 1 0 0 0 1 stud.dat
 1 16 190 0 -310 1 0 0 0 1 0 0 0 1 stud.dat
 1 16 210 0 -310 1 0 0 0 1 0 0 0 1 stud.dat
 1 16 230 0 -310 1 0 0 0 1 0 0 0 1 stud.dat
 1 16 250 0 -310 1 0 0 0 1 0 0 0 1 stud.dat
 1 16 270 0 -310 1 0 0 0 1 0 0 0 1 stud.dat
 1 16 290 0 -310 1 0 0 0 1 0 0 0 1 stud.dat
 1 16 310 0 -310 1 0 0 0 1 0 0 0 1 stud.dat
 1 16 330 0 -310 1 0 0 0 1 0 0 0 1 stud.dat
 1 16 350 0 -310 1 0 0 0 1 0 0 0 1 stud.dat
 1 16 370 0 -310 1 0 0 0 1 0 0 0 1 stud.dat
 1 16 390 0 -310 1 0 0 0 1 0 0 0 1 stud.dat
 1 16 410 0 -310 1 0 0 0 1 0 0 0 1 stud.dat
 1 16 430 0 -310 1 0 0 0 1 0 0 0 1 stud.dat
 1 16 450 0 -310 1 0 0 0 1 0 0 0 1 stud.dat
 1 16 470 0 -310 1 0 0 0 1 0 0 0 1 stud.dat

0 Boundaries
 2 24 460 0 -300 460 0 60
 2 24 460 0 60 400 0 60
 2 24 400 0 60 400 0 100
 2 24 400 0 100 460 0 100
 2 24 460 0 100 460 0 300
 2 24 460 0 300 -460 0 300
 2 24 -460 0 -300 -460 0 300
 2 24 -460 0 -300 460 0 -300

 2 24 220 0 -120 220 0 120
 2 24 220 0 120 -220 0 120
 2 24 -220 0 120 -220 0 -40
 2 24 -220 0 -40 140 0 -40
 2 24 140 0 -40 140 0 -120
 2 24 140 0 -120 220 0 -120

 2 24 238 -64 -138 238 -64 138
 2 24 238 -64 138 -238 -64 138
 2 24 -238 -64 138 -238 -64 -58
 2 24 -238 -64 -58 122 -64 -58
 2 24 122 -64 -58 122 -64 -138
 2 24 122 -64 -138 238 -64 -138
 2 24 260 -64 -160 260 -64 160
 2 24 260 -64 160 -260 -64 160
 2 24 -260 -64 160 -260 -64 -80
 2 24 -260 -64 -80 100 -64 -80
 2 24 100 -64 -80 100 -64 -160
 2 24 100 -64 -160 260 -64 -160
 2 24 260 -72 -160 260 -72 160
 2 24 260 -72 160 -260 -72 160
 2 24 -260 -72 160 -260 -72 -80
 2 24 -260 -72 -80 100 -72 -80
 2 24 100 -72 -80 100 -72 -160
 2 24 100 -72 -160 260 -72 -160

 2 24 -260 -72 160 -280 -72 160
 2 24 -280 -72 160 -280 -72 -280
 2 24 -280 -72 -280 -240 -72 -280
 2 24 -240 -72 -280 -240 -72 -160
 2 24 -240 -72 -160 -40 -72 -160
 2 24 -40 -72 -160 -40 -72 -280
 2 24 -40 -72 -280 0 -72 -280
 2 24 0 -72 -280 0 -72 -80

 2 24 440 -72 -280 440 -72 -220
 2 24 440 -72 -220 380 -72 -220
 2 24 380 -72 -220 380 -72 -280
 2 24 380 -72 -280 440 -72 -280
 2 24 440 -72 280 440 -72 220
 2 24 440 -72 220 380 -72 220
 2 24 380 -72 220 380 -72 280
 2 24 380 -72 280 440 -72 280
 2 24 -440 -72 -280 -440 -72 -220
 2 24 -440 -72 -220 -380 -72 -220
 2 24 -380 -72 -220 -380 -72 -280
 2 24 -380 -72 -280 -440 -72 -280
 2 24 -440 -72 280 -440 -72 220
 2 24 -440 -72 220 -380 -72 220
 2 24 -380 -72 220 -380 -72 280
 2 24 -380 -72 280 -440 -72 280

 2 24 140 -72 280 220 -72 280
 2 24 220 -72 280 220 -72 240
 2 24 220 -72 240 140 -72 240
 2 24 140 -72 240 140 -72 280
 2 24 -140 -72 280 -220 -72 280
 2 24 -220 -72 280 -220 -72 240
 2 24 -220 -72 240 -140 -72 240
 2 24 -140 -72 240 -140 -72 280
 2 24 -440 -72 60 -440 -72 -60
 2 24 -440 -72 -60 -400 -72 -60
 2 24 -400 -72 -60 -400 -72 60
 2 24 -400 -72 60 -440 -72 60

 2 24 -420 -144 -200 -420 -144 -80
 2 24 -420 -144 -80 -380 -144 -80
 2 24 -380 -144 -80 -380 -144 80
 2 24 -380 -144 80 -420 -144 80
 2 24 -420 -144 80 -420 -144 200
 2 24 -420 -144 200 -360 -144 200
 2 24 -360 -144 200 -360 -144 260
 2 24 -360 -144 260 -240 -144 260
 2 24 -240 -144 260 -240 -144 220
 2 24 -240 -144 220 -120 -144 220
 2 24 -120 -144 220 -120 -144 260
 2 24 -120 -144 260 120 -144 260
 2 24 120 -144 260 120 -144 220
 2 24 120 -144 220 240 -144 220
 2 24 240 -144 220 240 -144 260
 2 24 240 -144 260 360 -144 260
 2 24 360 -144 260 360 -144 200
 2 24 360 -144 200 420 -144 200
 2 24 420 -144 200 420 -144 140
 2 24 420 -144 140 360 -144 140
 2 24 360 -144 140 360 -144 -100
 2 24 360 -144 -100 420 -144 -100
 2 24 420 -144 -100 420 -144 -200
 2 24 420 -144 -200 360 -144 -200
 2 24 360 -144 -200 360 -144 -260
 2 24 360 -144 -260 20 -144 -260
 2 24 20 -144 -260 20 -144 -100
 2 24 20 -144 -100 80 -144 -100
 2 24 80 -144 -100 80 -144 -180
 2 24 80 -144 -180 280 -144 -180
 2 24 280 -144 -180 280 -144 180
 2 24 280 -144 180 -300 -144 180
 2 24 -300 -144 180 -300 -144 -260
 2 24 -300 -144 -260 -360 -144 -260
 2 24 -360 -144 -260 -360 -144 -200
 2 24 -360 -144 -200 -420 -144 -200

 2 24 -460 0 -300 -440 -72 -280
 2 24 460 0 -300 440 -72 -280
 2 24 460 0 300 440 -72 280
 2 24 -460 0 300 -440 -72 280

 2 24 460 0 100 420 -144 140
 2 24 400 0 100 360 -144 140

 2 24 -60 0 -300 -40 -72 -280
 2 24 -220 0 -300 -240 -72 -280
 2 24 -60 0 -300 -40 -72 -160
 2 24 -220 0 -300 -240 -72 -160

 2 24 -220 0 -40 -238 -64 -58
 2 24 -220 0 120 -238 -64 138
 2 24 220 0 120 238 -64 138
 2 24 220 0 -120 238 -64 -138
 2 24 140 0 -120 122 -64 -138
 2 24 140 0 -40 122 -64 -58

 2 24 -260 -64 -80 -260 -72 -80
 2 24 -260 -64 160 -260 -72 160
 2 24 260 -64 160 260 -72 160
 2 24 260 -64 -160 260 -72 -160
 2 24 100 -64 -160 100 -72 -160
 2 24 100 -64 -80 100 -72 -80

 2 24 -380 -72 -280 -360 -144 -260
 2 24 -380 -72 -220 -360 -144 -200
 2 24 -440 -72 -220 -420 -144 -200
 2 24 -440 -72 -60 -420 -144 -80
 2 24 -440 -72 60 -420 -144 80
 2 24 -400 -72 -60 -380 -144 -80
 2 24 -400 -72 60 -380 -144 80
 2 24 -380 -72 280 -360 -144 260
 2 24 -380 -72 220 -360 -144 200
 2 24 -440 -72 220 -420 -144 200
 2 24 -280 -72 -280 -300 -144 -260
 2 24 -280 -72 160 -300 -144 180
 2 24 260 -72 160 280 -144 180
 2 24 260 -72 -160 280 -144 -180
 2 24 0 -72 -280 20 -144 -260
 2 24 0 -72 -80 20 -144 -100
 2 24 100 -72 -80 80 -144 -100
 2 24 100 -72 -160 80 -144 -180
 2 24 -140 -72 280 -120 -144 260
 2 24 -140 -72 240 -120 -144 220
 2 24 -220 -72 240 -240 -144 220
 2 24 -220 -72 280 -240 -144 260
 2 24 140 -72 280 120 -144 260
 2 24 140 -72 240 120 -144 220
 2 24 220 -72 240 240 -144 220
 2 24 220 -72 280 240 -144 260
 2 24 380 -72 280 360 -144 260
 2 24 380 -72 220 360 -144 200
 2 24 440 -72 220 420 -144 200
 2 24 380 -72 -280 360 -144 -260
 2 24 380 -72 -220 360 -144 -200
 2 24 440 -72 -220 420 -144 -200

 2 24 460 0 60 455.56 -16 60
 2 24 400 0 60 395.56 -16 60
 2 24 395.56 -16 60 455.56 -16 60
 2 24 455.56 -16 60 455.56 -16 40
 2 24 455.56 -16 40 395.56 -16 40
 2 24 395.56 -16 40 395.56 -16 60
 2 24 455.56 -16 40 451.11 -32 40
 2 24 395.56 -16 40 391.11 -32 40
 2 24 391.11 -32 40 451.11 -32 40
 2 24 451.11 -32 40 451.11 -32 20
 2 24 451.11 -32 20 391.11 -32 20
 2 24 391.11 -32 20 391.11 -32 40
 2 24 391.11 -32 20 386.67 -48 20
 2 24 451.11 -32 20 446.67 -48 20
 2 24 386.67 -48 20 446.67 -48 20
 2 24 446.67 -48 20 446.67 -48 0
 2 24 446.67 -48 0 386.67 -48 0
 2 24 386.67 -48 0 386.67 -48 20
 2 24 386.67 -48 0 382.22 -64 0
 2 24 446.67 -48 0 442.22 -64 0
 2 24 382.22 -64 0 442.22 -64 0
 2 24 442.22 -64 0 442.22 -64 -20
 2 24 442.22 -64 -20 382.22 -64 -20
 2 24 382.22 -64 -20 382.22 -64 0
 2 24 382.22 -64 -20 377.78 -80 -20
 2 24 442.22 -64 -20 437.78 -80 -20
 2 24 377.78 -80 -20 437.78 -80 -20
 2 24 437.78 -80 -20 437.78 -80 -40
 2 24 437.78 -80 -40 377.78 -80 -40
 2 24 377.78 -80 -40 377.78 -80 -20
 2 24 437.78 -80 -40 433.33 -96 -40
 2 24 377.78 -80 -40 373.33 -96 -40
 2 24 433.33 -96 -40 373.33 -96 -40
 2 24 373.33 -96 -40 373.33 -96 -60
 2 24 373.33 -96 -60 433.33 -96 -60
 2 24 433.33 -96 -60 433.33 -96 -40
 2 24 433.33 -96 -60 428.89 -112 -60
 2 24 373.33 -96 -60 368.89 -112 -60
 2 24 428.89 -112 -60 368.89 -112 -60
 2 24 368.89 -112 -60 368.89 -112 -80
 2 24 368.89 -112 -80 428.89 -112 -80
 2 24 428.89 -112 -80 428.89 -112 -60
 2 24 428.89 -112 -80 424.44 -128 -80
 2 24 368.89 -112 -80 364.44 -128 -80
 2 24 424.44 -128 -80 364.44 -128 -80
 2 24 364.44 -128 -80 364.44 -128 -100
 2 24 364.44 -128 -100 424.44 -128 -100
 2 24 424.44 -128 -100 424.44 -128 -80
 2 24 424.44 -128 -100 420 -144 -100
 2 24 364.44 -128 -100 360 -144 -100

0 Surfaces
 3 16 -60 0 -300 -40 -72 -280 -40 -72 -160
 3 16 -220 0 -300 -240 -72 -280 -240 -72 -160

 4 16 476 0 316 -476 0 316 -476 0 300 476 0 300
 4 16 476 0 -316 -476 0 -316 -476 0 -300 476 0 -300
 4 16 476 0 300 476 0 -300 460 0 -300 460 0 300
 4 16 -476 0 300 -476 0 -300 -460 0 -300 -460 0 300
 4 16 460 0 60 400 0 60 400 0 100 460 0 100

 4 16 220 0 -40 220 0 120 -220 0 120 -220 0 -40
 4 16 220 0 -120 220 0 -40 140 0 -40 140 0 -120

 4 16 -238 -64 -58 -260 -64 -80 -260 -64 160 -238 -64 138
 4 16 -238 -64 138 -260 -64 160 260 -64 160 238 -64 138
 4 16 238 -64 138 260 -64 160 260 -64 -160 238 -64 -138
 4 16 238 -64 -138 260 -64 -160 100 -64 -160 122 -64 -138
 4 16 122 -64 -138 100 -64 -160 100 -64 -80 122 -64 -58
 4 16 122 -64 -58 100 -64 -80 -260 -64 -80 -238 -64 -58

 4 16 -220 0 -40 -220 0 120 -238 -64 138 -238 -64 -58
 4 16 -220 0 120 220 0 120 238 -64 138 -238 -64 138
 4 16 220 0 -120 220 0 120 238 -64 138 238 -64 -138
 4 16 220 0 -120 140 0 -120 122 -64 -138 238 -64 -138
 4 16 140 0 -40 140 0 -120 122 -64 -138 122 -64 -58
 4 16 140 0 -40 -220 0 -40 -238 -64 -58 122 -64 -58

 4 16 -260 -64 -80 -260 -72 -80 -260 -72 160 -260 -64 160
 4 16 -260 -64 160 -260 -72 160 260 -72 160 260 -64 160
 4 16 260 -64 160 260 -72 160 260 -72 -160 260 -64 -160
 4 16 260 -64 -160 260 -72 -160 100 -72 -160 100 -64 -160
 4 16 100 -64 -160 100 -72 -160 100 -72 -80 100 -64 -80
 4 16 100 -64 -80 100 -72 -80 -260 -72 -80 -260 -64 -80

 4 16 440 -72 -280 440 -72 -220 380 -72 -220 380 -72 -280
 4 16 440 -72 280 440 -72 220 380 -72 220 380 -72 280
 4 16 -440 -72 -280 -440 -72 -220 -380 -72 -220 -380 -72 -280
 4 16 -440 -72 280 -440 -72 220 -380 -72 220 -380 -72 280

 4 16 140 -72 280 220 -72 280 220 -72 240 140 -72 240
 4 16 -140 -72 280 -220 -72 280 -220 -72 240 -140 -72 240
 4 16 -440 -72 60 -440 -72 -60 -400 -72 -60 -400 -72 60

 4 16 -360 -144 -260 -360 -144 -200 -300 -144 -200 -300 -144 -260
 4 16 -420 -144 -200 -420 -144 -80 -300 -144 -80 -300 -144 -200
 4 16 -380 -144 -80 -380 -144 80 -300 -144 80 -300 -144 -80
 4 16 -360 -144 80 -360 -144 180 -300 -144 180 -300 -144 80
 4 16 -420 -144 200 -420 -144 80 -360 -144 80 -360 -144 200
 4 16 -360 -144 180 -360 -144 220 360 -144 220 360 -144 180
 4 16 -360 -144 220 -360 -144 260 -240 -144 260 -240 -144 220
 4 16 -120 -144 220 -120 -144 260 120 -144 260 120 -144 220
 4 16 360 -144 220 360 -144 260 240 -144 260 240 -144 220
 4 16 360 -144 200 360 -144 140 420 -144 140 420 -144 200
 4 16 360 -144 -200 360 -144 -100 420 -144 -100 420 -144 -200
 4 16 360 -144 180 280 -144 180 280 -144 -260 360 -144 -260
 4 16 280 -144 -260 280 -144 -180 20 -144 -180 20 -144 -260
 4 16 80 -144 -100 80 -144 -180 20 -144 -180 20 -144 -100
 4 16 0 -72 -280 0 -72 -160 -40 -72 -160 -40 -72 -280
 4 16 -240 -72 -280 -240 -72 -160 -280 -72 -160 -280 -72 -280
 4 16 0 -72 -80 0 -72 -160 -280 -72 -160 -280 -72 -80
 4 16 -280 -72 -80 -280 -72 160 -260 -72 160 -260 -72 -80
 4 16 -240 -72 -160 -40 -72 -160 -60 0 -300 -220 0 -300
 4 16 0 -72 -280 0 -72 -80 20 -144 -100 20 -144 -260
 4 16 0 -72 -280 380 -72 -280 360 -144 -260 20 -144 -260
 4 16 380 -72 -280 380 -72 -220 360 -144 -200 360 -144 -260
 4 16 380 -72 -220 440 -72 -220 420 -144 -200 360 -144 -200

 4 16 420 -144 -200 460 0 -240 460 0 -100 420 -144 -100

 4 16 460 0 -300 -60 0 -300 -40 -72 -280 440 -72 -280
 4 16 460 0 300 -460 0 300 -440 -72 280 440 -72 280
 4 16 460 0 300 460 0 100 440 -72 120 440 -72 280
 4 16 -460 0 -300 -460 0 300 -440 -72 280 -440 -72 -280
 4 16 -460 0 -300 -220 0 -300 -240 -72 -280 -440 -72 -280
 4 16 460 0 -300 460 0 -240 440 -72 -220 440 -72 -280

 4 16 460 0 100 400 0 100 360 -144 140 420 -144 140

 4 16 400 0 100 400 0 60 360 -144 60 360 -144 140

 4 16 440 -72 120 440 -72 220 420 -144 200 420 -144 140
 4 16 440 -72 220 380 -72 220 360 -144 200 420 -144 200
 4 16 380 -72 220 380 -72 280 360 -144 260 360 -144 200
 4 16 380 -72 280 220 -72 280 240 -144 260 360 -144 260
 4 16 220 -72 280 220 -72 240 240 -144 220 240 -144 260
 4 16 220 -72 240 140 -72 240 120 -144 220 240 -144 220
 4 16 140 -72 240 140 -72 280 120 -144 260 120 -144 220
 4 16 140 -72 280 -140 -72 280 -120 -144 260 120 -144 260
 4 16 -140 -72 280 -140 -72 240 -120 -144 220 -120 -144 260
 4 16 -140 -72 240 -220 -72 240 -240 -144 220 -120 -144 220
 4 16 -220 -72 240 -220 -72 280 -240 -144 260 -240 -144 220
 4 16 -220 -72 280 -380 -72 280 -360 -144 260 -240 -144 260
 4 16 -380 -72 280 -380 -72 220 -360 -144 200 -360 -144 260
 4 16 -380 -72 220 -440 -72 220 -420 -144 200 -360 -144 200
 4 16 -440 -72 220 -440 -72 60 -420 -144 80 -420 -144 200
 4 16 -440 -72 60 -400 -72 60 -380 -144 80 -420 -144 80
 4 16 -400 -72 60 -400 -72 -60 -380 -144 -80 -380 -144 80
 4 16 -400 -72 -60 -440 -72 -60 -420 -144 -80 -380 -144 -80
 4 16 -440 -72 -60 -440 -72 -220 -420 -144 -200 -420 -144 -80
 4 16 -440 -72 -220 -380 -72 -220 -360 -144 -200 -420 -144 -200
 4 16 -380 -72 -220 -380 -72 -280 -360 -144 -260 -360 -144 -200
 4 16 -380 -72 -280 -280 -72 -280 -300 -144 -260 -360 -144 -260
 4 16 -280 -72 -280 -280 -72 160 -300 -144 180 -300 -144 -260
 4 16 -280 -72 160 260 -72 160 280 -144 180 -300 -144 180
 4 16 260 -72 160 260 -72 -160 280 -144 -180 280 -144 180
 4 16 260 -72 -160 100 -72 -160 80 -144 -180 280 -144 -180
 4 16 100 -72 -160 100 -72 -80 80 -144 -100 80 -144 -180
 4 16 100 -72 -80 0 -72 -80 20 -144 -100 80 -144 -100

 4 16 395.56 -16 60 455.56 -16 60 455.56 -16 40 395.56 -16 40
 4 16 391.11 -32 40 451.11 -32 40 451.11 -32 20 391.11 -32 20
 4 16 386.67 -48 20 446.67 -48 20 446.67 -48 0 386.67 -48 0
 4 16 382.22 -64 0 442.22 -64 0 442.22 -64 -20 382.22 -64 -20
 4 16 377.78 -80 -20 437.78 -80 -20 437.78 -80 -40 377.78 -80 -40
 4 16 433.33 -96 -40 373.33 -96 -40 373.33 -96 -60 433.33 -96 -60
 4 16 428.89 -112 -60 368.89 -112 -60 368.89 -112 -80 428.89 -112 -80
 4 16 424.44 -128 -80 364.44 -128 -80 364.44 -128 -100 424.44 -128 -100

 4 16 460 0 60 455.56 -16 60 395.56 -16 60 400 0 60
 4 16 455.56 -16 40 451.11 -32 40 391.11 -32 40 395.56 -16 40
 4 16 391.11 -32 20 386.67 -48 20 446.67 -48 20 451.11 -32 20
 4 16 386.67 -48 0 382.22 -64 0 442.22 -64 0 446.67 -48 0
 4 16 382.22 -64 -20 377.78 -80 -20 437.78 -80 -20 442.22 -64 -20
 4 16 437.78 -80 -40 433.33 -96 -40 373.33 -96 -40 377.78 -80 -40
 4 16 433.33 -96 -60 428.89 -112 -60 368.89 -112 -60 373.33 -96 -60
 4 16 428.89 -112 -80 424.44 -128 -80 364.44 -128 -80 368.89 -112 -80
 4 16 424.44 -128 -100 420 -144 -100 360 -144 -100 364.44 -128 -100

 4 16 455.56 -16 60 455.56 -16 40 460 0 40 460 0 60
 4 16 451.11 -32 40 451.11 -32 20 460 0 20 460 0 40
 4 16 446.67 -48 20 446.67 -48 0 460 0 0 460 0 20
 4 16 442.22 -64 0 442.22 -64 -20 460 0 -20 460 0 0
 4 16 437.78 -80 -20 437.78 -80 -40 460 0 -40 460 0 -20
 4 16 433.33 -96 -60 433.33 -96 -40 460 0 -40 460 0 -60
 4 16 428.89 -112 -80 428.89 -112 -60 460 0 -60 460 0 -80
 4 16 424.44 -128 -100 424.44 -128 -80 460 0 -80 460 0 -100

 4 16 395.56 -16 40 395.56 -16 60 360 -144 60 360 -144 40
 4 16 391.11 -32 20 391.11 -32 40 360 -144 40 360 -144 20
 4 16 386.67 -48 0 386.67 -48 20 360 -144 20 360 -144 0
 4 16 382.22 -64 -20 382.22 -64 0 360 -144 0 360 -144 -20
 4 16 377.78 -80 -40 377.78 -80 -20 360 -144 -20 360 -144 -40
 4 16 373.33 -96 -40 373.33 -96 -60 360 -144 -60 360 -144 -40
 4 16 368.89 -112 -60 368.89 -112 -80 360 -144 -80 360 -144 -60
 4 16 364.44 -128 -80 364.44 -128 -100 360 -144 -100 360 -144 -80


0 Corners
 1 16 476 0 316 4 0 0 0 1 0 0 0 4 1-4edge.dat
 1 16 -476 0 -316 -4 0 0 0 1 0 0 0 -4 1-4edge.dat
 1 16 476 0 -316 4 0 0 0 1 0 0 0 -4 1-4edge.dat
 1 16 -476 0 316 -4 0 0 0 1 0 0 0 4 1-4edge.dat

 1 16 476 4 316 4 0 0 0 1 0 0 0 4 1-4edge.dat
 1 16 -476 4 -316 -4 0 0 0 1 0 0 0 -4 1-4edge.dat
 1 16 476 4 -316 4 0 0 0 1 0 0 0 -4 1-4edge.dat
 1 16 -476 4 316 -4 0 0 0 1 0 0 0 4 1-4edge.dat

 2 24 480 0 316 480 0 -316
 2 24 -480 0 316 -480 0 -316
 2 24 476 0 -320 -476 0 -320
 2 24 476 0 320 -476 0 320

 2 24 480 4 316 480 4 -316
 2 24 -480 4 316 -480 4 -316
 2 24 476 4 -320 -476 4 -320
 2 24 476 4 320 -476 4 320

 1 16 476 0 316 4 0 0 0 1 0 0 0 4 1-4disc.dat
 1 16 -476 0 -316 -4 0 0 0 1 0 0 0 -4 1-4disc.dat
 1 16 476 0 -316 4 0 0 0 1 0 0 0 -4 1-4disc.dat
 1 16 -476 0 316 -4 0 0 0 1 0 0 0 4 1-4disc.dat

 1 16 476 4 316 4 0 0 0 1 0 0 0 4 1-4disc.dat
 1 16 -476 4 -316 -4 0 0 0 1 0 0 0 -4 1-4disc.dat
 1 16 476 4 -316 4 0 0 0 1 0 0 0 -4 1-4disc.dat
 1 16 -476 4 316 -4 0 0 0 1 0 0 0 4 1-4disc.dat

 4 16 480 0 316 480 0 -316 480 4 -316 480 4 316
 4 16 -480 0 316 -480 0 -316 -480 4 -316 -480 4 316
 4 16 476 0 -320 -476 0 -320 -476 4 -320 476 4 -320
 4 16 476 0 320 -476 0 320 -476 4 320 476 4 320

 1 16 476 0 316 4 0 0 0 4 0 0 0 4 1-4cyli.dat
 1 16 -476 0 316 -4 0 0 0 4 0 0 0 4 1-4cyli.dat
 1 16 -476 0 -316 -4 0 0 0 4 0 0 0 -4 1-4cyli.dat
 1 16 476 0 -316 4 0 0 0 4 0 0 0 -4 1-4cyli.dat

 4 16 476 0 320 476 0 316 -476 0 316 -476 0 320
 4 16 476 0 -320 476 0 -316 -476 0 -316 -476 0 -320
 4 16 476 0 316 480 0 316 480 0 -316 476 0 -316
 4 16 -476 0 316 -480 0 316 -480 0 -316 -476 0 -316

0 Underside Boundaries
 2 24 456 4 -296 456 4 56
 2 24 456 4 56 396 4 56
 2 24 396 4 56 396 4 104
 2 24 396 4 104 456 4 104
 2 24 456 4 104 456 4 296
 2 24 456 4 296 -456 4 296
 2 24 -456 4 -296 -456 4 296
 2 24 -456 4 -296 456 4 -296

 2 24 224 4 -124 224 4 124
 2 24 224 4 124 -224 4 124
 2 24 -224 4 124 -224 4 -44
 2 24 -224 4 -44 136 4 -44
 2 24 136 4 -44 136 4 -124
 2 24 136 4 -124 224 4 -124

 2 24 242 -60 -142 242 -60 142
 2 24 242 -60 142 -242 -60 142
 2 24 -242 -60 142 -242 -60 -62
 2 24 -242 -60 -62 118 -60 -62
 2 24 118 -60 -62 118 -60 -142
 2 24 118 -60 -142 242 -60 -142

 2 24 264 -60 -164 264 -60 164
 2 24 264 -60 164 -264 -60 164
 2 24 -264 -60 164 -264 -60 -84
 2 24 -264 -60 -84 96 -60 -84
 2 24 96 -60 -84 96 -60 -164
 2 24 96 -60 -164 264 -60 -164

 2 24 264 -68 -164 264 -68 164
 2 24 264 -68 164 -264 -68 164
 2 24 -264 -68 164 -264 -68 -84
 2 24 -264 -68 -84 96 -68 -84
 2 24 96 -68 -84 96 -68 -164
 2 24 96 -68 -164 264 -68 -164

 2 24 -264 -68 164 -284 -68 164
 2 24 -284 -68 164 -284 -68 -276
 2 24 -284 -68 -276 -244 -68 -276
 2 24 -244 -68 -276 -244 -68 -156
 2 24 -244 -68 -156 -36 -68 -156
 2 24 -36 -68 -156 -36 -68 -276
 2 24 -36 -68 -276 4 -68 -276
 2 24 4 -68 -276 4 -68 -84

 2 24 436 -68 -276 436 -68 -216
 2 24 436 -68 -216 376 -68 -216
 2 24 376 -68 -216 376 -68 -276
 2 24 376 -68 -276 436 -68 -276
 2 24 436 -68 276 436 -68 216
 2 24 436 -68 216 376 -68 216
 2 24 376 -68 216 376 -68 276
 2 24 376 -68 276 436 -68 276
 2 24 -436 -68 -276 -436 -68 -216
 2 24 -436 -68 -216 -376 -68 -216
 2 24 -376 -68 -216 -376 -68 -276
 2 24 -376 -68 -276 -436 -68 -276
 2 24 -436 -68 276 -436 -68 216
 2 24 -436 -68 216 -376 -68 216
 2 24 -376 -68 216 -376 -68 276
 2 24 -376 -68 276 -436 -68 276

 2 24 136 -68 276 224 -68 276
 2 24 224 -68 276 224 -68 236
 2 24 224 -68 236 136 -68 236
 2 24 136 -68 236 136 -68 276
 2 24 -136 -68 276 -224 -68 276
 2 24 -224 -68 276 -224 -68 236
 2 24 -224 -68 236 -136 -68 236
 2 24 -136 -68 236 -136 -68 276
 2 24 -436 -68 64 -436 -68 -64
 2 24 -436 -68 -64 -396 -68 -64
 2 24 -396 -68 -64 -396 -68 64
 2 24 -396 -68 64 -436 -68 64

 2 24 -416 -140 -196 -416 -140 -84
 2 24 -416 -140 -84 -376 -140 -84
 2 24 -376 -140 -84 -376 -140 84
 2 24 -376 -140 84 -416 -140 84
 2 24 -416 -140 84 -416 -140 196
 2 24 -416 -140 196 -356 -140 196
 2 24 -356 -140 196 -356 -140 256
 2 24 -356 -140 256 -244 -140 256
 2 24 -244 -140 256 -244 -140 216
 2 24 -244 -140 216 -116 -140 216
 2 24 -116 -140 216 -116 -140 256
 2 24 -116 -140 256 116 -140 256
 2 24 116 -140 256 116 -140 216
 2 24 116 -140 216 244 -140 216
 2 24 244 -140 216 244 -140 256
 2 24 244 -140 256 356 -140 256
 2 24 356 -140 256 356 -140 196
 2 24 356 -140 196 416 -140 196
 2 24 416 -140 196 416 -140 144
 2 24 416 -140 144 356 -140 144
 2 24 356 -140 144 356 -140 -104
 2 24 356 -140 -104 416 -140 -104
 2 24 416 -140 -104 416 -140 -196
 2 24 416 -140 -196 356 -140 -196
 2 24 356 -140 -196 356 -140 -256
 2 24 356 -140 -256 24 -140 -256
 2 24 24 -140 -256 24 -140 -104
 2 24 24 -140 -104 76 -140 -104
 2 24 76 -140 -104 76 -140 -184
 2 24 76 -140 -184 284 -140 -184
 2 24 284 -140 -184 284 -140 184
 2 24 284 -140 184 -304 -140 184
 2 24 -304 -140 184 -304 -140 -256
 2 24 -304 -140 -256 -356 -140 -256
 2 24 -356 -140 -256 -356 -140 -196
 2 24 -356 -140 -196 -416 -140 -196

 2 24 -456 4 -296 -436 -68 -276
 2 24 456 4 -296 436 -68 -276
 2 24 456 4 296 436 -68 276
 2 24 -456 4 296 -436 -68 276

 2 24 456 4 104 416 -140 144
 2 24 396 4 104 356 -140 144

 2 24 -56 4 -296 -36 -68 -276
 2 24 -224 4 -296 -244 -68 -276
 2 24 -56 4 -296 -36 -68 -156
 2 24 -224 4 -296 -244 -68 -156

 2 24 -224 4 -44 -242 -60 -62
 2 24 -224 4 124 -242 -60 142
 2 24 224 4 124 242 -60 142
 2 24 224 4 -124 242 -60 -142
 2 24 136 4 -124 118 -60 -142
 2 24 136 4 -44 118 -60 -62

 2 24 -264 -60 -84 -264 -68 -84
 2 24 -264 -60 164 -264 -68 164
 2 24 264 -60 164 264 -68 164
 2 24 264 -60 -164 264 -68 -164
 2 24 96 -60 -164 96 -68 -164
 2 24 96 -60 -84 96 -68 -84

 2 24 -376 -68 -276 -356 -140 -256
 2 24 -376 -68 -216 -356 -140 -196
 2 24 -436 -68 -216 -416 -140 -196
 2 24 -436 -68 -64 -416 -140 -84
 2 24 -436 -68 64 -416 -140 84
 2 24 -396 -68 -64 -376 -140 -84
 2 24 -396 -68 64 -376 -140 84
 2 24 -376 -68 276 -356 -140 256
 2 24 -376 -68 216 -356 -140 196
 2 24 -436 -68 216 -416 -140 196
 2 24 -284 -68 -276 -304 -140 -256
 2 24 -284 -68 164 -304 -140 184
 2 24 264 -68 164 284 -140 184
 2 24 264 -68 -164 284 -140 -184
 2 24 4 -68 -276 24 -140 -256
 2 24 4 -68 -84 24 -140 -104
 2 24 96 -68 -84 76 -140 -104
 2 24 96 -68 -164 76 -140 -184
 2 24 -136 -68 276 -116 -140 256
 2 24 -136 -68 236 -116 -140 216
 2 24 -224 -68 236 -244 -140 216
 2 24 -224 -68 276 -244 -140 256
 2 24 136 -68 276 116 -140 256
 2 24 136 -68 236 116 -140 216
 2 24 224 -68 236 244 -140 216
 2 24 224 -68 276 244 -140 256
 2 24 376 -68 276 356 -140 256
 2 24 376 -68 216 356 -140 196
 2 24 436 -68 216 416 -140 196
 2 24 376 -68 -276 356 -140 -256
 2 24 376 -68 -216 356 -140 -196
 2 24 436 -68 -216 416 -140 -196

 2 24 456 4 56 451.56 -12 56
 2 24 396 4 56 391.56 -12 56
 2 24 391.56 -12 56 451.56 -12 56
 2 24 451.56 -12 56 451.56 -12 36
 2 24 451.56 -12 36 391.56 -12 36
 2 24 391.56 -12 36 391.56 -12 56
 2 24 451.56 -12 36 447.11 -28 36
 2 24 391.56 -12 36 387.11 -28 36
 2 24 387.11 -28 36 447.11 -28 36
 2 24 447.11 -28 36 447.11 -28 16
 2 24 447.11 -28 16 387.11 -28 16
 2 24 387.11 -28 16 387.11 -28 36
 2 24 387.11 -28 16 382.67 -44 16
 2 24 447.11 -28 16 442.67 -44 16
 2 24 382.67 -44 16 442.67 -44 16
 2 24 442.67 -44 16 442.67 -44 -4
 2 24 442.67 -44 -4 382.67 -44 -4
 2 24 382.67 -44 -4 382.67 -44 16
 2 24 382.67 -44 -4 378.22 -60 -4
 2 24 442.67 -44 -4 438.22 -60 -4
 2 24 378.22 -60 -4 438.22 -60 -4
 2 24 438.22 -60 -4 438.22 -60 -24
 2 24 438.22 -60 -24 378.22 -60 -24
 2 24 378.22 -60 -24 378.22 -60 -4
 2 24 378.22 -60 -24 373.78 -76 -24
 2 24 438.22 -60 -24 433.78 -76 -24
 2 24 373.78 -76 -24 433.78 -76 -24
 2 24 433.78 -76 -24 433.78 -76 -44
 2 24 433.78 -76 -44 373.78 -76 -44
 2 24 373.78 -76 -44 373.78 -76 -24
 2 24 433.78 -76 -44 429.33 -92 -44
 2 24 373.78 -76 -44 369.33 -92 -44
 2 24 429.33 -92 -44 369.33 -92 -44
 2 24 369.33 -92 -44 369.33 -92 -64
 2 24 369.33 -92 -64 429.33 -92 -64
 2 24 429.33 -92 -64 429.33 -92 -44
 2 24 429.33 -92 -64 424.89 -108 -64
 2 24 369.33 -92 -64 364.89 -108 -64
 2 24 424.89 -108 -64 364.89 -108 -64
 2 24 364.89 -108 -64 364.89 -108 -84
 2 24 364.89 -108 -84 424.89 -108 -84
 2 24 424.89 -108 -84 424.89 -108 -64
 2 24 424.89 -108 -84 420.44 -124 -84
 2 24 364.89 -108 -84 360.44 -124 -84
 2 24 420.44 -124 -84 360.44 -124 -84
 2 24 360.44 -124 -84 360.44 -124 -104
 2 24 360.44 -124 -104 420.44 -124 -104
 2 24 420.44 -124 -104 420.44 -124 -84
 2 24 420.44 -124 -104 416 -140 -104
 2 24 360.44 -124 -104 356 -140 -104

0 Underside surfaces
 4 16 476 4 320 476 4 316 -476 4 316 -476 4 320
 4 16 476 4 -320 476 4 -316 -476 4 -316 -476 4 -320
 4 16 476 4 316 480 4 316 480 4 -316 476 4 -316
 4 16 -476 4 316 -480 4 316 -480 4 -316 -476 4 -316
 4 16 476 4 316 -476 4 316 -476 4 296 476 4 296
 4 16 476 4 -316 -476 4 -316 -476 4 -296 476 4 -296
 4 16 476 4 296 476 4 -296 456 4 -296 456 4 296
 4 16 -476 4 296 -476 4 -296 -456 4 -296 -456 4 296
 4 16 456 4 104 456 4 56 396 4 56 396 4 104
 4 16 224 4 -44 224 4 124 -224 4 124 -224 4 -44
 4 16 224 4 -124 224 4 -44 136 4 -44 136 4 -124

 4 16 242 -60 -164 242 -60 164 264 -60 164 264 -60 -164
 4 16 242 -60 142 242 -60 164 -242 -60 164 -242 -60 142
 4 16 -242 -60 164 -242 -60 -84 -264 -60 -84 -264 -60 164
 4 16 -242 -60 -84 -242 -60 -62 118 -60 -62 118 -60 -84
 4 16 96 -60 -84 96 -60 -164 118 -60 -164 118 -60 -84
 4 16 118 -60 -164 118 -60 -142 242 -60 -142 242 -60 -164

 4 16 264 -68 -164 264 -68 164 264 -60 164 264 -60 -164
 4 16 264 -68 164 264 -60 164 -264 -60 164 -264 -68 164
 4 16 -264 -68 164 -264 -68 -84 -264 -60 -84 -264 -60 164
 4 16 -264 -68 -84 -264 -60 -84 96 -60 -84 96 -68 -84
 4 16 96 -68 -84 96 -68 -164 96 -60 -164 96 -60 -84
 4 16 96 -68 -164 96 -60 -164 264 -60 -164 264 -68 -164

 4 16 -264 -68 164 -264 -68 -84 -284 -68 -84 -284 -68 164
 4 16 -284 -68 -84 -284 -68 -156 4 -68 -156 4 -68 -84
 4 16 -284 -68 -156 -284 -68 -276 -244 -68 -276 -244 -68 -156
 4 16 4 -68 -156 4 -68 -276 -36 -68 -276 -36 -68 -156

 4 16 436 -68 -276 436 -68 -216 376 -68 -216 376 -68 -276
 4 16 436 -68 276 436 -68 216 376 -68 216 376 -68 276
 4 16 -436 -68 -276 -436 -68 -216 -376 -68 -216 -376 -68 -276
 4 16 -436 -68 276 -436 -68 216 -376 -68 216 -376 -68 276

 4 16 136 -68 276 224 -68 276 224 -68 236 136 -68 236
 4 16 -136 -68 276 -224 -68 276 -224 -68 236 -136 -68 236
 4 16 -436 -68 64 -436 -68 -64 -396 -68 -64 -396 -68 64

 4 16 -356 -140 -256 -356 -140 -196 -304 -140 -196 -304 -140 -256
 4 16 -416 -140 -196 -416 -140 -84 -304 -140 -84 -304 -140 -196
 4 16 -376 -140 -84 -376 -140 84 -304 -140 84 -304 -140 -84
 4 16 -356 -140 84 -356 -140 184 -304 -140 184 -304 -140 84
 4 16 -416 -140 196 -416 -140 84 -356 -140 84 -356 -140 196
 4 16 -356 -140 184 -356 -140 216 356 -140 216 356 -140 184
 4 16 -356 -140 216 -356 -140 256 -244 -140 256 -244 -140 216
 4 16 -116 -140 216 -116 -140 256 116 -140 256 116 -140 216
 4 16 356 -140 216 356 -140 256 244 -140 256 244 -140 216
 4 16 356 -140 196 356 -140 144 416 -140 144 416 -140 196
 4 16 356 -140 -196 356 -140 -104 416 -140 -104 416 -140 -196
 4 16 356 -140 184 284 -140 184 284 -140 -256 356 -140 -256
 4 16 284 -140 -256 284 -140 -184 24 -140 -184 24 -140 -256
 4 16 76 -140 -104 76 -140 -184 24 -140 -184 24 -140 -104

 4 16 4 -68 -276 4 -68 -84 24 -140 -104 24 -140 -256
 4 16 4 -68 -276 376 -68 -276 356 -140 -256 24 -140 -256
 4 16 376 -68 -276 376 -68 -216 356 -140 -196 356 -140 -256
 4 16 376 -68 -216 436 -68 -216 416 -140 -196 356 -140 -196

 4 16 436 -68 124 436 -68 216 416 -140 196 416 -140 144
 4 16 436 -68 216 376 -68 216 356 -140 196 416 -140 196
 4 16 376 -68 216 376 -68 276 356 -140 256 356 -140 196
 4 16 376 -68 276 224 -68 276 244 -140 256 356 -140 256
 4 16 224 -68 276 224 -68 236 244 -140 216 244 -140 256
 4 16 224 -68 236 136 -68 236 116 -140 216 244 -140 216
 4 16 136 -68 236 136 -68 276 116 -140 256 116 -140 216
 4 16 136 -68 276 -136 -68 276 -116 -140 256 116 -140 256
 4 16 -136 -68 276 -136 -68 236 -116 -140 216 -116 -140 256
 4 16 -136 -68 236 -224 -68 236 -244 -140 216 -116 -140 216
 4 16 -224 -68 236 -224 -68 276 -244 -140 256 -244 -140 216
 4 16 -224 -68 276 -376 -68 276 -356 -140 256 -244 -140 256
 4 16 -376 -68 276 -376 -68 216 -356 -140 196 -356 -140 256
 4 16 -376 -68 216 -436 -68 216 -416 -140 196 -356 -140 196
 4 16 -436 -68 216 -436 -68 64 -416 -140 84 -416 -140 196

 4 16 -436 -68 64 -396 -68 64 -376 -140 84 -416 -140 84
 4 16 -396 -68 64 -396 -68 -64 -376 -140 -84 -376 -140 84
 4 16 -396 -68 -64 -436 -68 -64 -416 -140 -84 -376 -140 -84
 4 16 -436 -68 -64 -436 -68 -216 -416 -140 -196 -416 -140 -84
 4 16 -436 -68 -216 -376 -68 -216 -356 -140 -196 -416 -140 -196
 4 16 -376 -68 -216 -376 -68 -276 -356 -140 -256 -356 -140 -196
 4 16 -376 -68 -276 -284 -68 -276 -304 -140 -256 -356 -140 -256
 4 16 -284 -68 -276 -284 -68 164 -304 -140 184 -304 -140 -256
 4 16 -284 -68 164 264 -68 164 284 -140 184 -304 -140 184
 4 16 264 -68 164 264 -68 -164 284 -140 -184 284 -140 184
 4 16 264 -68 -164 96 -68 -164 76 -140 -184 284 -140 -184
 4 16 96 -68 -164 96 -68 -84 76 -140 -104 76 -140 -184
 4 16 96 -68 -84 4 -68 -84 24 -140 -104 76 -140 -104

0 bottom of ramp
 3 16 -56 4 -296 -36 -68 -276 -36 -68 -156
 3 16 -224 4 -296 -244 -68 -276 -244 -68 -156
 4 16 -224 4 -296 -56 4 -296 -36 -68 -156 -244 -68 -156

 4 16 -224 4 -44 -224 4 124 -242 -60 142 -242 -60 -62
 4 16 -224 4 124 224 4 124 242 -60 142 -242 -60 142
 4 16 224 4 -124 224 4 124 242 -60 142 242 -60 -142
 4 16 224 4 -124 136 4 -124 118 -60 -142 242 -60 -142
 4 16 136 4 -44 136 4 -124 118 -60 -142 118 -60 -62
 4 16 136 4 -44 -224 4 -44 -242 -60 -62 118 -60 -62

 4 16 416 -140 -196 456 4 -236 456 4 -104 416 -140 -104

 4 16 456 4 -296 -56 4 -296 -36 -68 -276 436 -68 -276
 4 16 456 4 296 -456 4 296 -436 -68 276 436 -68 276
 4 16 456 4 296 456 4 104 436 -68 124 436 -68 276
 4 16 -456 4 -296 -456 4 296 -436 -68 276 -436 -68 -276
 4 16 -456 4 -296 -224 4 -296 -242 -68 -276 -436 -68 -276
 4 16 456 4 -296 456 4 -236 436 -68 -216 436 -68 -276

 4 16 456 4 104 396 4 104 356 -140 144 416 -140 144

 4 16 396 4 104 396 4 56 356 -140 56 356 -140 144

 4 16 391.56 -12 56 451.56 -12 56 451.56 -12 36 391.56 -12 36
 4 16 387.11 -28 36 447.11 -28 36 447.11 -28 16 387.11 -28 16
 4 16 382.67 -44 16 442.67 -44 16 442.67 -44 -4 382.67 -44 -4
 4 16 378.22 -60 -4 438.22 -60 -4 438.22 -60 -24 378.22 -60 -24
 4 16 373.78 -76 -24 433.78 -76 -24 433.78 -76 -44 373.78 -76 -44
 4 16 429.33 -92 -44 369.33 -92 -44 369.33 -92 -64 429.33 -92 -64
 4 16 424.89 -108 -64 364.89 -108 -64 364.89 -108 -84 424.89 -108 -84
 4 16 420.44 -124 -84 360.44 -124 -84 360.44 -124 -104 420.44 -124 -104

 4 16 456 4 56 451.56 -12 56 391.56 -12 56 396 4 56
 4 16 451.56 -12 36 447.11 -28 36 387.11 -28 36 391.56 -12 36
 4 16 387.11 -28 16 382.67 -44 16 442.67 -44 16 447.11 -28 16
 4 16 382.67 -44 -4 378.22 -60 -4 438.22 -60 -4 442.67 -44 -4
 4 16 378.22 -60 -24 373.78 -76 -24 433.78 -76 -24 438.22 -60 -24
 4 16 433.78 -74 -44 429.33 -92 -44 369.33 -92 -44 373.78 -76 -44
 4 16 429.33 -92 -64 424.89 -108 -64 364.89 -108 -64 369.33 -92 -64
 4 16 424.89 -108 -84 420.44 -124 -84 360.44 -124 -84 364.89 -108 -84
 4 16 420.44 -124 -104 416 -140 -104 356 -140 -104 360.44 -124 -104

 4 16 451.56 -12 56 451.56 -12 36 456 4 36 456 4 56
 4 16 447.11 -28 36 447.11 -28 16 456 4 16 456 4 36
 4 16 442.67 -44 16 442.67 -44 -4 456 4 -4 456 4 16
 4 16 438.22 -60 -4 438.22 -60 -24 456 4 -24 456 4 -4
 4 16 433.78 -76 -24 433.78 -76 -44 456 4 -44 456 4 -24
 4 16 429.33 -92 -64 429.33 -92 -44 456 4 -44 456 4 -64
 4 16 424.89 -108 -84 424.89 -108 -64 456 4 -64 456 4 -84
 4 16 420.44 -124 -104 420.44 -124 -84 456 4 -84 456 4 -104

 4 16 391.56 -12 36 391.56 -12 56 356 -140 56 356 -140 36
 4 16 387.11 -28 16 387.11 -28 36 356 -140 36 356 -140 16
 4 16 382.67 -44 -4 382.67 -44 16 356 -140 16 356 -140 -4
 4 16 378.22 -60 -24 378.22 -60 -4 356 -140 -4 356 -140 -24
 4 16 373.78 -76 -44 373.78 -76 -24 356 -140 -24 356 -140 -44
 4 16 369.33 -92 -44 369.33 -92 -64 356 -140 -64 356 -140 -44
 4 16 364.89 -108 -64 364.89 -108 -84 356 -140 -84 356 -140 -64
 4 16 360.44 -124 -84 360.44 -124 -104 356 -140 -104 356 -140 -84

0
