0 ~Electric Power Functions Tilt Sensor Bottom
0 Name: 64051.dat
0 Author: Philippe Hurbain [Philo]
0 !LDRAW_ORG Part UPDATE 2012-01
0 !LICENSE Redistributable under CCAL version 2.0 : see CAreadme.txt

0 BFC CERTIFY CCW

0 !KEYWORDS WeDo

0 !HISTORY 2012-03-30 [PTadmin] Official Update 2012-01

1 16 -20 20 0 0 0 -1 0 -1 0 1 0 0 stud4.dat
1 16 0 20 0 0 0 -1 0 -1 0 1 0 0 stud4.dat
1 16 20 20 0 0 0 -1 0 -1 0 1 0 0 stud4.dat
1 16 20 22 0 0 0 -6 0 -1 0 6 0 0 4-4disc.dat
1 16 20 22 0 0 0 -6 0 -1 0 6 0 0 4-4edge.dat
1 16 20 24 0 0 0 -3 0 -2 0 3 0 0 4-4cylc.dat
0 BFC INVERTNEXT
1 16 -25 22 0 0 -11 0 -2 0 0 0 0 -16 box3u2p.dat
0 BFC INVERTNEXT
1 16 25 22 0 0 11 0 -2 0 0 0 0 16 box3u2p.dat
1 16 0 22 -16 0 0 15 -2 0 0 0 -11 0 rect.dat
1 16 0 22 16 0 0 -15 -2 0 0 0 11 0 rect.dat
0 BFC INVERTNEXT
1 16 20 18 16 0 0 5 -2 0 0 0 -2 0 box3u4a.dat
0 BFC INVERTNEXT
1 16 20 20 16 0 0 -5 -4 0 0 0 2 0 box3u7a.dat
2 24 15 16 16 15 16 18
2 24 25 16 16 25 16 18
4 16 20 8 18 38 8 18 40 8 20 20 8 20
1 16 17.5 12 19 2.5 0.9913 0 -4 0.53 0 0 0 1 rect.dat
4 16 40 8 16 40 8 20 38 8 18 38 8 16
2 24 40 8 20 20 8 20
2 24 40 8 20 40 24 20
2 24 38 8 18 38 16 18
2 24 38 8 18 20 8 18
2 24 40 8 16 40 8 20
2 24 40 24 20 -40 24 20
2 24 40 24 -20 40 24 20
2 24 38 8 16 38 8 18
1 16 39 12 13 0 0 1 4 0.9662 0 -3 0.8 0 rect.dat
4 16 20 8 18 15 16 18 38 16 18 38 8 18
4 16 40 8 20 40 24 20 15 16 20 20 8 20
2 24 38 16 18 38 16 10
4 16 38 8 18 38 16 18 38 16 10 38 8 16
4 16 40 8 16 40 16 10 40 24 20 40 8 20
4 16 40 24 -20 40 24 20 40 16 10 40 16 -10
4 16 40 24 20 -40 24 20 -15 16 20 15 16 20
2 24 40 24 -20 -40 24 -20
4 16 15 16 -20 -15 16 -20 -40 24 -20 40 24 -20
0 BFC INVERTNEXT
1 16 20 18 -16 0 0 5 -2 0 0 0 2 0 box3u4a.dat
0 BFC INVERTNEXT
1 16 20 20 -16 0 0 -5 -4 0 0 0 -2 0 box3u7a.dat
2 24 15 16 -16 15 16 -18
2 24 25 16 -16 25 16 -18
4 16 20 8 -20 40 8 -20 38 8 -18 20 8 -18
1 16 17.5 12 -19 2.5 0.9913 0 -4 0.53 0 0 0 1 rect.dat
4 16 38 8 -16 38 8 -18 40 8 -20 40 8 -16
2 24 40 8 -20 20 8 -20
2 24 40 8 -20 40 24 -20
2 24 38 8 -18 38 16 -18
2 24 38 8 -18 20 8 -18
2 24 40 8 -16 40 8 -20
2 24 38 8 -16 38 8 -18
1 16 39 12 -13 0 0 -1 4 0.9662 0 3 -0.8 0 rect.dat
4 16 38 8 -18 38 16 -18 15 16 -18 20 8 -18
4 16 20 8 -20 15 16 -20 40 24 -20 40 8 -20
2 24 38 16 -18 38 16 -10
4 16 38 8 -16 38 16 -10 38 16 -18 38 8 -18
4 16 40 8 -20 40 24 -20 40 16 -10 40 8 -16
0 BFC INVERTNEXT
1 16 -20 18 -16 0 0 -5 -2 0 0 0 2 0 box3u4a.dat
0 BFC INVERTNEXT
1 16 -20 20 -16 0 0 5 -4 0 0 0 -2 0 box3u7a.dat
2 24 -15 16 -16 -15 16 -18
2 24 -25 16 -16 -25 16 -18
4 16 -20 8 -18 -38 8 -18 -40 8 -20 -20 8 -20
1 16 -17.5 12 -19 -2.5 -0.9913 0 -4 0.53 0 0 0 -1 rect.dat
4 16 -40 8 -6 -40 8 -20 -38 8 -18 -38 8 -8
4 16 -38 8 -8 -32 8 -8 -34 8 -6 -40 8 -6
4 16 -34 8 6 -34 8 -6 -32 8 -8 -32 8 8
2 24 -40 8 -20 -20 8 -20
2 24 -40 8 -20 -40 24 -20
2 24 -40 24 20 -40 24 -20
2 24 -38 8 -18 -20 8 -18
2 24 -40 8 -6 -40 8 -20
4 16 -20 8 -18 -15 16 -18 -38 16 -18 -38 8 -18
4 16 -40 8 -20 -40 24 -20 -15 16 -20 -20 8 -20
1 16 -38 12 -13 0 -1 0 -4 0 0 0 0 -5 rect3.dat
4 16 -40 8 -6 -40 12 -6 -40 24 -20 -40 8 -20
4 16 -40 24 20 -40 24 -20 -40 12 -6 -40 12 6
0 BFC INVERTNEXT
1 16 -20 18 16 0 0 -5 -2 0 0 0 -2 0 box3u4a.dat
0 BFC INVERTNEXT
1 16 -20 20 16 0 0 5 -4 0 0 0 2 0 box3u7a.dat
2 24 -15 16 16 -15 16 18
2 24 -25 16 16 -25 16 18
4 16 -20 8 20 -40 8 20 -38 8 18 -20 8 18
1 16 -17.5 12 19 -2.5 -0.9913 0 -4 0.53 0 0 0 -1 rect.dat
4 16 -38 8 8 -38 8 18 -40 8 20 -40 8 6
4 16 -40 24 -20 -40 24 20 -36 24 16 -36 24 -16
4 16 -36 24 -16 -25 24 -16 -25 24 -18 -40 24 -20
4 16 -15 24 -16 15 24 -16 15 24 -18 -15 24 -18
4 16 40 24 -20 25 24 -18 25 24 -16 36 24 -16
4 16 -40 24 -20 -25 24 -18 25 24 -18 40 24 -20
4 16 40 24 20 40 24 -20 36 24 -16 36 24 16
4 16 36 24 16 25 24 16 25 24 18 40 24 20
4 16 15 24 16 -15 24 16 -15 24 18 15 24 18
4 16 -40 24 20 -25 24 18 -25 24 16 -36 24 16
4 16 40 24 20 25 24 18 -25 24 18 -40 24 20
1 16 -31.5 16 0 -6.5 0 0 0 1 0 0 0 -18 rect2p.dat
4 16 -36 20 -16 -36 20 16 -25 20 14 -25 20 -14
4 16 -25 20 -14 -25 20 14 -15 20 14 -15 20 -14
4 16 -15 20 -14 -15 20 14 15 20 14 15 20 -14
4 16 15 20 16 15 20 14 -15 20 14 -15 20 16
4 16 36 20 16 36 20 -16 25 20 -14 25 20 14
4 16 25 20 14 25 20 -14 15 20 -14 15 20 14
4 16 -15 20 -16 -15 20 -14 15 20 -14 15 20 -16
3 16 -25 20 14 -36 20 16 -25 20 16
3 16 -25 20 -16 -36 20 -16 -25 20 -14
3 16 25 20 -14 36 20 -16 25 20 -16
3 16 25 20 16 36 20 16 25 20 14
4 16 -15 16 -14 -15 16 14 -25 16 14 -25 16 -14
1 16 31.5 16 0 6.5 0 0 0 1 0 0 0 18 rect2p.dat
1 16 39 16 0 1 0 0 0 1 0 0 0 10 rect1.dat
4 16 15 16 14 15 16 -14 25 16 -14 25 16 14
1 16 0 16 0 -15 0 0 0 1 0 0 0 -20 rect2p.dat
4 16 -40 8 6 -34 8 6 -32 8 8 -38 8 8
2 24 -40 8 20 -20 8 20
2 24 -40 8 20 -40 24 20
2 24 -38 8 18 -20 8 18
2 24 -40 8 6 -40 8 20
4 16 -38 8 18 -38 16 18 -15 16 18 -20 8 18
4 16 -20 8 20 -15 16 20 -40 24 20 -40 8 20
1 16 -38 12 13 0 -1 0 4 0 0 0 0 5 rect3.dat
4 16 -40 8 20 -40 24 20 -40 12 6 -40 8 6
0 BFC INVERTNEXT
1 16 -40 10 0 0 6 0 0 0 2 6 0 0 box4-1.dat
1 16 -38 12 0 0 6 0 -4 0 0 0 0 8 box3u2p.dat
1 16 0 16 17 0 0 14 0 -13 0 1 0 0 box5.dat
1 16 0 16 -17 0 0 14 0 -13 0 1 0 0 box5.dat
1 16 37 16 0 -1 0 0 0 -13 0 0 0 14 box5.dat
1 16 20 20 11 1 0 0 0 3 0 0 0 3 box4-4a.dat
1 16 20 20 -11 -1 0 0 0 3 0 0 0 -3 box4-4a.dat
1 16 -20 20 11 1 0 0 0 3 0 0 0 3 box4-4a.dat
1 16 -20 20 -11 -1 0 0 0 3 0 0 0 -3 box4-4a.dat
1 16 20 20 8 0 0 1 0 3 0 -1 0 0 boxjcyl4.dat
1 16 -20 20 8 0 0 1 0 3 0 -1 0 0 boxjcyl4.dat
1 16 -20 20 -8 0 0 -1 0 3 0 1 0 0 boxjcyl4.dat
1 16 20 20 -8 0 0 -1 0 3 0 1 0 0 boxjcyl4.dat
