0 ~Electric Power Functions Tilt Sensor Top
0 Name: 64053.dat
0 Author: Philippe Hurbain [Philo]
0 !LDRAW_ORG Part UPDATE 2012-01
0 !LICENSE Redistributable under CCAL version 2.0 : see CAreadme.txt

0 BFC CERTIFY CCW

0 !KEYWORDS WeDo

0 !HISTORY 2012-03-30 [PTadmin] Official Update 2012-01

1 16 20 0 0 -1 0 0 0 1 0 0 0 -1 stug-2x2.dat
1 16 -20 0 0 -1 0 0 0 1 0 0 0 -1 stug-2x2.dat
0 BFC INVERTNEXT
1 16 -40 4 0 0 4 0 4 0 0 0 0 -6 box3u2p.dat
1 16 -40 4 13 0 4 0 -4 0 0 0 0 7 rect3.dat
1 16 -40 4 -13 0 4 0 4 0 0 0 0 -7 rect3.dat
1 16 7.25 5.55 19 0 0.7168 1.25 0 -0.8269 0.85 1 0 0 rect3.dat
1 16 4.45 4.25 19 -1.55 0.4243 0 -0.45 -0.9603 0 0 0 1 rect2p.dat
1 16 1.45 3.65 19 -1.45 0.1491 0 -0.15 -0.9947 0 0 0 1 rect2p.dat
1 16 1.15 8.2 19 1.15 -0.0999 0 0.1 0.9962 0 0 0 1 rect2p.dat
1 16 3.35 8.65 19 1.05 -0.3461 0 0.35 0.9487 0 0 0 1 rect2p.dat
1 16 5.25 9.55 19 0 -0.548 0.85 0 0.8396 0.55 -1 0 0 rect3.dat
1 16 5.35 11.2 19 0 -0.8901 -0.75 0 -0.5633 1.1 -1 0 0 rect3.dat
1 16 8.3 11.8 19 0 0.4505 3.7 0 0.991 -0.5 -1 0 0 rect3.dat
1 16 11 7.75 19 0 0.9971 -1 0 -0.2711 -3.55 -1 0 0 rect3.dat
1 16 9.25 5.3 19 -0.75 -0.8901 0 1.1 -0.5633 0 0 0 1 rect2p.dat
5 24 6 4.7 20 6 4.7 18 2.9 3.8 20 8.5 6.4 20
5 24 2.9 3.8 20 2.9 3.8 18 0 3.5 20 6 4.7 20
5 24 0 3.5 20 0 3.5 18 -2.9 3.8 20 2.9 3.8 20
5 24 0 8.1 20 0 8.1 18 2.3 8.3 20 -2.3 8.3 20
5 24 2.3 8.3 20 2.3 8.3 18 4.4 9 20 0 8.1 20
5 24 4.4 9 20 4.4 9 18 6.1 10.1 20 2.3 8.3 20
4 16 10 4.2 20 8.5 6.4 20 6 4.7 20 6 0 20
4 16 2.3 8.3 20 4.6 12.3 20 0 16 20 0 8.1 20
4 16 0 3.5 20 0 0 20 6 0 20 2.9 3.8 20
3 16 6 0 20 6 4.7 20 2.9 3.8 20
4 16 12 11.3 20 10 4.2 20 12 0 20 20 8 20
4 16 12 11.3 20 10 16 20 0 16 20 4.6 12.3 20
4 16 4.6 12.3 20 2.3 8.3 20 4.4 9 20 6.1 10.1 20
3 16 12 0 20 10 4.2 20 6 0 20
4 16 6 3 18 6 4.7 18 8.5 6.4 18 10 4.2 18
4 16 0 8.1 18 0 16 18 4.6 12.3 18 2.3 8.3 18
4 16 2.9 3.8 18 6 3 18 0 3 18 0 3.5 18
3 16 2.9 3.8 18 6 4.7 18 6 3 18
4 16 12 3 18 10 4.2 18 12 11.3 18 20 8 18
4 16 4.6 12.3 18 0 16 18 10 16 18 12 11.3 18
4 16 6.1 10.1 18 4.4 9 18 2.3 8.3 18 4.6 12.3 18
3 16 6 3 18 10 4.2 18 12 3 18
1 16 -7.25 5.55 19 0 -0.7168 -1.25 0 -0.8269 0.85 -1 0 0 rect3.dat
1 16 -4.45 4.25 19 1.55 -0.4243 0 -0.45 -0.9603 0 0 0 -1 rect2p.dat
1 16 -1.45 3.65 19 1.45 -0.1491 0 -0.15 -0.9947 0 0 0 -1 rect2p.dat
1 16 -1.15 8.2 19 -1.15 0.0999 0 0.1 0.9962 0 0 0 -1 rect2p.dat
1 16 -3.35 8.65 19 -1.05 0.3461 0 0.35 0.9487 0 0 0 -1 rect2p.dat
1 16 -5.25 9.55 19 0 0.548 -0.85 0 0.8396 0.55 1 0 0 rect3.dat
1 16 -5.35 11.2 19 0 0.8901 0.75 0 -0.5633 1.1 1 0 0 rect3.dat
1 16 -8.3 11.8 19 0 -0.4505 -3.7 0 0.991 -0.5 1 0 0 rect3.dat
1 16 -11 7.75 19 0 -0.9971 1 0 -0.2711 -3.55 1 0 0 rect3.dat
1 16 -9.25 5.3 19 0.75 0.8901 0 1.1 -0.5633 0 0 0 -1 rect2p.dat
5 24 -6 4.7 20 -6 4.7 18 -2.9 3.8 20 -8.5 6.4 20
5 24 -2.9 3.8 20 -2.9 3.8 18 0 3.5 20 -6 4.7 20
5 24 -2.3 8.3 20 -2.3 8.3 18 -4.4 9 20 0 8.1 20
5 24 -4.4 9 20 -4.4 9 18 -6.1 10.1 20 -2.3 8.3 20
4 16 -6 0 20 -6 4.7 20 -8.5 6.4 20 -10 4.2 20
4 16 0 8.1 20 0 16 20 -4.6 12.3 20 -2.3 8.3 20
4 16 -2.9 3.8 20 -6 0 20 0 0 20 0 3.5 20
3 16 -2.9 3.8 20 -6 4.7 20 -6 0 20
4 16 -12 0 20 -10 4.2 20 -12 11.3 20 -20 8 20
4 16 -4.6 12.3 20 0 16 20 -10 16 20 -12 11.3 20
4 16 -6.1 10.1 20 -4.4 9 20 -2.3 8.3 20 -4.6 12.3 20
3 16 -6 0 20 -10 4.2 20 -12 0 20
4 16 -10 4.2 18 -8.5 6.4 18 -6 4.7 18 -6 3 18
4 16 -2.3 8.3 18 -4.6 12.3 18 0 16 18 0 8.1 18
4 16 0 3.5 18 0 3 18 -6 3 18 -2.9 3.8 18
3 16 -6 3 18 -6 4.7 18 -2.9 3.8 18
4 16 -12 11.3 18 -10 4.2 18 -12 3 18 -20 8 18
4 16 -12 11.3 18 -10 16 18 0 16 18 -4.6 12.3 18
4 16 -4.6 12.3 18 -2.3 8.3 18 -4.4 9 18 -6.1 10.1 18
3 16 -12 3 18 -10 4.2 18 -6 3 18
4 16 -20 8 20 -40 8 20 -40 0 20 -12 0 20
4 16 -12 3 18 -34 3 18 -34 8 18 -20 8 18
4 16 -10 16 20 -15 16 20 -20 8 20 -12 11.3 20
4 16 -12 11.3 18 -20 8 18 -15 16 18 -10 16 18
4 16 20 8 18 38 8 18 38 3 18 12 3 18
4 16 10 16 18 15 16 18 20 8 18 12 11.3 18
4 16 12 0 20 40 0 20 40 8 20 20 8 20
4 16 12 11.3 20 20 8 20 15 16 20 10 16 20
2 24 -40 0 20 40 0 20
2 24 40 8 20 40 0 20
2 24 38 8 18 38 3 18
2 24 40 8 20 20 8 20
2 24 38 8 18 20 8 18
2 24 -20 8 20 -40 8 20
2 24 -20 8 18 -34 8 18
4 16 -20 8 18 -34 8 18 -40 8 20 -20 8 20
4 16 -40 8 6 -40 8 20 -34 8 18 -36 8 6
4 16 -36 8 -6 -34 8 -18 -40 8 -20 -40 8 -6
4 16 -36 8 6 -34 8 18 -34 8 -18 -36 8 -6
1 16 -17.5 12 19 -2.5 0.9913 0 -4 -0.53 0 0 0 1 rect.dat
4 16 20 8 20 40 8 20 38 8 18 20 8 18
1 16 17.5 12 19 2.5 -0.9913 0 -4 -0.53 0 0 0 -1 rect.dat
1 16 0 16 19 -15 0 0 0 -1 0 0 0 1 rect2p.dat
1 16 7.25 5.55 -19 0 0.7168 1.25 0 -0.8269 0.85 1 0 0 rect3.dat
1 16 4.45 4.25 -19 -1.55 0.4243 0 -0.45 -0.9603 0 0 0 1 rect2p.dat
1 16 1.45 3.65 -19 -1.45 0.1491 0 -0.15 -0.9947 0 0 0 1 rect2p.dat
1 16 1.15 8.2 -19 1.15 -0.0999 0 0.1 0.9962 0 0 0 1 rect2p.dat
1 16 3.35 8.65 -19 1.05 -0.3461 0 0.35 0.9487 0 0 0 1 rect2p.dat
1 16 5.25 9.55 -19 0 -0.548 0.85 0 0.8396 0.55 -1 0 0 rect3.dat
1 16 5.35 11.2 -19 0 -0.8901 -0.75 0 -0.5633 1.1 -1 0 0 rect3.dat
1 16 8.3 11.8 -19 0 0.4505 3.7 0 0.991 -0.5 -1 0 0 rect3.dat
1 16 11 7.75 -19 0 0.9971 -1 0 -0.2711 -3.55 -1 0 0 rect3.dat
1 16 9.25 5.3 -19 -0.75 -0.8901 0 1.1 -0.5633 0 0 0 1 rect2p.dat
5 24 6 4.7 -20 6 4.7 -18 2.9 3.8 -20 8.5 6.4 -20
5 24 2.9 3.8 -20 2.9 3.8 -18 0 3.5 -20 6 4.7 -20
5 24 0 3.5 -20 0 3.5 -18 -2.9 3.8 -20 2.9 3.8 -20
5 24 0 8.1 -20 0 8.1 -18 2.3 8.3 -20 -2.3 8.3 -20
5 24 2.3 8.3 -20 2.3 8.3 -18 4.4 9 -20 0 8.1 -20
5 24 4.4 9 -20 4.4 9 -18 6.1 10.1 -20 2.3 8.3 -20
4 16 6 0 -20 6 4.7 -20 8.5 6.4 -20 10 4.2 -20
4 16 0 8.1 -20 0 16 -20 4.6 12.3 -20 2.3 8.3 -20
4 16 2.9 3.8 -20 6 0 -20 0 0 -20 0 3.5 -20
3 16 2.9 3.8 -20 6 4.7 -20 6 0 -20
4 16 12 0 -20 10 4.2 -20 12 11.3 -20 20 8 -20
4 16 4.6 12.3 -20 0 16 -20 10 16 -20 12 11.3 -20
4 16 6.1 10.1 -20 4.4 9 -20 2.3 8.3 -20 4.6 12.3 -20
3 16 6 0 -20 10 4.2 -20 12 0 -20
4 16 10 4.2 -18 8.5 6.4 -18 6 4.7 -18 6 3 -18
4 16 2.3 8.3 -18 4.6 12.3 -18 0 16 -18 0 8.1 -18
4 16 0 3.5 -18 0 3 -18 6 3 -18 2.9 3.8 -18
3 16 6 3 -18 6 4.7 -18 2.9 3.8 -18
4 16 12 11.3 -18 10 4.2 -18 12 3 -18 20 8 -18
4 16 12 11.3 -18 10 16 -18 0 16 -18 4.6 12.3 -18
4 16 4.6 12.3 -18 2.3 8.3 -18 4.4 9 -18 6.1 10.1 -18
3 16 12 3 -18 10 4.2 -18 6 3 -18
1 16 -7.25 5.55 -19 0 -0.7168 -1.25 0 -0.8269 0.85 -1 0 0 rect3.dat
1 16 -4.45 4.25 -19 1.55 -0.4243 0 -0.45 -0.9603 0 0 0 -1 rect2p.dat
1 16 -1.45 3.65 -19 1.45 -0.1491 0 -0.15 -0.9947 0 0 0 -1 rect2p.dat
1 16 -1.15 8.2 -19 -1.15 0.0999 0 0.1 0.9962 0 0 0 -1 rect2p.dat
1 16 -3.35 8.65 -19 -1.05 0.3461 0 0.35 0.9487 0 0 0 -1 rect2p.dat
1 16 -5.25 9.55 -19 0 0.548 -0.85 0 0.8396 0.55 1 0 0 rect3.dat
1 16 -5.35 11.2 -19 0 0.8901 0.75 0 -0.5633 1.1 1 0 0 rect3.dat
1 16 -8.3 11.8 -19 0 -0.4505 -3.7 0 0.991 -0.5 1 0 0 rect3.dat
1 16 -11 7.75 -19 0 -0.9971 1 0 -0.2711 -3.55 1 0 0 rect3.dat
1 16 -9.25 5.3 -19 0.75 0.8901 0 1.1 -0.5633 0 0 0 -1 rect2p.dat
5 24 -6 4.7 -20 -6 4.7 -18 -2.9 3.8 -20 -8.5 6.4 -20
5 24 -2.9 3.8 -20 -2.9 3.8 -18 0 3.5 -20 -6 4.7 -20
5 24 -2.3 8.3 -20 -2.3 8.3 -18 -4.4 9 -20 0 8.1 -20
5 24 -4.4 9 -20 -4.4 9 -18 -6.1 10.1 -20 -2.3 8.3 -20
4 16 -10 4.2 -20 -8.5 6.4 -20 -6 4.7 -20 -6 0 -20
4 16 -2.3 8.3 -20 -4.6 12.3 -20 0 16 -20 0 8.1 -20
4 16 0 3.5 -20 0 0 -20 -6 0 -20 -2.9 3.8 -20
3 16 -6 0 -20 -6 4.7 -20 -2.9 3.8 -20
4 16 -12 11.3 -20 -10 4.2 -20 -12 0 -20 -20 8 -20
4 16 -12 11.3 -20 -10 16 -20 0 16 -20 -4.6 12.3 -20
4 16 -4.6 12.3 -20 -2.3 8.3 -20 -4.4 9 -20 -6.1 10.1 -20
3 16 -12 0 -20 -10 4.2 -20 -6 0 -20
4 16 -6 3 -18 -6 4.7 -18 -8.5 6.4 -18 -10 4.2 -18
4 16 0 8.1 -18 0 16 -18 -4.6 12.3 -18 -2.3 8.3 -18
4 16 -2.9 3.8 -18 -6 3 -18 0 3 -18 0 3.5 -18
3 16 -2.9 3.8 -18 -6 4.7 -18 -6 3 -18
4 16 -12 3 -18 -10 4.2 -18 -12 11.3 -18 -20 8 -18
4 16 -4.6 12.3 -18 0 16 -18 -10 16 -18 -12 11.3 -18
4 16 -6.1 10.1 -18 -4.4 9 -18 -2.3 8.3 -18 -4.6 12.3 -18
3 16 -6 3 -18 -10 4.2 -18 -12 3 -18
4 16 -12 0 -20 -40 0 -20 -40 8 -20 -20 8 -20
4 16 -20 8 -18 -34 8 -18 -34 3 -18 -12 3 -18
4 16 -12 11.3 -20 -20 8 -20 -15 16 -20 -10 16 -20
4 16 -10 16 -18 -15 16 -18 -20 8 -18 -12 11.3 -18
4 16 12 3 -18 38 3 -18 38 8 -18 20 8 -18
4 16 12 11.3 -18 20 8 -18 15 16 -18 10 16 -18
4 16 20 8 -20 40 8 -20 40 0 -20 12 0 -20
4 16 10 16 -20 15 16 -20 20 8 -20 12 11.3 -20
2 24 -40 0 -20 40 0 -20
2 24 40 8 -20 40 0 -20
2 24 38 8 -18 38 3 -18
2 24 40 8 -20 20 8 -20
2 24 38 8 -18 20 8 -18
2 24 -20 8 -20 -40 8 -20
2 24 -20 8 -18 -34 8 -18
4 16 -20 8 -20 -40 8 -20 -34 8 -18 -20 8 -18
1 16 -17.5 12 -19 -2.5 0.9913 0 -4 -0.53 0 0 0 1 rect.dat
4 16 20 8 -18 38 8 -18 40 8 -20 20 8 -20
1 16 17.5 12 -19 2.5 -0.9913 0 -4 -0.53 0 0 0 -1 rect.dat
1 16 0 16 -19 -15 0 0 0 -1 0 0 0 1 rect2p.dat
1 16 39 5.55 -6.04 1 0 0 0 -0.8543 0.85 0 -0.6328 -1.04 rect3.dat
1 16 39 4.25 -3.71 0 0 1 -0.45 -0.9689 0 1.29 -0.3294 0 rect2p.dat
1 16 39 3.65 -1.21 0 0 1 -0.15 -0.9949 0 1.21 -0.123 0 rect2p.dat
1 16 39 8.2 -0.96 0 0 1 0.1 0.9942 0 -0.96 0.1036 0 rect2p.dat
1 16 39 8.65 -2.795 0 0 1 0.35 0.9205 0 -0.875 0.3714 0 rect2p.dat
1 16 39 9.55 -4.375 -1 0 0 0 0.7535 0.55 0 0.6151 -0.705 rect3.dat
1 16 39 11.2 -4.455 -1 0 0 0 -0.5837 1.1 0 0.8695 0.625 rect3.dat
1 16 39 11.8 -6.915 -1 0 0 0 0.9987 -0.5 0 -0.16 -3.085 rect3.dat
1 16 39 7.75 -9.165 -1 0 0 0 -0.6511 -3.55 0 -0.9734 0.835 rect3.dat
1 16 39 5.3 -7.705 0 0 1 1.1 -0.5837 0 0.625 0.8695 0 rect2p.dat
5 24 40 4.7 -5 38 4.7 -5 40 3.8 -2.42 40 6.4 -7.08
5 24 40 3.8 -2.42 38 3.8 -2.42 40 3.5 0 40 4.7 -5
5 24 40 3.5 0 38 3.5 0 40 3.8 2.42 40 3.8 -2.42
5 24 40 8.1 0 38 8.1 0 40 8.3 -1.92 40 8.3 1.92
5 24 40 8.3 -1.92 38 8.3 -1.92 40 9 -3.67 40 8.1 0
5 24 40 9 -3.67 38 9 -3.67 40 10.1 -5.08 40 8.3 -1.92
4 16 40 4.2 -8.33 40 6.4 -7.08 40 4.7 -5 40 0 -5
4 16 40 8.3 -1.92 40 12.3 -3.83 40 16 0 40 8.1 0
4 16 40 3.5 0 40 0 0 40 0 -5 40 3.8 -2.42
3 16 40 0 -5 40 4.7 -5 40 3.8 -2.42
4 16 40 11.3 -10 40 4.2 -8.33 40 0 -10 40 8 -16
4 16 40 11.3 -10 40 16 -8.33 40 16 0 40 12.3 -3.83
4 16 40 12.3 -3.83 40 8.3 -1.92 40 9 -3.67 40 10.1 -5.08
3 16 40 0 -10 40 4.2 -8.33 40 0 -5
4 16 38 3 -5 38 4.7 -5 38 6.4 -7.08 38 4.2 -8.33
4 16 38 8.1 0 38 16 0 38 12.3 -3.83 38 8.3 -1.92
4 16 38 3.8 -2.42 38 3 -5 38 3 0 38 3.5 0
3 16 38 3.8 -2.42 38 4.7 -5 38 3 -5
4 16 38 3 -10 38 4.2 -8.33 38 11.3 -10 38 8 -16
4 16 38 12.3 -3.83 38 16 0 38 16 -8.33 38 11.3 -10
4 16 38 10.1 -5.08 38 9 -3.67 38 8.3 -1.92 38 12.3 -3.83
3 16 38 3 -5 38 4.2 -8.33 38 3 -10
1 16 39 5.55 6.04 -1 0 0 0 -0.8543 0.85 0 0.6328 1.04 rect3.dat
1 16 39 4.25 3.71 0 0 -1 -0.45 -0.9689 0 -1.29 0.3294 0 rect2p.dat
1 16 39 3.65 1.21 0 0 -1 -0.15 -0.9949 0 -1.21 0.123 0 rect2p.dat
1 16 39 8.2 0.96 0 0 -1 0.1 0.9942 0 0.96 -0.1036 0 rect2p.dat
1 16 39 8.65 2.795 0 0 -1 0.35 0.9205 0 0.875 -0.3714 0 rect2p.dat
1 16 39 9.55 4.375 1 0 0 0 0.7535 0.55 0 -0.6151 0.705 rect3.dat
1 16 39 11.2 4.455 1 0 0 0 -0.5837 1.1 0 -0.8695 -0.625 rect3.dat
1 16 39 11.8 6.915 1 0 0 0 0.9987 -0.5 0 0.16 3.085 rect3.dat
1 16 39 7.75 9.165 1 0 0 0 -0.6511 -3.55 0 0.9734 -0.835 rect3.dat
1 16 39 5.3 7.705 0 0 -1 1.1 -0.5837 0 -0.625 -0.8695 0 rect2p.dat
5 24 40 4.7 5 38 4.7 5 40 3.8 2.42 40 6.4 7.08
5 24 40 3.8 2.42 38 3.8 2.42 40 3.5 0 40 4.7 5
5 24 40 8.3 1.92 38 8.3 1.92 40 9 3.67 40 8.1 0
5 24 40 9 3.67 38 9 3.67 40 10.1 5.08 40 8.3 1.92
4 16 40 0 5 40 4.7 5 40 6.4 7.08 40 4.2 8.33
4 16 40 8.1 0 40 16 0 40 12.3 3.83 40 8.3 1.92
4 16 40 3.8 2.42 40 0 5 40 0 0 40 3.5 0
3 16 40 3.8 2.42 40 4.7 5 40 0 5
4 16 40 0 10 40 4.2 8.33 40 11.3 10 40 8 16
4 16 40 12.3 3.83 40 16 0 40 16 8.33 40 11.3 10
4 16 40 10.1 5.08 40 9 3.67 40 8.3 1.92 40 12.3 3.83
3 16 40 0 5 40 4.2 8.33 40 0 10
4 16 38 4.2 8.33 38 6.4 7.08 38 4.7 5 38 3 5
4 16 38 8.3 1.92 38 12.3 3.83 38 16 0 38 8.1 0
4 16 38 3.5 0 38 3 0 38 3 5 38 3.8 2.42
3 16 38 3 5 38 4.7 5 38 3.8 2.42
4 16 38 11.3 10 38 4.2 8.33 38 3 10 38 8 16
4 16 38 11.3 10 38 16 8.33 38 16 0 38 12.3 3.83
4 16 38 12.3 3.83 38 8.3 1.92 38 9 3.67 38 10.1 5.08
3 16 38 3 10 38 4.2 8.33 38 3 5
4 16 40 16 8.33 40 16 10 40 8 16 40 11.3 10
4 16 40 11.3 -10 40 8 -16 40 16 -10 40 16 -8.33
4 16 38 11.3 10 38 8 16 38 16 10 38 16 8.33
4 16 38 16 -8.33 38 16 -10 38 8 -16 38 11.3 -10
3 16 38 8 -16 38 3 -10 38 11.3 -10
2 24 40 0 -20 40 0 20
2 24 40 8 16 40 8 20
2 24 40 8 -20 40 8 -16
2 24 38 8 -18 38 8 -16
2 24 38 8 16 38 8 18
4 16 38 3 18 38 8 18 38 8 16 38 3 10
4 16 38 3 -10 38 8 -16 38 8 -18 38 3 -18
4 16 40 0 -20 40 8 -20 40 8 -16 40 0 -10
4 16 40 0 10 40 8 16 40 8 20 40 0 20
4 16 38 8 16 38 8 18 40 8 20 40 8 16
1 16 39 12 13 0 0 -1 4 -0.9662 0 -3 -0.8 0 rect.dat
4 16 40 8 -16 40 8 -20 38 8 -18 38 8 -16
1 16 39 12 -13 0 0 1 4 -0.9662 0 3 0.8 0 rect.dat
1 16 39 16 0 0 0 -1 0 -1 0 -10 0 0 rect2p.dat
0 BFC INVERTNEXT
1 16 2 5.5 0 0 0 -36 0 -2.5 0 -18 0 0 box2-5.dat
4 16 -40 0 6 -36 0 6 40 0 20 -40 0 20
4 16 -40 0 -20 40 0 -20 -36 0 -6 -40 0 -6
4 16 -36 0 6 -36 0 -6 40 0 -20 40 0 20
1 16 20 3 16 0 0 -5 0 20 0 2 0 0 box5.dat
1 16 -20 3 16 0 0 -5 0 20 0 2 0 0 box5.dat
1 16 20 3 -16 0 0 -5 0 20 0 2 0 0 box5.dat
1 16 -20 3 -16 0 0 -5 0 20 0 2 0 0 box5.dat
0 //
