0 Door  1 x  6 x 10
0 Name: 671.dat
0 Author: Arne Hackstein
0 !LDRAW_ORG Part UPDATE 1998-07
0 !LICENSE Redistributable under CCAL version 2.0 : see CAreadme.txt

0 !HISTORY 1998-07-15 [PTadmin] Official Update 1998-07
0 !HISTORY 2007-07-18 [PTadmin] Header formatted for Contributor Agreement
0 !HISTORY 2008-07-01 [PTadmin] Official Update 2008-01

 2 24 47 -6 2.5 -46.5 -6 2.5
 2 24 -46.5 -219 2.5 47 -219 2.5
 2 24 47 -219 2.5 47 -6 2.5
0
 2 24 47 -6 -2.5 -46.5 -6 -2.5
 2 24 -46.5 -219 -2.5 47 -219 -2.5
 2 24 47 -219 -2.5 47 -6 -2.5
0
 2 24 47 -6 2.5 47 -6 -2.5
 2 24 47 -219 2.5 47 -219 -2.5
0
 2 24 27 -26 2.5 -27 -26 2.5
 2 24 -27 -26 2.5 -27 -199 2.5
 2 24 -27 -199 2.5 27 -199 2.5
 2 24 27 -199 2.5 27 -26 2.5
0
 2 24 27 -26 1.5 -27 -26 1.5
 2 24 -27 -26 1.5 -27 -199 1.5
 2 24 -27 -199 1.5 27 -199 1.5
 2 24 27 -199 1.5 27 -26 1.5
0
 2 24 27 -26 1.5 27 -26 2.5
 2 24 -27 -26 1.5 -27 -26 2.5
 2 24 -27 -199 1.5 -27 -199 2.5
 2 24 27 -199 1.5 27 -199 2.5
0
 2 24 27 -26 -2.5 -27 -26 -2.5
 2 24 -27 -26 -2.5 -27 -199 -2.5
 2 24 -27 -199 -2.5 27 -199 -2.5
 2 24 27 -199 -2.5 27 -26 -2.5
0
 2 24 27 -26 -1.5 -27 -26 -1.5
 2 24 -27 -26 -1.5 -27 -199 -1.5
 2 24 -27 -199 -1.5 27 -199 -1.5
 2 24 27 -199 -1.5 27 -26 -1.5
0
 2 24 27 -26 -1.5 27 -26 -2.5
 2 24 -27 -26 -1.5 -27 -26 -2.5
 2 24 -27 -199 -1.5 -27 -199 -2.5
 2 24 27 -199 -1.5 27 -199 -2.5
0
 2 24 19 -34 2.5 -19 -34 2.5
 2 24 -19 -34 2.5 -19 -191 2.5
 2 24 -19 -191 2.5 19 -191 2.5
 2 24 19 -191 2.5 19 -34 2.5
0
 2 24 19 -34 1.5 -19 -34 1.5
 2 24 -19 -34 1.5 -19 -191 1.5
 2 24 -19 -191 1.5 19 -191 1.5
 2 24 19 -191 1.5 19 -34 1.5
0
 2 24 19 -34 1.5 19 -34 2.5
 2 24 -19 -34 1.5 -19 -34 2.5
 2 24 -19 -191 1.5 -19 -191 2.5
 2 24 19 -191 1.5 19 -191 2.5
0
 2 24 19 -34 -2.5 -19 -34 -2.5
 2 24 -19 -34 -2.5 -19 -191 -2.5
 2 24 -19 -191 -2.5 19 -191 -2.5
 2 24 19 -191 -2.5 19 -34 -2.5
0
 2 24 19 -34 -1.5 -19 -34 -1.5
 2 24 -19 -34 -1.5 -19 -191 -1.5
 2 24 -19 -191 -1.5 19 -191 -1.5
 2 24 19 -191 -1.5 19 -34 -1.5
0
 2 24 19 -34 -1.5 19 -34 -2.5
 2 24 -19 -34 -1.5 -19 -34 -2.5
 2 24 -19 -191 -1.5 -19 -191 -2.5
 2 24 19 -191 -1.5 19 -191 -2.5
0
 2 24 33 -115.5 2.5 39 -115.5 2.5
 2 24 33 -109.5 2.5 39 -109.5 2.5
 2 24 33 -115.5 9 39 -115.5 9
 2 24 33 -109.5 9 39 -109.5 9
 2 24 33 -115.5 -2.5 39 -115.5 -2.5
 2 24 33 -109.5 -2.5 39 -109.5 -2.5
 2 24 33 -115.5 -9 39 -115.5 -9
 2 24 33 -109.5 -9 39 -109.5 -9
0
 1 16 -46.5 -6 0 0 0 2.5 0 0 0 2.5 0 0 2-4edge.dat
 1 16 -46.5 -6 0 0 0 2.5 0 0 0 2.5 0 0 2-4ndis.dat
 1 16 -46.5 -219 0 0 0 2.5 0 0 0 2.5 0 0 2-4edge.dat
 1 16 -46.5 -219 0 0 0 2.5 0 0 0 2.5 0 0 2-4ndis.dat
 1 16 -46.5 -6 0 0 0 2.5 0 2.5 0 2.5 0 0 4-8sphe.dat
 1 16 -46.5 -219 0 0 0 2.5 0 -2.5 0 2.5 0 0 4-8sphe.dat
 1 16 -46.5 -6 0 0 0 -2.5 0 -213 0 2.5 0 0 2-4cyli.dat
0
 1 16 39 -112.5 2.5 0 0 3 3 0 0 0 0 0 2-4edge.dat
 1 16 33 -112.5 2.5 0 0 -3 3 0 0 0 0 0 2-4edge.dat
 1 16 39 -112.5 9 0 0 3 3 0 0 0 0 0 2-4edge.dat
 1 16 33 -112.5 9 0 0 -3 3 0 0 0 0 0 2-4edge.dat
 1 16 39 -112.5 9 0 0 3 3 0 0 0 0 0 2-4disc.dat
 1 16 33 -112.5 9 0 0 -3 3 0 0 0 0 0 2-4disc.dat
 1 16 39 -112.5 9 0 0 3 3 0 0 0 -6.5 0 2-4cyli.dat
 1 16 33 -112.5 9 0 0 -3 3 0 0 0 -6.5 0 2-4cyli.dat
0
 1 16 39 -112.5 -2.5 0 0 3 3 0 0 0 0 0 2-4edge.dat
 1 16 33 -112.5 -2.5 0 0 -3 3 0 0 0 0 0 2-4edge.dat
 1 16 39 -112.5 -9 0 0 3 3 0 0 0 0 0 2-4edge.dat
 1 16 33 -112.5 -9 0 0 -3 3 0 0 0 0 0 2-4edge.dat
 1 16 39 -112.5 -9 0 0 3 3 0 0 0 0 0 2-4disc.dat
 1 16 33 -112.5 -9 0 0 -3 3 0 0 0 0 0 2-4disc.dat
 1 16 39 -112.5 -9 0 0 3 3 0 0 0 6.5 0 2-4cyli.dat
 1 16 33 -112.5 -9 0 0 -3 3 0 0 0 6.5 0 2-4cyli.dat
0
 4 16 33 -109.5 2.5 39 -109.5 2.5 39 -109.5 9 33 -109.5 9
 4 16 33 -115.5 2.5 39 -115.5 2.5 39 -115.5 9 33 -115.5 9
 4 16 33 -109.5 9 39 -109.5 9 39 -115.5 9 33 -115.5 9
 4 16 33 -109.5 -2.5 39 -109.5 -2.5 39 -109.5 -9 33 -109.5 -9
 4 16 33 -115.5 -2.5 39 -115.5 -2.5 39 -115.5 -9 33 -115.5 -9
 4 16 33 -109.5 -9 39 -109.5 -9 39 -115.5 -9 33 -115.5 -9
0
 4 16 47 -6 2.5 47 -6 -2.5 47 -219 -2.5 47 -219 2.5
 4 16 47 -6 2.5 -46.5 -6 2.5 -46.5 -6 -2.5 47 -6 -2.5
 4 16 47 -219 2.5 -46.5 -219 2.5 -46.5 -219 -2.5 47 -219 -2.5
0
 4 16 27 -26 2.5 27 -26 1.5 27 -199 1.5 27 -199 2.5
 4 16 -27 -26 2.5 -27 -26 1.5 -27 -199 1.5 -27 -199 2.5
 4 16 27 -26 2.5 -27 -26 2.5 -27 -26 1.5 27 -26 1.5
 4 16 27 -199 2.5 -27 -199 2.5 -27 -199 1.5 27 -199 1.5
0
 4 16 27 -26 -2.5 27 -26 -1.5 27 -199 -1.5 27 -199 -2.5
 4 16 -27 -26 -2.5 -27 -26 -1.5 -27 -199 -1.5 -27 -199 -2.5
 4 16 27 -26 -2.5 -27 -26 -2.5 -27 -26 -1.5 27 -26 -1.5
 4 16 27 -199 -2.5 -27 -199 -2.5 -27 -199 -1.5 27 -199 -1.5
0
 4 16 19 -34 2.5 19 -34 1.5 19 -191 1.5 19 -191 2.5
 4 16 -19 -34 2.5 -19 -34 1.5 -19 -191 1.5 -19 -191 2.5
 4 16 19 -34 2.5 -19 -34 2.5 -19 -34 1.5 19 -34 1.5
 4 16 19 -191 2.5 -19 -191 2.5 -19 -191 1.5 19 -191 1.5
0
 4 16 19 -34 -2.5 19 -34 -1.5 19 -191 -1.5 19 -191 -2.5
 4 16 -19 -34 -2.5 -19 -34 -1.5 -19 -191 -1.5 -19 -191 -2.5
 4 16 19 -34 -2.5 -19 -34 -2.5 -19 -34 -1.5 19 -34 -1.5
 4 16 19 -191 -2.5 -19 -191 -2.5 -19 -191 -1.5 19 -191 -1.5
0
 4 16 47 -6 2.5 -46.5 -6 2.5 -27 -26 2.5 27 -26 2.5
 4 16 47 -219 2.5 -46.5 -219 2.5 -27 -199 2.5 27 -199 2.5
 4 16 47 -6 2.5 27 -26 2.5 27 -199 2.5 47 -219 2.5
 4 16 -46.5 -6 2.5 -27 -26 2.5 -27 -199 2.5 -46.5 -219 2.5
0
 4 16 47 -6 -2.5 -46.5 -6 -2.5 -27 -26 -2.5 27 -26 -2.5
 4 16 47 -219 -2.5 -46.5 -219 -2.5 -27 -199 -2.5 27 -199 -2.5
 4 16 47 -6 -2.5 27 -26 -2.5 27 -199 -2.5 47 -219 -2.5
 4 16 -46.5 -6 -2.5 -27 -26 -2.5 -27 -199 -2.5 -46.5 -219 -2.5
0
 4 16 27 -26 1.5 -27 -26 1.5 -19 -34 1.5 19 -34 1.5
 4 16 27 -199 1.5 -27 -199 1.5 -19 -191 1.5 19 -191 1.5
 4 16 27 -26 1.5 19 -34 1.5 19 -191 1.5 27 -199 1.5
 4 16 -27 -26 1.5 -19 -34 1.5 -19 -191 1.5 -27 -199 1.5
0
 4 16 27 -26 -1.5 -27 -26 -1.5 -19 -34 -1.5 19 -34 -1.5
 4 16 27 -199 -1.5 -27 -199 -1.5 -19 -191 -1.5 19 -191 -1.5
 4 16 27 -26 -1.5 19 -34 -1.5 19 -191 -1.5 27 -199 -1.5
 4 16 -27 -26 -1.5 -19 -34 -1.5 -19 -191 -1.5 -27 -199 -1.5
0
 4 16 19 -34 2.5 -19 -34 2.5 -19 -191 2.5 19 -191 2.5
 4 16 19 -34 -2.5 -19 -34 -2.5 -19 -191 -2.5 19 -191 -2.5


