0 Tap  1 x  2 Base
0 Name: 69.dat
0 Author: Tore Eriksson [Tore_Eriksson]
0 !LDRAW_ORG Part UPDATE 2000-02
0 !LICENSE Redistributable under CCAL version 2.0 : see CAreadme.txt

0 !HISTORY 2000-09-30 [PTadmin] Official Update 2000-02
0 !HISTORY 2007-07-18 [PTadmin] Header formatted for Contributor Agreement
0 !HISTORY 2008-07-01 [PTadmin] Official Update 2008-01

4 16 -20 0 -10 20 0 -10 16 0 -6 -16 0 -6
4 16 -20 0 10 20 0 10 16 0 6 -16 0 6
4 16 -20 0 -10 -20 0 10 -16 0 6 -16 0 -6
4 16 20 0 -10 20 0 10 16 0 6 16 0 -6
1 16 0 0 0 20 0 0 0 -8 0 0 0 10 box4.dat
1 16 0 0 0 16 0 0 0 -4 0 0 0 6 box4.dat

4 16 -16 -4 6 16 -4 6 14 -6 4 -14 -6 4
 4 16 -16 -4 -6 16 -4 -6 14 -6 -4 -14 -6 -4
2 24 14 -6 4 -14 -6 4
 2 24 14 -6 -4 -14 -6 -4
4 16 14 -6 4 -14 -6 4 -4 -6 2 4 -6 2
 4 16 14 -6 -4 -14 -6 -4 -4 -6 -2 4 -6 -2
4 16 -20 -8 10 20 -8 10 16 -12 6 -16 -12 6
 4 16 -20 -8 -10 20 -8 -10 16 -12 -6 -16 -12 -6
2 24 -16 -12 6 16 -12 6
 2 24 -16 -12 -6 16 -12 -6
4 16 16 -12 6 -16 -12 6 -4 -12 2 4 -12 2
 4 16 16 -12 -6 -16 -12 -6 -4 -12 -2 4 -12 -2
2 24 -2 -6 2 2 -6 2
 2 24 -2 -6 -2 2 -6 -2
 2 24 -2 -12 2 2 -12 2
  4 16 -2 -6 2 -2 -12 2 2 -12 2 2 -6 2
 2 24 -2 -12 -2 2 -12 -2
  4 16 -2 -6 -2 -2 -12 -2 2 -12 -2 2 -6 -2
2 24 16 -4 6 14 -6 4
 2 24 -16 -4 6 -14 -6 4
 2 24 16 -4 -6 14 -6 -4
 2 24 -16 -4 -6 -14 -6 -4
2 24 20 -8 10 16 -12 6
 2 24 -20 -8 10 -16 -12 6
 2 24 20 -8 -10 16 -12 -6
 2 24 -20 -8 -10 -16 -12 -6
1 16 2 -6 0 0 0 2 0 0 0 2 0 0 2-4ndis.dat
 1 16 -2 -6 0 0 0 -2 0 0 0 2 0 0 2-4ndis.dat
 1 16 2 -12 0 0 0 2 0 0 0 2 0 0 2-4ndis.dat
 1 16 -2 -12 0 0 0 -2 0 0 0 2 0 0 2-4ndis.dat
1 16 2 -6 0 0 0 2 0 0 0 2 0 0 2-4edge.dat
 1 16 -2 -6 0 0 0 -2 0 0 0 2 0 0 2-4edge.dat
 1 16 2 -12 0 0 0 2 0 0 0 2 0 0 2-4edge.dat
1 16 2 -6 0 0 0 2 0 -6 0 2 0 0 2-4CYLI.DAT
 1 16 -2 -12 0 0 0 -2 0 0 0 2 0 0 2-4edge.dat
1 16 -2 -6 0 0 0 -2 0 -6 0 2 0 0 2-4CYLI.DAT
4 16 14 -6 4 14 -6 -4 4 -6 -2 4 -6 2
 4 16 -14 -6 4 -14 -6 -4 -4 -6 -2 -4 -6 2
2 24 14 -6 4 14 -6 -4
 2 24 -14 -6 4 -14 -6 -4
4 16 16 -4 -6 16 -4 6 14 -6 4 14 -6 -4
 4 16 -16 -4 -6 -16 -4 6 -14 -6 4 -14 -6 -4
4 16 20 -8 -10 20 -8 10 16 -12 6 16 -12 -6
 4 16 -20 -8 -10 -20 -8 10 -16 -12 6 -16 -12 -6
2 24 16 -12 -6 16 -12 6
 2 24 -16 -12 -6 -16 -12 6
4 16 16 -12 6 16 -12 -6 4 -12 -2 4 -12 2
 4 16 -16 -12 6 -16 -12 -6 -4 -12 -2 -4 -12 2
0

