0 Train Level Crossing Center Rail Cap Insert
0 Name: 812.dat
0 Author: Arne Hackstein
0 !LDRAW_ORG Part UPDATE 1998-03
0 !LICENSE Redistributable under CCAL version 2.0 : see CAreadme.txt

0 !HISTORY 1998-03-23 [PTadmin] Official Update 1998-03
0 !HISTORY 2007-07-23 [PTadmin] Header formatted for Contributor Agreement
0 !HISTORY 2008-07-01 [PTadmin] Official Update 2008-01

 1 16 0 -18 100 1 0 0 0 -2.5 0 0 0 1 stud4.dat
 1 16 0 -18 80 1 0 0 0 -2.5 0 0 0 1 stud4.dat
 1 16 0 -18 -80 1 0 0 0 -2.5 0 0 0 1 stud4.dat
 1 16 0 -18 -100 1 0 0 0 -2.5 0 0 0 1 stud4.dat

 2 24 16 -8 140 16 -8 -140
 2 24 -16 -8 140 -16 -8 -140
 2 24 16 -8 140 20 -8 140
 2 24 16 -8 -140 20 -8 -140
 2 24 -16 -8 140 -20 -8 140
 2 24 -16 -8 -140 -20 -8 -140
 2 24 20 -8 140 20 -8 -140
 2 24 -20 -8 140 -20 -8 -140

 2 24 16 -8 140 16 -11 140
 2 24 16 -8 -140 16 -11 -140
 2 24 -16 -8 140 -16 -11 140
 2 24 -16 -8 -140 -16 -11 -140

 2 24 16 -11 140 16 -11 136
 2 24 16 -11 -140 16 -11 -136
 2 24 -16 -11 140 -16 -11 136
 2 24 -16 -11 -140 -16 -11 -136

 2 24 16 -11 136 16 -18 136
 2 24 16 -11 -136 16 -18 -136
 2 24 -16 -11 136 -16 -18 136
 2 24 -16 -11 -136 -16 -18 -136

 2 24 16 -11 140 -16 -11 140
 2 24 16 -11 -140 -16 -11 -140
 2 24 16 -11 136 -16 -11 136
 2 24 16 -11 -136 -16 -11 -136
 2 24 16 -18 136 -16 -18 136
 2 24 16 -18 -136 -16 -18 -136

 2 24 16 -18 136 16 -18 -136
 2 24 -16 -18 136 -16 -18 -136

 2 24 20 -8 140 20 -22 140
 2 24 20 -8 -140 20 -22 -140
 2 24 -20 -8 140 -20 -22 140
 2 24 -20 -8 -140 -20 -22 -140

 2 24 20 -22 140 20 -22 -140
 2 24 20 -22 -140 -20 -22 -140
 2 24 -20 -22 -140 -20 -22 140
 2 24 -20 -22 140 20 -22 140

 4 16 20 -8 140 16 -8 140 16 -8 -140 20 -8 -140
 4 16 -20 -8 140 -16 -8 140 -16 -8 -140 -20 -8 -140

 4 16 16 -11 140 16 -11 136 -16 -11 136 -16 -11 140
 4 16 16 -11 -140 16 -11 -136 -16 -11 -136 -16 -11 -140

 4 16 16 -11 140 16 -11 136 16 -8 136 16 -8 140
 4 16 16 -11 -140 16 -11 -136 16 -8 -136 16 -8 -140
 4 16 -16 -11 140 -16 -11 136 -16 -8 136 -16 -8 140
 4 16 -16 -11 -140 -16 -11 -136 -16 -8 -136 -16 -8 -140

 4 16 16 -8 136 16 -8 -136 16 -18 -136 16 -18 136
 4 16 -16 -8 136 -16 -8 -136 -16 -18 -136 -16 -18 136
 4 16 16 -11 136 -16 -11 136 -16 -18 136 16 -18 136
 4 16 16 -11 -136 -16 -11 -136 -16 -18 -136 16 -18 -136
 4 16 16 -18 136 16 -18 -136 -16 -18 -136 -16 -18 136

 4 16 20 -8 140 16 -8 140 16 -11 140 20 -11 140
 4 16 20 -8 -140 16 -8 -140 16 -11 -140 20 -11 -140
 4 16 -20 -8 140 -16 -8 140 -16 -11 140 -20 -11 140
 4 16 -20 -8 -140 -16 -8 -140 -16 -11 -140 -20 -11 -140

 4 16 20 -11 140 -20 -11 140 -20 -22 140 20 -22 140
 4 16 20 -11 -140 -20 -11 -140 -20 -22 -140 20 -22 -140
 4 16 20 -8 140 20 -8 -140 20 -22 -140 20 -22 140
 4 16 -20 -8 140 -20 -8 -140 -20 -22 -140 -20 -22 140
 4 16 20 -22 140 20 -22 -140 -20 -22 -140 -20 -22 140









