0 Train Level Crossing Gate Type 1 - Base
0 Name: 814.dat
0 Author: Arne Hackstein
0 !LDRAW_ORG Part UPDATE 1998-10
0 !LICENSE Redistributable under CCAL version 2.0 : see CAreadme.txt

0 !HISTORY 1998-03-23 [PTadmin] Official Update 1998-03
0 !HISTORY 1998-12-15 [PTadmin] Official Update 1998-10
0 !HISTORY 2007-07-23 [PTadmin] Header formatted for Contributor Agreement
0 !HISTORY 2008-07-01 [PTadmin] Official Update 2008-01

 1 16 0 4 0 1 0 0 0 -1 0 0 0 1 stud3.dat
 1 16 0 8 0 16 0 0 0 -4 0 0 0 6 box5.dat

 2 24 20 8 10 -20 8 10 
 2 24 -20 8 10 -20 8 -10 
 2 24 -20 8 -10 20 8 -10 
 2 24 20 8 -10 20 8 10 

 2 24 20 8 10 20 0 10 
 2 24 -20 8 10 -20 0 10 
 2 24 -20 8 -10 -20 0 -10 
 2 24 20 8 -10 20 0 -10 

 2 24 20 0 10 10 0 10 
 2 24 -10 0 10 -20 0 10 
 2 24 -20 0 10 -20 0 -10 
 2 24 -20 0 -10 -10 0 -10 
 2 24 10 0 -10 20 0 -10 
 2 24 20 0 -10 20 0 10 

 2 24 7 0 6 -7 0 6 
 2 24 -7 0 6 -7 0 -6 
 2 24 -7 0 -6 7 0 -6 
 2 24 7 0 -6 7 0 6 
 2 24 7 0 6 7 -22 6 
 2 24 -7 0 6 -7 -22 6 
 2 24 -7 0 -6 -7 -22 -6 
 2 24 7 0 -6 7 -22 -6 
 2 24 7 -22 6 -7 -22 6 
 2 24 -7 -22 -6 7 -22 -6 
 2 24 7 -22 6 7 -22 8 
 2 24 -7 -22 6 -7 -22 8 
 2 24 7 -22 -6 7 -22 -8 
 2 24 -7 -22 -6 -7 -22 -8 
 2 24 7 -22 8 -7 -22 8 
 2 24 -7 -22 -8 7 -22 -8 
 2 24 7 -22 8 7 -30 8 
 2 24 -7 -22 8 -7 -30 8 
 2 24 7 -22 -8 7 -30 -8 
 2 24 -7 -22 -8 -7 -30 -8 
 2 24 7 -30 8 -7 -30 8 
 2 24 -7 -30 -8 7 -30 -8 
 2 24 7 -30 8 7 -30 10 
 2 24 -7 -30 8 -7 -30 10 
 2 24 7 -30 -8 7 -30 -10 
 2 24 -7 -30 -8 -7 -30 -10 
 2 24 7 -30 10 -7 -30 10 
 2 24 -7 -30 -10 7 -30 -10 
 2 24 7 -30 10 7 -40 10 
 2 24 7 -30 -10 7 -40 -10 
 2 24 -7 -30 -10 -7 -40 -10 
 2 24 -7 -30 10 -7 -40 10 

 2 24 10 0 10 10 0 -10 
 2 24 -10 0 10 -10 0 -10 
 2 24 10 0 10 10 -40 10 
 2 24 10 0 -10 10 -40 -10 
 2 24 -10 0 -10 -10 -40 -10 
 2 24 -10 0 10 -10 -40 10 

 1 16 10 -28 0 0 0 0 4 0 0 0 0 4 4-4edge.dat
 1 16 10 -28 0 0 0 0 4 0 0 0 0 4 4-4ndis.dat
 1 16 7 -28 0 0 0 0 4 0 0 0 0 4 4-4edge.dat
 1 16 7 -28 0 0 0 0 4 0 0 0 0 4 4-4ndis.dat
 1 16 7 -28 0 0 3 0 4 0 0 0 0 4 4-4cyli.dat

 1 16 -10 -28 0 0 0 0 4 0 0 0 0 4 4-4edge.dat
 1 16 -10 -28 0 0 0 0 4 0 0 0 0 4 4-4ndis.dat
 1 16 -7 -28 0 0 0 0 4 0 0 0 0 4 4-4edge.dat
 1 16 -7 -28 0 0 0 0 4 0 0 0 0 4 4-4ndis.dat
 1 16 -10 -28 0 0 3 0 4 0 0 0 0 4 4-4cyli.dat

 1 16 10 -40 0 0 0 0 0 0 -10 10 0 0 2-4edge.dat
 1 16 10 -40 0 0 0 0 0 0 -10 10 0 0 2-4disc.dat
 1 16 7 -40 0 0 0 0 0 0 -10 10 0 0 2-4edge.dat
 1 16 7 -40 0 0 0 0 0 0 -10 10 0 0 2-4disc.dat
 1 16 7 -40 0 0 3 0 0 0 -10 10 0 0 2-4cyli.dat

 1 16 -10 -40 0 0 0 0 0 0 -10 10 0 0 2-4edge.dat
 1 16 -10 -40 0 0 0 0 0 0 -10 10 0 0 2-4disc.dat
 1 16 -7 -40 0 0 0 0 0 0 -10 10 0 0 2-4edge.dat
 1 16 -7 -40 0 0 0 0 0 0 -10 10 0 0 2-4disc.dat
 1 16 -10 -40 0 0 3 0 0 0 -10 10 0 0 2-4cyli.dat

 4 16 20 8 10 16 8 6 -16 8 6 -20 8 10 
 4 16 -20 8 10 -16 8 6 -16 8 -6 -20 8 -10 
 4 16 -20 8 -10 -16 8 -6 16 8 -6 20 8 -10 
 4 16 20 8 -10 16 8 -6 16 8 6 20 8 10 

 4 16 20 0 10 -20 0 10 -20 0 -10 20 0 -10 
 4 16 20 0 10 -20 0 10 -20 8 10 20 8 10 
 4 16 20 0 -10 -20 0 -10 -20 8 -10 20 8 -10 
 4 16 20 0 10 20 0 -10 20 8 -10 20 8 10 
 4 16 -20 0 10 -20 0 -10 -20 8 -10 -20 8 10 

 4 16 7 0 6 -7 0 6 -7 -22 6 7 -22 6 
 4 16 7 0 -6 -7 0 -6 -7 -22 -6 7 -22 -6 
 4 16 7 0 6 7 0 -6 7 -22 -6 7 -22 6 
 4 16 -7 0 6 -7 0 -6 -7 -22 -6 -7 -22 6 

 4 16 7 -22 8 7 -22 -8 7 -24 -8 7 -24 8 
 4 16 7 -24 8 7 -24 4 7 -32 4 7 -32 8 
 4 16 7 -24 -8 7 -24 -4 7 -32 -4 7 -32 -8 
 4 16 7 -30 10 7 -30 8 7 -40 8 7 -40 10 
 4 16 7 -30 -10 7 -30 -8 7 -40 -8 7 -40 -10 
 4 16 7 -32 8 7 -32 -8 7 -40 -8 7 -40 8 

 4 16 -7 -22 8 -7 -22 -8 -7 -24 -8 -7 -24 8 
 4 16 -7 -24 8 -7 -24 4 -7 -32 4 -7 -32 8 
 4 16 -7 -24 -8 -7 -24 -4 -7 -32 -4 -7 -32 -8 
 4 16 -7 -30 10 -7 -30 8 -7 -40 8 -7 -40 10 
 4 16 -7 -30 -10 -7 -30 -8 -7 -40 -8 -7 -40 -10 
 4 16 -7 -32 8 -7 -32 -8 -7 -40 -8 -7 -40 8 

 4 16 7 -22 6 7 -22 8 -7 -22 8 -7 -22 6 
 4 16 7 -22 -6 7 -22 -8 -7 -22 -8 -7 -22 -6 
 4 16 7 -22 8 -7 -22 8 -7 -30 8 7 -30 8 
 4 16 7 -22 -8 -7 -22 -8 -7 -30 -8 7 -30 -8 

 4 16 7 -30 8 7 -30 10 -7 -30 10 -7 -30 8 
 4 16 7 -30 -8 7 -30 -10 -7 -30 -10 -7 -30 -8 

 4 16 10 0 10 -10 0 10 -10 -30 10 10 -30 10 
 4 16 10 0 -10 -10 0 -10 -10 -30 -10 10 -30 -10 

 4 16 10 0 10 10 0 -10 10 -24 -10 10 -24 10 
 4 16 10 -24 10 10 -24 4 10 -32 4 10 -32 10 
 4 16 10 -24 -10 10 -24 -4 10 -32 -4 10 -32 -10 
 4 16 10 -32 10 10 -32 -10 10 -40 -10 10 -40 10 

 4 16 -10 0 10 -10 0 -10 -10 -24 -10 -10 -24 10 
 4 16 -10 -24 10 -10 -24 4 -10 -32 4 -10 -32 10 
 4 16 -10 -24 -10 -10 -24 -4 -10 -32 -4 -10 -32 -10 
 4 16 -10 -32 10 -10 -32 -10 -10 -40 -10 -10 -40 10 

 4 16 10 -30 10 7 -30 10 7 -40 10 10 -40 10 
 4 16 -10 -30 10 -7 -30 10 -7 -40 10 -10 -40 10 
 4 16 10 -30 -10 7 -30 -10 7 -40 -10 10 -40 -10 
 4 16 -10 -30 -10 -7 -30 -10 -7 -40 -10 -10 -40 -10 
