0 Train Level Crossing Gate Type 1 - Handle
0 Name: 816.dat
0 Author: Arne Hackstein
0 !LDRAW_ORG Part UPDATE 1998-10
0 !LICENSE Redistributable under CCAL version 2.0 : see CAreadme.txt

0 !HISTORY 1998-03-23 [PTadmin] Official Update 1998-03
0 !HISTORY 1998-12-15 [PTadmin] Official Update 1998-10
0 !HISTORY 2007-07-23 [PTadmin] Header formatted for Contributor Agreement
0 !HISTORY 2008-07-01 [PTadmin] Official Update 2008-01

 1 16 17 -28 0 0 0 0 -5.30 0 5.30 -5.30 0 -5.30 3-4edge.dat
 1 16 17 -28 0 0 -6 0 -5.30 0 5.30 -5.30 0 -5.30 3-4cyli.dat
 1 16 17 -28 0 0 0 0 7.50 0 0 0 0 7.50 4-4disc.dat
 1 16 11 -28 0 0 0 0 -5.30 0 5.30 -5.30 0 -5.30 3-4edge.dat
 1 16 11 -28 0 0 0 0 7.50 0 0 0 0 7.50 4-4disc.dat
 1 16 11 -28 0 0 0 0 4 0 0 0 0 4 4-4edge.dat
 1 16 6.50 -28 0 0 4.50 0 4 0 0 0 0 4 4-4cyli.dat
 1 16 6.50 -28 0 0 0 0 4 0 0 0 0 4 4-4edge.dat
 1 16 6.50 -28 0 0 0 0 4 0 0 0 0 4 4-4disc.dat
 1 16 -10 -28 0 0 0 0 -2.83 0 2.83 -2.83 0 -2.83 3-4edge.dat
 1 16 -10 -28 0 0 0 0 -2.83 0 2.83 -2.83 0 -2.83 3-4disc.dat
 1 16 -10 -28 0 0 16.50 0 -2.83 0 2.83 -2.83 0 -2.83 3-4cyli.dat

 2 24 6.50 -30.75 2.70 6.50 -30.75 -2.70 
 2 24 -10 -30.75 2.70 -10 -30.75 -2.70 

 2 24 11 -33.5 5.25 11 -63.5 5.25 
 2 24 11 -33.5 -5.25 11 -63.5 -5.25 
 2 24 11 -33.5 5.25 17 -33.5 5.25 
 2 24 11 -33.5 -5.25 17 -33.5 -5.25 
 2 24 17 -33.5 5.25 17 -63.5 5.25 
 2 24 17 -33.5 -5.25 17 -63.5 -5.25 

 2 24 11 -65.5 3.25 17 -65.5 3.25 
 2 24 11 -65.5 -3.25 17 -65.5 -3.25 

 2 24 11 -65.5 3.25 11 -77.5 3.25 
 2 24 11 -65.5 -3.25 11 -77.5 -3.25 
 2 24 17 -65.5 3.25 17 -77.5 3.25 
 2 24 17 -65.5 -3.25 17 -77.5 -3.25 

 2 24 11 -79.5 1.25 11 -79.5 -1.25 
 2 24 17 -79.5 1.25 17 -79.5 -1.25 

 1 16 11 -63.5 -3.25 0 0 0 -2 0 0 0 0 -2 1-4edge.dat
 1 16 11 -63.5 -3.25 0 0 0 -2 0 0 0 0 -2 1-4disc.dat
 1 16 11 -63.5 3.25 0 0 0 -2 0 0 0 0 2 1-4edge.dat
 1 16 11 -63.5 3.25 0 0 0 -2 0 0 0 0 2 1-4disc.dat
 1 16 11 -63.5 3.25 0 6 0 -2 0 0 0 0 2 1-4cyli.dat
 1 16 11 -63.5 -3.25 0 6 0 -2 0 0 0 0 -2 1-4cyli.dat
 1 16 17 -63.5 -3.25 0 0 0 -2 0 0 0 0 -2 1-4edge.dat
 1 16 17 -63.5 -3.25 0 0 0 -2 0 0 0 0 -2 1-4disc.dat
 1 16 17 -63.5 3.25 0 0 0 -2 0 0 0 0 2 1-4edge.dat
 1 16 17 -63.5 3.25 0 0 0 -2 0 0 0 0 2 1-4disc.dat

 1 16 11 -77.5 -1.25 0 0 0 -2 0 0 0 0 -2 1-4edge.dat
 1 16 11 -77.5 -1.25 0 0 0 -2 0 0 0 0 -2 1-4disc.dat
 1 16 11 -77.5 1.25 0 0 0 -2 0 0 0 0 2 1-4edge.dat
 1 16 11 -77.5 1.25 0 0 0 -2 0 0 0 0 2 1-4disc.dat
 1 16 11 -77.5 1.25 0 6 0 -2 0 0 0 0 2 1-4cyli.dat
 1 16 11 -77.5 -1.25 0 6 0 -2 0 0 0 0 -2 1-4cyli.dat
 1 16 17 -77.5 -1.25 0 0 0 -2 0 0 0 0 -2 1-4edge.dat
 1 16 17 -77.5 -1.25 0 0 0 -2 0 0 0 0 -2 1-4disc.dat
 1 16 17 -77.5 1.25 0 0 0 -2 0 0 0 0 2 1-4edge.dat
 1 16 17 -77.5 1.25 0 0 0 -2 0 0 0 0 2 1-4disc.dat

 4 16 6.50 -30.75 2.70 6.50 -30.75 -2.70 -10 -30.75 -2.70 -10 -30.75 2.70 
 4 16 -10 -30.75 2.70 -10 -30.75 -2.70 -10 -28 -2.70 -10 -28 2.70 

 4 16 11 -33.5 5.25 11 -33.5 -5.25 11 -63.5 -5.25 11 -63.5 5.25 
 4 16 17 -33.5 5.25 17 -33.5 -5.25 17 -63.5 -5.25 17 -63.5 5.25 
 4 16 11 -33.5 5.25 17 -33.5 5.25 17 -63.5 5.25 11 -63.5 5.25 
 4 16 11 -33.5 -5.25 17 -33.5 -5.25 17 -63.5 -5.25 11 -63.5 -5.25 

 4 16 11 -63.5 3.25 11 -63.5 -3.25 11 -77.5 -3.25 11 -77.5 3.25 
 4 16 17 -63.5 3.25 17 -63.5 -3.25 17 -77.5 -3.25 17 -77.5 3.25 
 4 16 11 -65.5 3.25 17 -65.5 3.25 17 -77.5 3.25 11 -77.5 3.25 
 4 16 11 -65.5 -3.25 17 -65.5 -3.25 17 -77.5 -3.25 11 -77.5 -3.25 

 4 16 11 -77.5 1.25 11 -77.5 -1.25 11 -79.5 -1.25 11 -79.5 1.25 
 4 16 17 -77.5 1.25 17 -77.5 -1.25 17 -79.5 -1.25 17 -79.5 1.25 
 4 16 11 -79.5 1.25 11 -79.5 -1.25 17 -79.5 -1.25 17 -79.5 1.25 
