0 Homemaker Cupboard  4 x  4 x  4
0 Name: 837.dat
0 Author: Arne Hackstein
0 !LDRAW_ORG Part UPDATE 1998-04
0 !LICENSE Redistributable under CCAL version 2.0 : see CAreadme.txt

0 !HISTORY 1998-04-11 [PTadmin] Official Update 1998-04
0 !HISTORY 2007-07-23 [PTadmin] Header formatted for Contributor Agreement
0 !HISTORY 2008-07-01 [PTadmin] Official Update 2008-01

 1 16 0 92 0 1 0 0 0 -1 0 0 0 1 stud4.dat
 1 16 20 92 20 1 0 0 0 -1 0 0 0 1 stud4.dat
 1 16 -20 92 20 1 0 0 0 -1 0 0 0 1 stud4.dat
 1 16 20 92 -20 1 0 0 0 -1 0 0 0 1 stud4.dat
 1 16 -20 92 -20 1 0 0 0 -1 0 0 0 1 stud4.dat

 4 16 40 96 40 36 96 36 -36 96 36 -40 96 40
 4 16 -40 96 40 -36 96 36 -36 96 -36 -40 96 -40
 3 16 40 96 -40 36 96 -36 36 96 -40
 4 16 36 96 -40 36 96 -36 35.5 96 -36 35.5 96 -40  
 4 16 35.5 96 -40 35.5 96 -37.5 32.5 96 -37.5 32.5 96 -40  
 4 16 32.5 96 -40 32.5 96 -36 -32.5 96 -36 -32.5 96 -40  
 4 16 -35.5 96 -40 -35.5 96 -37.5 -32.5 96 -37.5 -32.5 96 -40  
 4 16 -36 96 -40 -36 96 -36 -35.5 96 -36 -35.5 96 -40  
 3 16 -40 96 -40 -36 96 -36 -36 96 -40
 4 16 40 96 -40 36 96 -36 36 96 36 40 96 40

 2 24 40 96 40 -40 96 40
 2 24 -40 96 40 -40 96 -40
 2 24 -40 96 -40 40 96 -40
 2 24 40 96 -40 40 96 40

 2 24 36 96 36 -36 96 36
 2 24 -36 96 36 -36 96 -36
 2 24 -36 96 -36 -35.5 96 -36
 2 24 -32.5 96 -36 32.5 96 -36
 2 24 35.5 96 -36 36 96 -36
 2 24 36 96 -36 36 96 36

 2 24 36 92 36 -36 92 36
 2 24 -36 92 36 -36 92 -36
 2 24 -36 92 -36 -35.5 92 -36
 2 24 -32.5 92 -36 32.5 92 -36
 2 24 35.5 92 -36 36 92 -36
 2 24 36 92 -36 36 92 36

 2 24 36 88 36 -36 88 36
 2 24 -36 88 36 -36 88 -40
 2 24 -36 88 -40 36 88 -40
 2 24 36 88 -40 36 88 36

 2 24 36 48 36 -36 48 36
 2 24 -36 48 36 -36 48 -33
 2 24 -36 48 -33 36 48 -33
 2 24 36 48 -33 36 48 36

 2 24 36 44 36 -36 44 36
 2 24 -36 44 36 -36 44 -33
 2 24 -36 44 -33 36 44 -33
 2 24 36 44 -33 36 44 36

 2 24 36 4 36 -36 4 36
 2 24 -36 4 36 -36 4 -40
 2 24 -36 4 -40 36 4 -40
 2 24 36 4 -40 36 4 36

 2 24 40 0 40 -40 0 40
 2 24 -40 0 40 -40 0 -40
 2 24 -40 0 -40 40 0 -40
 2 24 40 0 -40 40 0 40

 2 24 36 92 36 36 96 36
 2 24 -36 92 36 -36 96 36
 2 24 36 92 -36 36 96 -36
 2 24 -36 92 -36 -36 96 -36

 2 24 36 48 36 36 88 36
 2 24 -36 48 36 -36 88 36
 2 24 36 4 -40 36 88 -40
 2 24 -36 4 -40 -36 88 -40

 2 24 36 4 36 36 44 36
 2 24 -36 4 36 -36 44 36
 2 24 36 48 -33 36 44 -33
 2 24 -36 48 -33 -36 44 -33

 2 24 40 0 40 40 96 40
 2 24 -40 0 40 -40 96 40
 2 24 40 0 -40 40 96 -40
 2 24 -40 0 -40 -40 96 -40

 1 16 34 96 -36 -1.5 0 0 0 4 0 0 0 -1.5 2-4edge.dat 
 1 16 34 96 -36 -1.5 0 0 0 4 0 0 0 -1.5 2-4ndis.dat 
 1 16 34 92 -36 -1.5 0 0 0 4 0 0 0 -1.5 2-4cyli.dat 
 1 16 34 92 -36 1.5 0 0 0 0 0 0 0 1.5 2-4edge.dat 
 1 16 34 92 -36 1.5 0 0 0 0 0 0 0 1.5 2-4ndis.dat 
 1 16 34 88 -36 1.5 0 0 0 0 0 0 0 1.5 4-4edge.dat 
 1 16 34 88 -36 1.5 0 0 0 0 0 0 0 1.5 4-4ndis.dat 
 1 16 34 88 -36 1.5 0 0 0 4 0 0 0 1.5 4-4cyli.dat 
 1 16 34 4 -36 1.5 0 0 0 0 0 0 0 1.5 4-4edge.dat 
 1 16 34 4 -36 1.5 0 0 0 0 0 0 0 1.5 4-4ndis.dat 
 1 16 34 0 -36 1.5 0 0 0 0 0 0 0 1.5 4-4edge.dat 
 1 16 34 0 -36 1.5 0 0 0 0 0 0 0 1.5 4-4ndis.dat 
 1 16 34 0 -36 1.5 0 0 0 4 0 0 0 1.5 4-4cyli.dat 

 1 16 -34 96 -36 -1.5 0 0 0 4 0 0 0 -1.5 2-4edge.dat 
 1 16 -34 96 -36 -1.5 0 0 0 4 0 0 0 -1.5 2-4ndis.dat 
 1 16 -34 92 -36 -1.5 0 0 0 4 0 0 0 -1.5 2-4cyli.dat 
 1 16 -34 92 -36 1.5 0 0 0 0 0 0 0 1.5 2-4edge.dat 
 1 16 -34 92 -36 1.5 0 0 0 0 0 0 0 1.5 2-4ndis.dat 
 1 16 -34 88 -36 1.5 0 0 0 0 0 0 0 1.5 4-4edge.dat 
 1 16 -34 88 -36 1.5 0 0 0 0 0 0 0 1.5 4-4ndis.dat 
 1 16 -34 88 -36 1.5 0 0 0 4 0 0 0 1.5 4-4cyli.dat 
 1 16 -34 4 -36 1.5 0 0 0 0 0 0 0 1.5 4-4edge.dat 
 1 16 -34 4 -36 1.5 0 0 0 0 0 0 0 1.5 4-4ndis.dat 
 1 16 -34 0 -36 1.5 0 0 0 0 0 0 0 1.5 4-4edge.dat 
 1 16 -34 0 -36 1.5 0 0 0 0 0 0 0 1.5 4-4ndis.dat 
 1 16 -34 0 -36 1.5 0 0 0 4 0 0 0 1.5 4-4cyli.dat 

 4 16 36 96 36 36 92 36 36 92 -36 36 96 -36
 4 16 36 96 36 36 92 36 -36 92 36 -36 96 36
 4 16 -36 96 36 -36 92 36 -36 92 -36 -36 96 -36
 4 16 36 96 -36 36 92 -36 35.5 92 -36 35.5 96 -36
 4 16 32.5 96 -36 32.5 92 -36 -32.5 92 -36 -32.5 96 -36
 4 16 -36 96 -36 -36 92 -36 -35.5 92 -36 -35.5 96 -36

 4 16 36 92 36 36 92 -34.5 -36 92 -34.5 -36 92 36
 4 16 36 92 -36 36 92 -34.5 35.5 92 -34.5 35.5 92 -36
 4 16 32.5 92 -36 32.5 92 -34.5 -32.5 92 -34.5 -32.5 92 -36
 4 16 -36 92 -36 -36 92 -34.5 -35.5 92 -34.5 -35.5 92 -36

 4 16 36 88 36 36 88 -34.5 -36 88 -34.5 -36 88 36
 4 16 36 88 -40 36 88 -34.5 35.5 88 -34.5 35.5 88 -40
 4 16 32.5 88 -40 32.5 88 -37.5 35.5 88 -37.5 35.5 88 -40
 4 16 32.5 88 -40 32.5 88 -34.5 -32.5 88 -34.5 -32.5 88 -40
 4 16 -36 88 -40 -36 88 -34.5 -35.5 88 -34.5 -35.5 88 -40
 4 16 -32.5 88 -40 -32.5 88 -37.5 -35.5 88 -37.5 -35.5 88 -40

 4 16 36 48 36 36 48 -33 -36 48 -33 -36 48 36

 4 16 36 44 36 36 44 -33 -36 44 -33 -36 44 36

 4 16 36 4 36 36 4 -34.5 -36 4 -34.5 -36 4 36
 4 16 36 4 -40 36 4 -34.5 35.5 4 -34.5 35.5 4 -40
 4 16 32.5 4 -40 32.5 4 -37.5 35.5 4 -37.5 35.5 4 -40
 4 16 32.5 4 -40 32.5 4 -34.5 -32.5 4 -34.5 -32.5 4 -40
 4 16 -36 4 -40 -36 4 -34.5 -35.5 4 -34.5 -35.5 4 -40
 4 16 -32.5 4 -40 -32.5 4 -37.5 -35.5 4 -37.5 -35.5 4 -40

 4 16 40 0 40 40 0 -34.5 -40 0 -34.5 -40 0 40
 4 16 40 0 -40 40 0 -34.5 35.5 0 -34.5 35.5 0 -40
 4 16 32.5 0 -40 32.5 0 -37.5 35.5 0 -37.5 35.5 0 -40
 4 16 32.5 0 -40 32.5 0 -34.5 -32.5 0 -34.5 -32.5 0 -40
 4 16 -40 0 -40 -40 0 -34.5 -35.5 0 -34.5 -35.5 0 -40
 4 16 -32.5 0 -40 -32.5 0 -37.5 -35.5 0 -37.5 -35.5 0 -40

 4 16 36 88 36 36 48 36 36 48 -40 36 88 -40
 4 16 -36 88 36 -36 48 36 -36 48 -40 -36 88 -40
 4 16 36 44 36 36 8 36 36 8 -40 36 44 -40
 4 16 -36 44 36 -36 8 36 -36 8 -40 -36 44 -40
 4 16 40 96 40 40 0 40 40 0 -40 40 96 -40
 4 16 -40 96 40 -40 0 40 -40 0 -40 -40 96 -40

 4 16 40 96 40 40 0 40 -40 0 40 -40 96 40
 4 16 36 88 36 36 48 36 -36 48 36 -36 88 36
 4 16 36 44 36 36 8 36 -36 8 36 -36 44 36
 4 16 40 96 -40 36 88 -40 -36 88 -40 -40 96 -40
 4 16 40 96 -40 36 88 -40 36 4 -40 40 0 -40
 4 16 -40 96 -40 -36 88 -40 -36 4 -40 -40 0 -40
 4 16 40 0 -40 36 4 -40 -36 4 -40 -40 0 -40
 4 16 36 48 -33 36 44 -33 -36 44 -33 -36 48 -33

 4 16 36 48 -33 36 44 -33 36 44 -40 36 48 -40
 4 16 -36 48 -33 -36 44 -33 -36 44 -40 -36 48 -40

 1 16 30 0 30 1 0 0 0 1 0 0 0 1 stud2.dat
 1 16 10 0 30 1 0 0 0 1 0 0 0 1 stud2.dat
 1 16 -10 0 30 1 0 0 0 1 0 0 0 1 stud2.dat
 1 16 -30 0 30 1 0 0 0 1 0 0 0 1 stud2.dat
 1 16 30 0 10 1 0 0 0 1 0 0 0 1 stud2.dat
 1 16 10 0 10 1 0 0 0 1 0 0 0 1 stud2.dat
 1 16 -10 0 10 1 0 0 0 1 0 0 0 1 stud2.dat
 1 16 -30 0 10 1 0 0 0 1 0 0 0 1 stud2.dat
 1 16 30 0 -10 1 0 0 0 1 0 0 0 1 stud2.dat
 1 16 10 0 -10 1 0 0 0 1 0 0 0 1 stud2.dat
 1 16 -10 0 -10 1 0 0 0 1 0 0 0 1 stud2.dat
 1 16 -30 0 -10 1 0 0 0 1 0 0 0 1 stud2.dat
 1 16 30 0 -30 1 0 0 0 1 0 0 0 1 stud2.dat
 1 16 10 0 -30 1 0 0 0 1 0 0 0 1 stud2.dat
 1 16 -10 0 -30 1 0 0 0 1 0 0 0 1 stud2.dat
 1 16 -30 0 -30 1 0 0 0 1 0 0 0 1 stud2.dat
