0 Homemaker Cupboard Door  4 x  4
0 Name: 838.dat
0 Author: Arne Hackstein
0 !LDRAW_ORG Part UPDATE 1998-04
0 !LICENSE Redistributable under CCAL version 2.0 : see CAreadme.txt

0 !HISTORY 1998-04-11 [PTadmin] Official Update 1998-04
0 !HISTORY 2007-07-23 [PTadmin] Header formatted for Contributor Agreement
0 !HISTORY 2008-07-01 [PTadmin] Official Update 2008-01

 2 24 -34 87.75 -37.5 35.75 87.75 -37.5
 2 24 -34 87.75 -34.5 35.75 87.75 -34.5
 2 24 35.75 87.75 -34.5 35.75 87.75 -37.5
0
 2 24 -34 4.25 -37.5 35.75 4.25 -37.5
 2 24 -34 4.25 -34.5 35.75 4.25 -34.5
 2 24 35.75 4.25 -34.5 35.75 4.25 -37.5
0
 2 24 35.75 87.75 -37.5 35.75 4.25 -37.5
 2 24 35.75 87.75 -34.5 35.75 4.25 -34.5
0
 1 16 -34 89.75 -36 1.5 0 0 0 0 0 0 0 1.5 4-4edge.dat
 1 16 -34 89.75 -36 1.5 0 0 0 0 0 0 0 1.5 4-4disc.dat
 1 16 -34 87.75 -36 0 0 -1.5 0 0 0 -1.5 0 0 2-4edge.dat
 1 16 -34 87.75 -36 1.5 0 0 0 2 0 0 0 1.5 4-4cyli.dat
 1 16 -34 4.25 -36 0 0 -1.5 0 84 0 -1.5 0 0 2-4cyli.dat
 1 16 -34 4.25 -36 0 0 -1.5 0 0 0 -1.5 0 0 2-4edge.dat
 1 16 -34 2.25 -36 1.5 0 0 0 0 0 0 0 1.5 4-4edge.dat
 1 16 -34 2.25 -36 1.5 0 0 0 0 0 0 0 1.5 4-4disc.dat
 1 16 -34 2.25 -36 1.5 0 0 0 2 0 0 0 1.5 4-4cyli.dat
0 
 2 24 26 41 -34.5 26 51 -34.5
 2 24 28 43 -34.5 28 49 -34.5
 2 24 24 43 -37.5 24 49 -37.5
 2 24 28 43 -37.5 28 49 -37.5
 2 24 26 41 -40.5 26 51 -40.5
 2 24 28 43 -40.5 28 49 -40.5
 2 24 24 43 -42.5 24 49 -42.5
 2 24 28 43 -42.5 28 49 -42.5
 2 24 26 41 -34.5 26 41 -40.5
 2 24 26 51 -34.5 26 51 -40.5
0
 1 16 26 43 -34.5 2 0 0 0 0 -2 0 0 0 1-4edge.dat
 1 16 26 43 -34.5 2 0 0 0 0 -2 0 0 0 1-4ndis.dat
 1 16 26 43 -34.5 2 0 0 0 0 -2 0 -3 0 1-4cyli.dat
 1 16 26 49 -34.5 2 0 0 0 0 2 0 0 0 1-4edge.dat
 1 16 26 49 -34.5 2 0 0 0 0 2 0 0 0 1-4ndis.dat
 1 16 26 49 -34.5 2 0 0 0 0 2 0 -3 0 1-4cyli.dat
 1 16 26 43 -37.5 2 0 0 0 0 -2 0 0 0 2-4edge.dat
 1 16 26 43 -37.5 2 0 0 0 0 -2 0 0 0 2-4ndis.dat
 1 16 26 49 -37.5 2 0 0 0 0 2 0 0 0 2-4edge.dat
 1 16 26 49 -37.5 2 0 0 0 0 2 0 0 0 2-4ndis.dat
 1 16 26 43 -40.5 -2 0 0 0 0 -2 0 0 0 1-4edge.dat
 1 16 26 43 -40.5 -2 0 0 0 0 -2 0 0 0 1-4disc.dat
 1 16 26 43 -40.5 -2 0 0 0 0 -2 0 3 0 1-4cyli.dat
 1 16 26 49 -40.5 -2 0 0 0 0 2 0 0 0 1-4edge.dat
 1 16 26 49 -40.5 -2 0 0 0 0 2 0 0 0 1-4disc.dat
 1 16 26 49 -40.5 -2 0 0 0 0 2 0 3 0 1-4cyli.dat
 1 16 26 43 -42.5 2 0 0 0 0 -2 0 0 0 2-4edge.dat
 1 16 26 43 -42.5 2 0 0 0 0 -2 0 0 0 2-4disc.dat
 1 16 26 43 -42.5 2 0 0 0 0 -2 0 2 0 2-4cyli.dat
 1 16 26 49 -42.5 2 0 0 0 0 2 0 0 0 2-4edge.dat
 1 16 26 49 -42.5 2 0 0 0 0 2 0 0 0 2-4disc.dat
 1 16 26 49 -42.5 2 0 0 0 0 2 0 2 0 2-4cyli.dat
0
 4 16 -34 87.75 -34.5 -34 4.25 -34.5 26 4.25 -34.5 26 87.75 -34.5
 4 16 26 87.75 -34.5 26 51 -34.5 35.75 51 -34.5 35.75 87.75 -34.5
 4 16 26 41 -34.5 26 4.25 -34.5 35.75 4.25 -34.5 35.75 41 -34.5
 4 16 28 41 -34.5 28 51 -34.5 35.75 51 -34.5 35.75 41 -34.5
0
 4 16 -34 87.75 -37.5 -34 4.25 -37.5 24 4.25 -37.5 24 87.75 -37.5
 4 16 24 87.75 -37.5 24 51 -37.5 35.75 51 -37.5 35.75 87.75 -37.5
 4 16 24 41 -37.5 24 4.25 -37.5 35.75 4.25 -37.5 35.75 41 -37.5
 4 16 28 41 -37.5 28 51 -37.5 35.75 51 -37.5 35.75 41 -37.5
0
 4 16 26 41 -34.5 26 51 -34.5 26 51 -40.5 26 41 -40.5
 4 16 28 43 -34.5 28 49 -34.5 28 49 -37.5 28 43 -37.5 
 4 16 24 43 -37.5 24 49 -37.5 24 49 -42.5 24 43 -42.5
 4 16 28 43 -40.5 28 49 -40.5 28 49 -42.5 28 43 -42.5
 4 16 26 43 -40.5 26 49 -40.5 28 49 -40.5 28 43 -40.5
 4 16 24 43 -42.5 24 49 -42.5 28 49 -42.5 28 43 -42.5 
0
 4 16 35.75 87.75 -37.5 35.75 87.75 -34.5 -34 87.75 -34.5 -34 87.75 -37.5
 4 16 35.75 4.25 -37.5 35.75 4.25 -34.5 -34 4.25 -34.5 -34 4.25 -37.5
 4 16 35.75 87.75 -37.5 35.75 87.75 -34.5 35.75 4.25 -34.5 35.75 4.25 -37.5
 4 16 35.75 87.75 -37.5 35.75 87.75 -34.5 35.75 4.25 -34.5 35.75 4.25 -37.5
