0 Homemaker Stove  4 x  4 x  3
0 Name: 841.dat
0 Author: Arne Hackstein
0 !LDRAW_ORG Part UPDATE 1998-04
0 !LICENSE Redistributable under CCAL version 2.0 : see CAreadme.txt

0 !HISTORY 1998-04-11 [PTadmin] Official Update 1998-04
0 !HISTORY 2007-07-23 [PTadmin] Header formatted for Contributor Agreement
0 !HISTORY 2008-07-01 [PTadmin] Official Update 2008-01

 1 16 20 56 20 1 0 0 0 -4 0 0 0 1 stud4.dat
 1 16 0 56 20 1 0 0 0 -4 0 0 0 1 stud4.dat
 1 16 -20 56 20 1 0 0 0 -4 0 0 0 1 stud4.dat
 1 16 20 56 0 1 0 0 0 -4 0 0 0 1 stud4.dat
 1 16 0 56 0 1 0 0 0 -4 0 0 0 1 stud4.dat
 1 16 -20 56 0 1 0 0 0 -4 0 0 0 1 stud4.dat
 1 16 20 56 -20 1 0 0 0 -4 0 0 0 1 stud4.dat
 1 16 0 56 -20 1 0 0 0 -4 0 0 0 1 stud4.dat
 1 16 -20 56 -20 1 0 0 0 -4 0 0 0 1 stud4.dat
 1 16 0 72 0 36 0 0 0 -16 0 0 0 36 box5.dat
0
 4 16 40 72 40 36 72 36 -36 72 36 -40 72 40 
 4 16 40 72 -40 36 72 -36 -36 72 -36 -40 72 -40 
 4 16 40 72 40 36 72 36 36 72 -36 40 72 -40 
 4 16 -40 72 40 -36 72 36 -36 72 -36 -40 72 -40 
0
 2 24 40 72 40 -40 72 40 
 2 24 -40 72 40 -40 72 -40 
 2 24 -40 72 -40 40 72 -40 
 2 24 40 72 -40 40 72 40 
0
 1 16 0 28 -40 0 0 36 24 0 0 0 76 0 box5.dat
 1 16 34.50 24.50 8 1.50 0 0 0 1.50 0 0 0 28 box.dat
 1 16 34.50 31.50 1 1.50 0 0 0 1.50 0 0 0 35 box.dat
 1 16 -34.50 24.50 8 1.50 0 0 0 1.50 0 0 0 28 box.dat
 1 16 -34.50 31.50 1 1.50 0 0 0 1.50 0 0 0 35 box.dat
0
 2 24 40 0 40 -40 0 40 
 2 24 -40 0 40 -40 0 -40 
 2 24 -40 0 -40 40 0 -40 
 2 24 40 0 -40 40 0 40 
0
 2 24 40 72 40 40 0 40 
 2 24 -40 72 40 -40 0 40 
 2 24 -40 72 -40 -40 0 -40 
 2 24 40 72 -40 40 0 -40 
0
 2 24 35.5 52 -40 35.5 52 -41.7
 2 24 35.5 52 -41.7 35.5 52.5 -43.8
 2 24 35.5 52.5 -43.8 35.5 53.7 -45.6
 2 24 35.5 53.7 -45.6 35.5 55.7 -47 
 2 24 35.5 55.7 -47 35.5 58.2 -47.5 
 2 24 35.5 58.2 -47.5 35.5 60.7 -47 
 2 24 35.5 60.7 -47 35.5 62.7 -45.6 
 1 16 35.5 62.7 -44.85 0 0 0 0 0 0.75 0.75 0 0 2-4edge.dat
 1 16 35.5 62.7 -44.85 0 0 0 0 0 0.75 0.75 0 0 2-4disc.dat
 2 24 35.5 62.7 -44.1 35.5 59 -43.75
 2 24 35.5 59 -43.75 35.5 57.5 -44
 1 16 35.5 57.5 -42 0 0 0 0 0 -2 -2 0 0 2-4edge.dat
 1 16 35.5 57.5 -42 0 0 0 0 0 -2 -2 0 0 2-4ndis.dat
0
 2 24 31.5 52 -40 31.5 52 -41.7
 2 24 31.5 52 -41.7 31.5 52.5 -43.8
 2 24 31.5 52.5 -43.8 31.5 53.7 -45.6
 2 24 31.5 53.7 -45.6 31.5 55.7 -47 
 2 24 31.5 55.7 -47 31.5 58.2 -47.5 
 2 24 31.5 58.2 -47.5 31.5 60.7 -47 
 2 24 31.5 60.7 -47 31.5 62.7 -45.6 
 1 16 31.5 62.7 -44.85 0 0 0 0 0 0.75 0.75 0 0 2-4edge.dat
 1 16 31.5 62.7 -44.85 0 0 0 0 0 0.75 0.75 0 0 2-4disc.dat
 2 24 31.5 62.7 -44.1 31.5 59 -43.75
 2 24 31.5 59 -43.75 31.5 57.5 -44
 1 16 31.5 57.5 -42 0 0 0 0 0 -2 -2 0 0 2-4edge.dat
 1 16 31.5 57.5 -42 0 0 0 0 0 -2 -2 0 0 2-4ndis.dat
 1 16 31.5 57.5 -42 0 4 0 0 0 -2 -2 0 0 2-4cyli.dat
0
 2 24 27.5 52 -40 27.5 52 -41.7
 2 24 27.5 52 -41.7 27.5 52.5 -43.8
 2 24 27.5 52.5 -43.8 27.5 53.7 -45.6
 2 24 27.5 53.7 -45.6 27.5 55.7 -47 
 2 24 27.5 55.7 -47 27.5 58.2 -47.5 
 2 24 27.5 58.2 -47.5 27.5 60.7 -47 
 2 24 27.5 60.7 -47 27.5 62.7 -45.6 
 1 16 27.5 62.7 -44.85 0 0 0 0 0 0.75 0.75 0 0 2-4edge.dat
 1 16 27.5 62.7 -44.85 0 0 0 0 0 0.75 0.75 0 0 2-4disc.dat
 2 24 27.5 62.7 -44.1 27.5 59 -43.75
 2 24 27.5 59 -43.75 27.5 57.5 -44
 1 16 27.5 57.5 -42 0 0 0 0 0 -2 -2 0 0 2-4edge.dat
 1 16 27.5 57.5 -42 0 0 0 0 0 -2 -2 0 0 2-4ndis.dat
0
 2 24 23.5 52 -40 23.5 52 -41.7
 2 24 23.5 52 -41.7 23.5 52.5 -43.8
 2 24 23.5 52.5 -43.8 23.5 53.7 -45.6
 2 24 23.5 53.7 -45.6 23.5 55.7 -47 
 2 24 23.5 55.7 -47 23.5 58.2 -47.5 
 2 24 23.5 58.2 -47.5 23.5 60.7 -47 
 2 24 23.5 60.7 -47 23.5 62.7 -45.6 
 1 16 23.5 62.7 -44.85 0 0 0 0 0 0.75 0.75 0 0 2-4edge.dat
 1 16 23.5 62.7 -44.85 0 0 0 0 0 0.75 0.75 0 0 2-4disc.dat
 2 24 23.5 62.7 -44.1 23.5 59 -43.75
 2 24 23.5 59 -43.75 23.5 57.5 -44
 1 16 23.5 57.5 -42 0 0 0 0 0 -2 -2 0 0 2-4edge.dat
 1 16 23.5 57.5 -42 0 0 0 0 0 -2 -2 0 0 2-4ndis.dat
 1 16 23.5 57.5 -42 0 4 0 0 0 -2 -2 0 0 2-4cyli.dat
0
 2 24 -35.5 52 -40 -35.5 52 -41.7
 2 24 -35.5 52 -41.7 -35.5 52.5 -43.8
 2 24 -35.5 52.5 -43.8 -35.5 53.7 -45.6
 2 24 -35.5 53.7 -45.6 -35.5 55.7 -47 
 2 24 -35.5 55.7 -47 -35.5 58.2 -47.5 
 2 24 -35.5 58.2 -47.5 -35.5 60.7 -47 
 2 24 -35.5 60.7 -47 -35.5 62.7 -45.6 
 1 16 -35.5 62.7 -44.85 0 0 0 0 0 0.75 0.75 0 0 2-4edge.dat
 1 16 -35.5 62.7 -44.85 0 0 0 0 0 0.75 0.75 0 0 2-4disc.dat
 2 24 -35.5 62.7 -44.1 -35.5 59 -43.75
 2 24 -35.5 59 -43.75 -35.5 57.5 -44
 1 16 -35.5 57.5 -42 0 0 0 0 0 -2 -2 0 0 2-4edge.dat
 1 16 -35.5 57.5 -42 0 0 0 0 0 -2 -2 0 0 2-4ndis.dat
0
 2 24 -31.5 52 -40 -31.5 52 -41.7
 2 24 -31.5 52 -41.7 -31.5 52.5 -43.8
 2 24 -31.5 52.5 -43.8 -31.5 53.7 -45.6
 2 24 -31.5 53.7 -45.6 -31.5 55.7 -47 
 2 24 -31.5 55.7 -47 -31.5 58.2 -47.5 
 2 24 -31.5 58.2 -47.5 -31.5 60.7 -47 
 2 24 -31.5 60.7 -47 -31.5 62.7 -45.6 
 1 16 -31.5 62.7 -44.85 0 0 0 0 0 0.75 0.75 0 0 2-4edge.dat
 1 16 -31.5 62.7 -44.85 0 0 0 0 0 0.75 0.75 0 0 2-4disc.dat
 2 24 -31.5 62.7 -44.1 -31.5 59 -43.75
 2 24 -31.5 59 -43.75 -31.5 57.5 -44
 1 16 -31.5 57.5 -42 0 0 0 0 0 -2 -2 0 0 2-4edge.dat
 1 16 -31.5 57.5 -42 0 0 0 0 0 -2 -2 0 0 2-4ndis.dat
 1 16 -31.5 57.5 -42 0 -4 0 0 0 -2 -2 0 0 2-4cyli.dat
0
 2 24 -27.5 52 -40 -27.5 52 -41.7
 2 24 -27.5 52 -41.7 -27.5 52.5 -43.8
 2 24 -27.5 52.5 -43.8 -27.5 53.7 -45.6
 2 24 -27.5 53.7 -45.6 -27.5 55.7 -47 
 2 24 -27.5 55.7 -47 -27.5 58.2 -47.5 
 2 24 -27.5 58.2 -47.5 -27.5 60.7 -47 
 2 24 -27.5 60.7 -47 -27.5 62.7 -45.6 
 1 16 -27.5 62.7 -44.85 0 0 0 0 0 0.75 0.75 0 0 2-4edge.dat
 1 16 -27.5 62.7 -44.85 0 0 0 0 0 0.75 0.75 0 0 2-4disc.dat
 2 24 -27.5 62.7 -44.1 -27.5 59 -43.75
 2 24 -27.5 59 -43.75 -27.5 57.5 -44
 1 16 -27.5 57.5 -42 0 0 0 0 0 -2 -2 0 0 2-4edge.dat
 1 16 -27.5 57.5 -42 0 0 0 0 0 -2 -2 0 0 2-4ndis.dat
0
 2 24 -23.5 52 -40 -23.5 52 -41.7
 2 24 -23.5 52 -41.7 -23.5 52.5 -43.8
 2 24 -23.5 52.5 -43.8 -23.5 53.7 -45.6
 2 24 -23.5 53.7 -45.6 -23.5 55.7 -47 
 2 24 -23.5 55.7 -47 -23.5 58.2 -47.5 
 2 24 -23.5 58.2 -47.5 -23.5 60.7 -47 
 2 24 -23.5 60.7 -47 -23.5 62.7 -45.6 
 1 16 -23.5 62.7 -44.85 0 0 0 0 0 0.75 0.75 0 0 2-4edge.dat
 1 16 -23.5 62.7 -44.85 0 0 0 0 0 0.75 0.75 0 0 2-4disc.dat
 2 24 -23.5 62.7 -44.1 -23.5 59 -43.75
 2 24 -23.5 59 -43.75 -23.5 57.5 -44
 1 16 -23.5 57.5 -42 0 0 0 0 0 -2 -2 0 0 2-4edge.dat
 1 16 -23.5 57.5 -42 0 0 0 0 0 -2 -2 0 0 2-4ndis.dat
 1 16 -23.5 57.5 -42 0 -4 0 0 0 -2 -2 0 0 2-4cyli.dat
0
 2 24 35.5 52 -40 35.5 57.5 -40
 2 24 31.5 52 -40 31.5 57.5 -40
 2 24 27.5 52 -40 27.5 57.5 -40
 2 24 23.5 52 -40 23.5 57.5 -40
0
 2 24 -35.5 52 -40 -35.5 57.5 -40
 2 24 -31.5 52 -40 -31.5 57.5 -40
 2 24 -27.5 52 -40 -27.5 57.5 -40
 2 24 -23.5 52 -40 -23.5 57.5 -40
0
 3 16 35.5 52 -40 35.5 52 -41.7 35.5 55.5 -40
 4 16 35.5 52 -41.7 35.5 55.5 -40 35.5 55.5 -44 35.5 52.5 -43.8
 3 16 35.5 55.5 -44 35.5 52.5 -43.8 35.5 53.7 -45.6
 4 16 35.5 55.5 -44 35.5 53.7 -45.6 35.5 55.7 -47 35.5 57.5 -44
 3 16 35.5 55.7 -47 35.5 57.5 -44 35.5 58.2 -47.5
 4 16 35.5 57.5 -44 35.5 58.2 -47.5 35.5 60.7 -47 35.5 59 -43.75
 4 16 35.5 60.7 -47 35.5 59 -43.75 35.5 62.7 -44.1 35.5 62.7 -45.6
0
 3 16 31.5 52 -40 31.5 52 -41.7 31.5 55.5 -40
 4 16 31.5 52 -41.7 31.5 55.5 -40 31.5 55.5 -44 31.5 52.5 -43.8
 3 16 31.5 55.5 -44 31.5 52.5 -43.8 31.5 53.7 -45.6
 4 16 31.5 55.5 -44 31.5 53.7 -45.6 31.5 55.7 -47 31.5 57.5 -44
 3 16 31.5 55.7 -47 31.5 57.5 -44 31.5 58.2 -47.5
 4 16 31.5 57.5 -44 31.5 58.2 -47.5 31.5 60.7 -47 31.5 59 -43.75
 4 16 31.5 60.7 -47 31.5 59 -43.75 31.5 62.7 -44.1 31.5 62.7 -45.6
0
 3 16 27.5 52 -40 27.5 52 -41.7 27.5 55.5 -40
 4 16 27.5 52 -41.7 27.5 55.5 -40 27.5 55.5 -44 27.5 52.5 -43.8
 3 16 27.5 55.5 -44 27.5 52.5 -43.8 27.5 53.7 -45.6
 4 16 27.5 55.5 -44 27.5 53.7 -45.6 27.5 55.7 -47 27.5 57.5 -44
 3 16 27.5 55.7 -47 27.5 57.5 -44 27.5 58.2 -47.5
 4 16 27.5 57.5 -44 27.5 58.2 -47.5 27.5 60.7 -47 27.5 59 -43.75
 4 16 27.5 60.7 -47 27.5 59 -43.75 27.5 62.7 -44.1 27.5 62.7 -45.6
0
 3 16 23.5 52 -40 23.5 52 -41.7 23.5 55.5 -40
 4 16 23.5 52 -41.7 23.5 55.5 -40 23.5 55.5 -44 23.5 52.5 -43.8
 3 16 23.5 55.5 -44 23.5 52.5 -43.8 23.5 53.7 -45.6
 4 16 23.5 55.5 -44 23.5 53.7 -45.6 23.5 55.7 -47 23.5 57.5 -44
 3 16 23.5 55.7 -47 23.5 57.5 -44 23.5 58.2 -47.5
 4 16 23.5 57.5 -44 23.5 58.2 -47.5 23.5 60.7 -47 23.5 59 -43.75
 4 16 23.5 60.7 -47 23.5 59 -43.75 23.5 62.7 -44.1 23.5 62.7 -45.6
0
 3 16 -35.5 52 -40 -35.5 52 -41.7 -35.5 55.5 -40
 4 16 -35.5 52 -41.7 -35.5 55.5 -40 -35.5 55.5 -44 -35.5 52.5 -43.8
 3 16 -35.5 55.5 -44 -35.5 52.5 -43.8 -35.5 53.7 -45.6
 4 16 -35.5 55.5 -44 -35.5 53.7 -45.6 -35.5 55.7 -47 -35.5 57.5 -44
 3 16 -35.5 55.7 -47 -35.5 57.5 -44 -35.5 58.2 -47.5
 4 16 -35.5 57.5 -44 -35.5 58.2 -47.5 -35.5 60.7 -47 -35.5 59 -43.75
 4 16 -35.5 60.7 -47 -35.5 59 -43.75 -35.5 62.7 -44.1 -35.5 62.7 -45.6
0
 3 16 -31.5 52 -40 -31.5 52 -41.7 -31.5 55.5 -40
 4 16 -31.5 52 -41.7 -31.5 55.5 -40 -31.5 55.5 -44 -31.5 52.5 -43.8
 3 16 -31.5 55.5 -44 -31.5 52.5 -43.8 -31.5 53.7 -45.6
 4 16 -31.5 55.5 -44 -31.5 53.7 -45.6 -31.5 55.7 -47 -31.5 57.5 -44
 3 16 -31.5 55.7 -47 -31.5 57.5 -44 -31.5 58.2 -47.5
 4 16 -31.5 57.5 -44 -31.5 58.2 -47.5 -31.5 60.7 -47 -31.5 59 -43.75
 4 16 -31.5 60.7 -47 -31.5 59 -43.75 -31.5 62.7 -44.1 -31.5 62.7 -45.6
0
 3 16 -27.5 52 -40 -27.5 52 -41.7 -27.5 55.5 -40
 4 16 -27.5 52 -41.7 -27.5 55.5 -40 -27.5 55.5 -44 -27.5 52.5 -43.8
 3 16 -27.5 55.5 -44 -27.5 52.5 -43.8 -27.5 53.7 -45.6
 4 16 -27.5 55.5 -44 -27.5 53.7 -45.6 -27.5 55.7 -47 -27.5 57.5 -44
 3 16 -27.5 55.7 -47 -27.5 57.5 -44 -27.5 58.2 -47.5
 4 16 -27.5 57.5 -44 -27.5 58.2 -47.5 -27.5 60.7 -47 -27.5 59 -43.75
 4 16 -27.5 60.7 -47 -27.5 59 -43.75 -27.5 62.7 -44.1 -27.5 62.7 -45.6
0
 3 16 -23.5 52 -40 -23.5 52 -41.7 -23.5 55.5 -40
 4 16 -23.5 52 -41.7 -23.5 55.5 -40 -23.5 55.5 -44 -23.5 52.5 -43.8
 3 16 -23.5 55.5 -44 -23.5 52.5 -43.8 -23.5 53.7 -45.6
 4 16 -23.5 55.5 -44 -23.5 53.7 -45.6 -23.5 55.7 -47 -23.5 57.5 -44
 3 16 -23.5 55.7 -47 -23.5 57.5 -44 -23.5 58.2 -47.5
 4 16 -23.5 57.5 -44 -23.5 58.2 -47.5 -23.5 60.7 -47 -23.5 59 -43.75
 4 16 -23.5 60.7 -47 -23.5 59 -43.75 -23.5 62.7 -44.1 -23.5 62.7 -45.6
0
 4 16 35.5 52 -40 31.5 52 -40 31.5 52 -41.7 35.5 52 -41.7 
 4 16 35.5 52 -41.7 31.5 52 -41.7 31.5 52.5 -43.8 35.5 52.5 -43.8 
 4 16 35.5 52.5 -43.8 31.5 52.5 -43.8 31.5 53.7 -45.6 35.5 53.7 -45.6 
 4 16 35.5 53.7 -45.6 31.5 53.7 -45.6 31.5 55.7 -47 35.5 55.7 -47 
 4 16 35.5 55.7 -47 31.5 55.7 -47 31.5 58.2 -47.5 35.5 58.2 -47.5 
 4 16 35.5 58.2 -47.5 31.5 58.2 -47.5 31.5 60.7 -47 35.5 60.7 -47 
 4 16 35.5 60.7 -47 31.5 60.7 -47 31.5 62.7 -45.6 35.5 62.7 -45.6 
 4 16 35.5 62.7 -44.1 31.5 62.7 -44.1 31.5 59 -43.75 35.5 59 -43.75 
 4 16 35.5 59 -43.75 31.5 59 -43.75 31.5 57.5 -44 35.5 57.5 -44 
0
 4 16 27.5 52 -40 23.5 52 -40 23.5 52 -41.7 27.5 52 -41.7 
 4 16 27.5 52 -41.7 23.5 52 -41.7 23.5 52.5 -43.8 27.5 52.5 -43.8 
 4 16 27.5 52.5 -43.8 23.5 52.5 -43.8 23.5 53.7 -45.6 27.5 53.7 -45.6 
 4 16 27.5 53.7 -45.6 23.5 53.7 -45.6 23.5 55.7 -47 27.5 55.7 -47 
 4 16 27.5 55.7 -47 23.5 55.7 -47 23.5 58.2 -47.5 27.5 58.2 -47.5 
 4 16 27.5 58.2 -47.5 23.5 58.2 -47.5 23.5 60.7 -47 27.5 60.7 -47 
 4 16 27.5 60.7 -47 23.5 60.7 -47 23.5 62.7 -45.6 27.5 62.7 -45.6 
 4 16 27.5 62.7 -44.1 23.5 62.7 -44.1 23.5 59 -43.75 27.5 59 -43.75 
 4 16 27.5 59 -43.75 23.5 59 -43.75 23.5 57.5 -44 27.5 57.5 -44 
0
 4 16 -35.5 52 -40 -31.5 52 -40 -31.5 52 -41.7 -35.5 52 -41.7 
 4 16 -35.5 52 -41.7 -31.5 52 -41.7 -31.5 52.5 -43.8 -35.5 52.5 -43.8 
 4 16 -35.5 52.5 -43.8 -31.5 52.5 -43.8 -31.5 53.7 -45.6 -35.5 53.7 -45.6 
 4 16 -35.5 53.7 -45.6 -31.5 53.7 -45.6 -31.5 55.7 -47 -35.5 55.7 -47 
 4 16 -35.5 55.7 -47 -31.5 55.7 -47 -31.5 58.2 -47.5 -35.5 58.2 -47.5 
 4 16 -35.5 58.2 -47.5 -31.5 58.2 -47.5 -31.5 60.7 -47 -35.5 60.7 -47 
 4 16 -35.5 60.7 -47 -31.5 60.7 -47 -31.5 62.7 -45.6 -35.5 62.7 -45.6 
 4 16 -35.5 62.7 -44.1 -31.5 62.7 -44.1 -31.5 59 -43.75 -35.5 59 -43.75 
 4 16 -35.5 59 -43.75 -31.5 59 -43.75 -31.5 57.5 -44 -35.5 57.5 -44 
0
 4 16 -27.5 52 -40 -23.5 52 -40 -23.5 52 -41.7 -27.5 52 -41.7 
 4 16 -27.5 52 -41.7 -23.5 52 -41.7 -23.5 52.5 -43.8 -27.5 52.5 -43.8 
 4 16 -27.5 52.5 -43.8 -23.5 52.5 -43.8 -23.5 53.7 -45.6 -27.5 53.7 -45.6 
 4 16 -27.5 53.7 -45.6 -23.5 53.7 -45.6 -23.5 55.7 -47 -27.5 55.7 -47 
 4 16 -27.5 55.7 -47 -23.5 55.7 -47 -23.5 58.2 -47.5 -27.5 58.2 -47.5 
 4 16 -27.5 58.2 -47.5 -23.5 58.2 -47.5 -23.5 60.7 -47 -27.5 60.7 -47 
 4 16 -27.5 60.7 -47 -23.5 60.7 -47 -23.5 62.7 -45.6 -27.5 62.7 -45.6 
 4 16 -27.5 62.7 -44.1 -23.5 62.7 -44.1 -23.5 59 -43.75 -27.5 59 -43.75 
 4 16 -27.5 59 -43.75 -23.5 59 -43.75 -23.5 57.5 -44 -27.5 57.5 -44 
0
 4 16 40 72 40 -40 72 40 -40 0 40 40 0 40 
 4 16 40 72 40 40 72 -40 40 0 -40 40 0 40 
 4 16 -40 72 40 -40 72 -40 -40 0 -40 -40 0 40 
 4 16 40 72 -40 -40 72 -40 -36 52 -40 36 52 -40 
 4 16 40 72 -40 36 52 -40 36 4 -40 40 0 -40 
 4 16 -40 72 -40 -36 52 -40 -36 4 -40 -40 0 -40 
 4 16 40 0 -40 -40 0 -40 -36 4 -40 36 4 -40 
 4 16 40 0 40 40 0 -40 -40 0 -40 -40 0 40 
0
 1 16 30 0 30 1 0 0 0 1 0 0 0 1 stud.dat
 1 16 10 0 30 1 0 0 0 1 0 0 0 1 stud.dat
 1 16 -10 0 30 1 0 0 0 1 0 0 0 1 stud.dat
 1 16 -30 0 30 1 0 0 0 1 0 0 0 1 stud.dat
 1 16 30 0 10 1 0 0 0 1 0 0 0 1 stud.dat
 1 16 10 0 10 1 0 0 0 1 0 0 0 1 stud.dat
 1 16 -10 0 10 1 0 0 0 1 0 0 0 1 stud.dat
 1 16 -30 0 10 1 0 0 0 1 0 0 0 1 stud.dat
 1 16 30 0 -10 1 0 0 0 1 0 0 0 1 stud.dat
 1 16 10 0 -10 1 0 0 0 1 0 0 0 1 stud.dat
 1 16 -10 0 -10 1 0 0 0 1 0 0 0 1 stud.dat
 1 16 -30 0 -10 1 0 0 0 1 0 0 0 1 stud.dat
 1 16 30 0 -30 1 0 0 0 1 0 0 0 1 stud.dat
 1 16 10 0 -30 1 0 0 0 1 0 0 0 1 stud.dat
 1 16 -10 0 -30 1 0 0 0 1 0 0 0 1 stud.dat
 1 16 -30 0 -30 1 0 0 0 1 0 0 0 1 stud.dat
