0 Tractor Chassis Steering Arm 
0 Name: 871.dat
0 Author: Arne Hackstein
0 !LDRAW_ORG Part UPDATE 1998-03
0 !LICENSE Redistributable under CCAL version 2.0 : see CAreadme.txt

0 !HISTORY 1998-03-23 [PTadmin] Official Update 1998-03
0 !HISTORY 2007-07-23 [PTadmin] Header formatted for Contributor Agreement
0 !HISTORY 2008-07-01 [PTadmin] Official Update 2008-01

 1 16 0 0 0 0 0 3.5 0 0 0 3.5 0 0 4-4edge.dat
 1 16 0 -74 0 0 0 3.5 0 0 0 3.5 0 0 4-4edge.dat
 1 16 0 -74 0 0 0 3.5 0 0 0 3.5 0 0 4-4disc.dat
 1 16 0 -74 0 0 0 3.5 0 74 0 3.5 0 0 4-4cyli.dat
 1 16 0 -74 0 0 0 2 0 0 0 2 0 0 4-4edge.dat
 1 16 0 -80 0 0 0 2 0 0 0 2 0 0 4-4edge.dat
 1 16 0 -80 0 0 0 2 0 0 0 2 0 0 4-4disc.dat
 1 16 0 -80 0 0 0 2 0 6 0 2 0 0 4-4cyli.dat

 1 16 0 0 0 0 0 -8 0 0 0 -8 0 0 2-4disc.dat
 1 16 0 0 0 0 0 -8 0 0 0 -8 0 0 2-4edge.dat
 1 16 0 0 0 0 0 -8 0 6 0 -8 0 0 2-4cyli.dat
 1 16 0 6 0 0 0 -8 0 0 0 -8 0 0 2-4edge.dat
 1 16 0 6 0 0 0 -8 0 0 0 -8 0 0 2-4disc.dat

 2 24 0 0 8 8 0 8
 2 24 8 0 8 10 0 9
 2 24 8 0 4.5 10 0 6
 2 24 8 0 1.5 11 0 1.5
 2 24 0 0 -8 8 0 -8
 2 24 8 0 -8 10 0 -9
 2 24 8 0 -4.5 10 0 -6
 2 24 8 0 -1.5 11 0 -1.5

 1 16 10 0 7.5 0 0 1.5 0 0 0 1.5 0 0 2-4edge.dat
 1 16 10 0 7.5 0 0 1.5 0 0 0 1.5 0 0 2-4disc.dat
 1 16 11 0 0 0 0 1.5 0 0 0 1.5 0 0 2-4edge.dat
 1 16 11 0 0 0 0 1.5 0 0 0 1.5 0 0 2-4disc.dat
 1 16 10 0 -7.5 0 0 1.5 0 0 0 1.5 0 0 2-4edge.dat
 1 16 10 0 -7.5 0 0 1.5 0 0 0 1.5 0 0 2-4disc.dat

 1 16 8 0 3 0 0 -1.5 0 0 0 -1.5 0 0 2-4edge.dat
 1 16 8 0 3 0 0 -1.5 0 0 0 -1.5 0 0 2-4ndis.dat
 1 16 8 0 -3 0 0 -1.5 0 0 0 -1.5 0 0 2-4edge.dat
 1 16 8 0 -3 0 0 -1.5 0 0 0 -1.5 0 0 2-4ndis.dat

 2 24 0 6 8 8 6 8
 2 24 8 6 8 10 6 9
 2 24 8 6 4.5 10 6 6
 2 24 8 6 1.5 11 6 1.5
 2 24 0 6 -8 8 6 -8
 2 24 8 6 -8 10 6 -9
 2 24 8 6 -4.5 10 6 -6
 2 24 8 6 -1.5 11 6 -1.5

 1 16 10 6 7.5 0 0 1.5 0 0 0 1.5 0 0 2-4edge.dat
 1 16 10 6 7.5 0 0 1.5 0 0 0 1.5 0 0 2-4disc.dat
 1 16 11 6 0 0 0 1.5 0 0 0 1.5 0 0 2-4edge.dat
 1 16 11 6 0 0 0 1.5 0 0 0 1.5 0 0 2-4disc.dat
 1 16 10 6 -7.5 0 0 1.5 0 0 0 1.5 0 0 2-4edge.dat
 1 16 10 6 -7.5 0 0 1.5 0 0 0 1.5 0 0 2-4disc.dat

 1 16 8 6 3 0 0 -1.5 0 0 0 -1.5 0 0 2-4edge.dat
 1 16 8 6 3 0 0 -1.5 0 0 0 -1.5 0 0 2-4ndis.dat
 1 16 8 6 -3 0 0 -1.5 0 0 0 -1.5 0 0 2-4edge.dat
 1 16 8 6 -3 0 0 -1.5 0 0 0 -1.5 0 0 2-4ndis.dat


 1 16 10 0 7.5 0 0 1.5 0 6 0 1.5 0 0 2-4cyli.dat
 1 16 11 0 0 0 0 1.5 0 6 0 1.5 0 0 2-4cyli.dat
 1 16 10 0 -7.5 0 0 1.5 0 6 0 1.5 0 0 2-4cyli.dat
 1 16 8 0 3 0 0 -1.5 0 6 0 -1.5 0 0 2-4cyli.dat
 1 16 8 0 -3 0 0 -1.5 0 6 0 -1.5 0 0 2-4cyli.dat

 4 16 0 6 8 8 6 8 8 0 8 0 0 8
 4 16 8 6 8 10 6 9 10 0 9 8 0 8
 4 16 8 6 4.5 10 6 6 10 0 6 8 0 4.5
 4 16 8 6 1.5 11 6 1.5 11 0 1.5 8 0 1.5
 4 16 0 6 -8 8 6 -8 8 0 -8 0 0 -8
 4 16 8 6 -8 10 6 -9 10 0 -9 8 0 -8
 4 16 8 6 -4.5 10 6 -6 10 0 -6 8 0 -4.5
 4 16 8 6 -1.5 11 6 -1.5 11 0 -1.5 8 0 -1.5

 4 16 0 0 8 6.5 0 8 6.5 0 -8 0 0 -8
 4 16 6.5 0 8 8 0 8 8 0 4.5 6.5 0 4.5
 4 16 6.5 0 -8 8 0 -8 8 0 -4.5 6.5 0 -4.5
 4 16 8 0 8 8 0 4.5 10 0 6 10 0 9
 4 16 8 0 -8 8 0 -4.5 10 0 -6 10 0 -9
 4 16 6.5 0 1.5 6.5 0 -1.5 11 0 -1.5 11 0 1.5

 4 16 0 6 8 6.5 6 8 6.5 6 -8 0 6 -8
 4 16 6.5 6 8 8 6 8 8 6 4.5 6.5 6 4.5
 4 16 6.5 6 -8 8 6 -8 8 6 -4.5 6.5 6 -4.5
 4 16 8 6 8 8 6 4.5 10 6 6 10 6 9
 4 16 8 6 -8 8 6 -4.5 10 6 -6 10 6 -9
 4 16 6.5 6 1.5 6.5 6 -1.5 11 6 -1.5 11 6 1.5
