0 Tractor Chassis Center Steering Link 
0 Name: 872.dat
0 Author: Arne Hackstein
0 !LDRAW_ORG Part UPDATE 1998-03
0 !LICENSE Redistributable under CCAL version 2.0 : see CAreadme.txt

0 !HISTORY 1998-03-23 [PTadmin] Official Update 1998-03
0 !HISTORY 2007-07-23 [PTadmin] Header formatted for Contributor Agreement
0 !HISTORY 2008-07-01 [PTadmin] Official Update 2008-01

 1 16 0 4 0 0 0 4.50 0 0 0 4.50 0 0 4-4edge.dat
 1 16 0 4 0 0 0 4.50 0 0 0 4.50 0 0 4-4disc.dat
 1 16 0 12 0 0 0 4.50 0 0 0 4.50 0 0 4-4edge.dat
 1 16 0 12 0 0 0 4.50 0 -8 0 4.50 0 0 4-4cyli.dat
0
 2 24 -17.75 12 6 15.25 12 6 
 2 24 -17.75 12 -6 15.25 12 -6 
 2 24 -17.75 17 6 15.25 17 6 
 2 24 -17.75 17 -6 15.25 17 -6 
0
 2 24 15.25 12 6 19.5 12 5.25 
 2 24 15.25 12 -6 19.5 12 -5.25 
 2 24 15.25 17 6 19.5 17 5.25 
 2 24 15.25 17 -6 19.5 17 -5.25 
0
 2 24 17.5 12 2.25 19.5 12 2.25 
 2 24 17.5 12 -2.25 19.5 12 -2.25 
 2 24 17.5 17 2.25 19.5 17 2.25 
 2 24 17.5 17 -2.25 19.5 17 -2.25 
0
 2 24 -17.75 12 6 -20.35 6 6 
 2 24 -20.35 6 6 -28 8.75 6 
 2 24 -28 8.75 6 -27.40 10.60 6 
 2 24 -27.40 10.60 6 -21.50 8.35 6 
 2 24 -21.50 8.35 6 -17.75 17 6 
0
 2 24 -17.75 12 -6 -20.35 6 -6 
 2 24 -20.35 6 -6 -28 8.75 -6 
 2 24 -28 8.75 -6 -27.40 10.60 -6 
 2 24 -27.40 10.60 -6 -21.50 8.35 -6 
 2 24 -21.50 8.35 -6 -17.75 17 -6 
0
 2 24 -17.75 17 6 -17.75 17 -6 
 2 24 -17.75 12 6 -17.75 12 -6 
 2 24 -20.35 6 6 -20.35 6 -6 
 2 24 -28 8.75 6 -28 8.75 -6 
 2 24 -27.40 10.60 6 -27.40 10.60 -6 
0
 2 24 -17.75 17 6 -21.5 18.5 5.25 
 2 24 -17.75 17 -6 -21.5 18.5 -5.25
 2 24 -21.5 8.35 6 -25.25 9.85 5.25 
 2 24 -21.5 8.35 -6 -25.25 9.85 -5.25 
0
 2 24 -19.9 17.8 2.25 -21.5 18.5 2.25
 2 24 -23.5 9.25 2.25 -25 9.75 2.25
 2 24 -19.9 17.8 -2.25 -21.5 18.5 -2.25
 2 24 -23.5 9.25 -2.25 -25 9.75 -2.25
0
 1 16 -23.50 9.25 0 0 0 2.08 0 0 -0.86 2.25 0 0 2-4edge.dat
 1 16 -25 9.75 3.75 0 0 -1.39 0 0 0.57 -1.50 0 0 2-4edge.dat
 1 16 -25 9.75 -3.75 0 0 -1.39 0 0 0.57 -1.50 0 0 2-4edge.dat
0
 1 16 -19.9 17.8 0 0 0 2.08 0 0 -0.86 2.25 0 0 2-4edge.dat
 1 16 -19.9 17.8 0 0 0 2.08 0 0 -0.86 2.25 0 0 2-4ndis.dat
 1 16 -21.5 18.5 3.75 0 0 -1.39 0 0 0.57 -1.50 0 0 2-4edge.dat
 1 16 -21.5 18.5 3.75 0 0 -1.39 0 0 0.57 -1.50 0 0 2-4disc.dat
 1 16 -21.5 18.5 -3.75 0 0 -1.39 0 0 0.57 -1.50 0 0 2-4edge.dat
 1 16 -21.5 18.5 -3.75 0 0 -1.39 0 0 0.57 -1.50 0 0 2-4disc.dat
0
 1 16 -19.9 17.8 0 0 -3.64 2.08 0 -8.78 -0.86 2.25 0 0 2-4cyli.dat
 1 16 -21.5 18.5 3.75 0 -3.64 -1.39 0 -8.78 0.57 -1.50 0 0 2-4cyli.dat
 1 16 -21.5 18.5 -3.75 0 -3.64 -1.39 0 -8.78 0.57 -1.50 0 0 2-4cyli.dat
0
 1 16 17.5 12 0 0 0 -2.25 0 0 0 -2.25 0 0 2-4edge.dat
 1 16 17.5 12 0 0 0 -2.25 0 0 0 -2.25 0 0 2-4ndis.dat
 1 16 19.5 12 3.75 0 0 1.50 0 0 0 1.50 0 0 2-4edge.dat
 1 16 19.5 12 3.75 0 0 1.50 0 0 0 1.50 0 0 2-4disc.dat
 1 16 19.5 12 -3.75 0 0 1.50 0 0 0 1.50 0 0 2-4edge.dat
 1 16 19.5 12 -3.75 0 0 1.50 0 0 0 1.50 0 0 2-4disc.dat
0
 1 16 17.5 17 0 0 0 -2.25 0 0 0 -2.25 0 0 2-4edge.dat
 1 16 17.5 17 0 0 0 -2.25 0 0 0 -2.25 0 0 2-4ndis.dat
 1 16 19.5 17 3.75 0 0 1.50 0 0 0 1.50 0 0 2-4edge.dat
 1 16 19.5 17 3.75 0 0 1.50 0 0 0 1.50 0 0 2-4disc.dat
 1 16 19.5 17 -3.75 0 0 1.50 0 0 0 1.50 0 0 2-4edge.dat
 1 16 19.5 17 -3.75 0 0 1.50 0 0 0 1.50 0 0 2-4disc.dat
0
 1 16 17.5 17 0 0 0 -2.25 0 -5 0 -2.25 0 0 2-4cyli.dat
 1 16 19.5 17 3.75 0 0 1.50 0 -5 0 1.50 0 0 2-4cyli.dat
 1 16 19.5 17 -3.75 0 0 1.50 0 -5 0 1.50 0 0 2-4cyli.dat
0 
 4 16 -17.75 12 6 15.25 12 6 15.25 12 -6 -17.75 12 -6 
 4 16 -17.75 17 6 15.25 17 6 15.25 17 -6 -17.75 17 -6 
 4 16 15.25 12 6 19.5 12 5.25 19.5 12 2.25 15.25 12 2.25 
 4 16 15.25 12 -6 19.5 12 -5.25 19.5 12 -2.25 15.25 12 -2.25 
 4 16 15.25 17 6 19.5 17 5.25 19.5 17 2.25 15.25 17 2.25 
 4 16 15.25 17 -6 19.5 17 -5.25 19.5 17 -2.25 15.25 17 -2.25 
0
 4 16 -17.75 12 6 15.25 12 6 15.25 17 6 -17.75 17 6 
 4 16 -17.75 12 -6 15.25 12 -6 15.25 17 -6 -17.75 17 -6 
 4 16 15.25 12 6 19.5 12 5.25 19.5 17 5.25 15.25 17 6 
 4 16 15.25 12 -6 19.5 12 -5.25 19.5 17 -5.25 15.25 17 -6 

 4 16 17.5 12 2.25 19.5 12 2.25 19.5 17 2.25 17.5 17 2.25 
 4 16 17.5 12 -2.25 19.5 12 -2.25 19.5 17 -2.25 17.5 17 -2.25 
0
 4 16 -17.75 12 6 -20.35 6 6 -20.35 6 -6 -17.75 12 -6 
 4 16 -20.35 6 6 -28 8.75 6 -28 8.75 -6 -20.35 6 -6
 4 16 -28 8.75 6 -27.40 10.60 6 -27.40 10.60 -6 -28 8.75 -6
 4 16 -27.40 10.60 6 -21.50 8.35 6 -21.50 8.35 -6 -27.40 10.60 -6
0
 4 16 -17.75 12 6 -20.35 6 6 -21.50 8.35 6 -17.75 17 6 
 4 16 -17.75 12 -6 -20.35 6 -6 -21.50 8.35 -6 -17.75 17 -6 
 4 16 -20.35 6 6 -28 8.75 6 -27.40 10.60 6 -21.50 8.35 6
 4 16 -20.35 6 -6 -28 8.75 -6 -27.40 10.60 -6 -21.50 8.35 -6
0
 4 16 -17.75 17 6 -21.50 18.5 5.25 -25.25 9.85 5.25 -21.50 8.35 6 
 4 16 -17.75 17 -6 -21.50 18.5 -5.25 -25.25 9.85 -5.25 -21.50 8.35 -6 
0
 4 16 -19.9 17.8 2.25 -21.5 18.5 2.25 -25 9.75 2.25 -23.5 9.25 2.25
 4 16 -19.9 17.8 -2.25 -21.5 18.5 -2.25 -25 9.75 -2.25 -23.5 9.25 -2.25
0
 4 16 -21.5 18.5 2.25 -17.75 17 2.25 -17.75 17 6 -21.5 18.5 5.25
 4 16 -21.5 18.5 -2.25 -17.75 17 -2.25 -17.75 17 -6 -21.5 18.5 -5.25
