0 Tractor Chassis End Steering Link
0 Name: 873.dat
0 Author: Arne Hackstein
0 !LDRAW_ORG Part UPDATE 1998-03
0 !LICENSE Redistributable under CCAL version 2.0 : see CAreadme.txt

0 !HISTORY 1998-03-23 [PTadmin] Official Update 1998-03
0 !HISTORY 2007-07-23 [PTadmin] Header formatted for Contributor Agreement
0 !HISTORY 2008-07-01 [PTadmin] Official Update 2008-01

1 16 0 12 0 0 0 4 0 0 0 4 0 0 4-4edge.dat
1 16 0 8 0 0 0 4 0 0 0 4 0 0 4-4edge.dat
1 16 0 8 0 0 0 4 0 4 0 4 0 0 4-4cyli.dat
1 16 0 8 0 0 0 5 0 0 0 5 0 0 4-4edge.dat
1 16 0 7 0 0 0 5 0 0 0 5 0 0 4-4edge.dat
1 16 0 7 0 0 0 5 0 1 0 5 0 0 4-4cyli.dat
1 16 0 7 0 0 0 5 0 -6 0 5 0 0 4-8sphe.dat
0
2 24 -8 12 8 8 12 8
2 24 8 12 8 10 12 9
2 24 8 12 4.50 10 12 6
2 24 8 12 1.50 11 12 1.50
2 24 -8 12 -8 8 12 -8
2 24 8 12 -8 10 12 -9
2 24 8 12 -4.50 10 12 -6
2 24 8 12 -1.50 11 12 -1.50
2 24 -8 12 8 -8 12 -8
0
1 16 10 12 7.50 0 0 1.50 0 0 0 1.50 0 0 2-4edge.dat
1 16 10 12 7.50 0 0 1.50 0 0 0 1.50 0 0 2-4disc.dat
1 16 11 12 0 0 0 1.50 0 0 0 1.50 0 0 2-4edge.dat
1 16 11 12 0 0 0 1.50 0 0 0 1.50 0 0 2-4disc.dat
1 16 10 12 -7.50 0 0 1.50 0 0 0 1.50 0 0 2-4edge.dat
1 16 10 12 -7.50 0 0 1.50 0 0 0 1.50 0 0 2-4disc.dat
0
1 16 8 12 3 0 0 -1.50 0 0 0 -1.50 0 0 2-4edge.dat
1 16 8 12 3 0 0 -1.50 0 0 0 -1.50 0 0 2-4ndis.dat
1 16 8 12 -3 0 0 -1.50 0 0 0 -1.50 0 0 2-4edge.dat
1 16 8 12 -3 0 0 -1.50 0 0 0 -1.50 0 0 2-4ndis.dat
0
2 24 -8 17 8 8 17 8
2 24 8 17 8 10 17 9
2 24 8 17 4.50 10 17 6
2 24 8 17 1.50 11 17 1.50
2 24 -8 17 -8 8 17 -8
2 24 8 17 -8 10 17 -9
2 24 8 17 -4.50 10 17 -6
2 24 8 17 -1.50 11 17 -1.50
0
2 24 -8 17 8 -8 12 8
2 24 -8 17 -8 -8 12 -8
0
1 16 10 17 7.50 0 0 1.50 0 0 0 1.50 0 0 2-4edge.dat
1 16 11 17 0 0 0 1.50 0 0 0 1.50 0 0 2-4edge.dat
1 16 10 17 -7.50 0 0 1.50 0 0 0 1.50 0 0 2-4edge.dat
1 16 8 17 3 0 0 -1.50 0 0 0 -1.50 0 0 2-4edge.dat
1 16 8 17 -3 0 0 -1.50 0 0 0 -1.50 0 0 2-4edge.dat
0
1 16 10 12 7.50 0 0 1.50 0 5 0 1.50 0 0 2-4cyli.dat
1 16 11 12 0 0 0 1.50 0 5 0 1.50 0 0 2-4cyli.dat
1 16 10 12 -7.50 0 0 1.50 0 5 0 1.50 0 0 2-4cyli.dat
1 16 8 12 3 0 0 -1.50 0 5 0 -1.50 0 0 2-4cyli.dat
1 16 8 12 -3 0 0 -1.50 0 5 0 -1.50 0 0 2-4cyli.dat
0
2 24 -8 17 9 -8 17 8
2 24 -8 17 -9 -8 17 -8
2 24 -8 17 -9 13 17 -9
2 24 13 17 9 -8 17 9
0
2 24 -8 20 9 -8 20 6
2 24 -8 20 -6 -8 20 -9
2 24 -8 20 -9 13 20 -9
2 24 13 20 9 -8 20 9
0
2 24 -8 20 9 -8 17 9
2 24 -8 20 -9 -8 17 -9
0
2 24 -8 20 6 2 20 6
2 24 -8 20 -6 2 20 -6
2 24 2 20 6 2 20 -6
0
2 24 -8 36 6 -8 36 -6
2 24 -8 36 6 2 36 6
2 24 -8 36 -6 2 36 -6
2 24 2 36 6 2 36 -6
0
2 24 -8 20 6 -8 36 6
2 24 -8 20 -6 -8 36 -6
2 24 2 20 6 2 36 6
2 24 2 20 -6 2 36 -6
0
1 16 4 17 0 9 0 9 0 0 0 9 0 -9 1-4edge.dat
1 16 4 17 0 9 0 9 0 0 0 9 0 -9 1-4disc.dat
1 16 4 17 0 9 0 9 0 3 0 9 0 -9 1-4cyli.dat
1 16 4 20 0 9 0 9 0 0 0 9 0 -9 1-4edge.dat
1 16 4 20 0 9 0 9 0 0 0 9 0 -9 1-4disc.dat
0
4 16 -8 17 8 -8 17 -8 -8 12 -8 -8 12 8
4 16 -8 17 8 8 17 8 8 12 8 -8 12 8
4 16 8 17 8 10 17 9 10 12 9 8 12 8
4 16 8 17 4.50 10 17 6 10 12 6 8 12 4.50
4 16 8 17 1.50 11 17 1.50 11 12 1.50 8 12 1.50
4 16 -8 17 -8 8 17 -8 8 12 -8 -8 12 -8
4 16 8 17 -8 10 17 -9 10 12 -9 8 12 -8
4 16 8 17 -4.50 10 17 -6 10 12 -6 8 12 -4.50
4 16 8 17 -1.50 11 17 -1.50 11 12 -1.50 8 12 -1.50
0
4 16 -8 12 8 6.50 12 8 6.50 12 -8 -8 12 -8
4 16 6.50 12 8 8 12 8 8 12 4.50 6.50 12 4.50
4 16 6.50 12 -8 8 12 -8 8 12 -4.50 6.50 12 -4.50
4 16 8 12 8 8 12 4.50 10 12 6 10 12 9
4 16 8 12 -8 8 12 -4.50 10 12 -6 10 12 -9
4 16 6.50 12 1.50 6.50 12 -1.50 11 12 -1.50 11 12 1.50
0
4 16 -8 17 9 -8 17 -9 -8 20 -9 -8 20 9
4 16 -8 17 9 13 17 9 13 20 9 -8 20 9
4 16 -8 17 -9 13 17 -9 13 20 -9 -8 20 -9
4 16 -8 17 9 13 17 9 13 17 -9 -8 17 -9
4 16 -8 20 9 13 20 9 13 20 -9 -8 20 -9
0
4 16 2 36 6 2 36 -6 -8 36 -6 -8 36 6
4 16 2 20 6 2 20 -6 -8 20 -6 -8 20 6
4 16 2 36 6 2 20 6 -8 20 6 -8 36 6
4 16 -8 36 6 -8 20 6 -8 20 -6 -8 36 -6
4 16 -8 36 -6 -8 20 -6 2 20 -6 2 36 -6
4 16 2 36 -6 2 20 -6 2 20 6 2 36 6
