0 Tractor Chassis Steering Wheel
0 Name: 874.dat
0 Author: Arne Hackstein
0 !LDRAW_ORG Part UPDATE 1998-03
0 !LICENSE Redistributable under CCAL version 2.0 : see CAreadme.txt

0 !HISTORY 1998-03-23 [PTadmin] Official Update 1998-03
0 !HISTORY 2007-07-23 [PTadmin] Header formatted for Contributor Agreement
0 !HISTORY 2008-07-01 [PTadmin] Official Update 2008-01

 1 16 0 19 0 3.5 0 0 0 0 0 0 0 3.5 4-4edge.dat
 1 16 0 19 0 3.5 0 0 0 0 0 0 0 3.5 ring1.dat
 1 16 0 19 0 5 0 0 0 0 0 0 0 5 ring1.dat
 1 16 0 19 0 10 0 0 0 0 0 0 0 10 4-4edge.dat
 1 16 0 9 0 3.5 0 0 0 0 0 0 0 3.5 4-4edge.dat
 1 16 0 9 0 2 0 0 0 0 0 0 0 2 4-4edge.dat
 1 16 0 9 0 2 0 0 0 0 0 0 0 2 ring1.dat
 1 16 0 3 0 2 0 0 0 0 0 0 0 2 4-4edge.dat
 1 16 0 3 0 2 0 0 0 0 0 0 0 2 4-4disc.dat
 1 16 0 0 0 10 0 0 0 0 0 0 0 10 4-4edge.dat
 1 16 0 0 0 12 0 0 0 0 0 0 0 12 4-4edge.dat
 1 16 0 0 0 12 0 0 0 0 0 0 0 12 4-4disc.dat
 1 16 0 -2 0 12 0 0 0 0 0 0 0 12 4-4edge.dat
 1 16 0 -2 0 12 0 0 0 0 0 0 0 12 4-4disc.dat
 1 16 0 -2 0 1 0 0 0 1 0 0 0 1 stud.dat
0
 1 16 0 19 0 3.5 0 0 0 -10 0 0 0 3.5 4-4cyli.dat
 1 16 0 9 0 2 0 0 0 -6 0 0 0 2 4-4cyli.dat
 1 16 0 0 0 10 0 0 0 19 0 0 0 10 4-4cyli.dat
 1 16 0 -2 0 12 0 0 0 2 0 0 0 12 4-4cyli.dat
0
 2 24 4 1 9.18 4 -2 24.02
 2 24 -4 1 9.18 -4 -2 24.02 
 2 24 4 17 9.18 4 2 24.02 
 2 24 -4 17 9.18 -4 2 24.02 
 2 24 4 1 9.18 4 17 9.18 
 2 24 -4 1 9.18 -4 17 9.18 
 2 24 4 -2 24.02 4 0 23.18 
 2 24 -4 -2 24.02 -4 0 23.18 
 2 24 4 2 24.02 4 0 23.18 
 2 24 -4 2 24.02 -4 0 23.18 
 2 24 4 1 9.18 0 1 10 
 2 24 -4 1 9.18 0 1 10 
 2 24 4 17 9.18 0 17 10 
 2 24 -4 17 9.18 0 17 10 
 2 24 4 -2 24.02 0 -2 24.84 
 2 24 -4 -2 24.02 0 -2 24.84 
 2 24 4 2 24.02 0 2 24.84 
 2 24 -4 2 24.02 0 2 24.84 
0
 2 24 5.95 1 -8.05 18.80 -2 -15.47 
 2 24 9.95 1 -1.13 22.80 -2 -8.55 
 2 24 5.95 17 -8.05 18.80 2 -15.47 
 2 24 9.95 17 -1.13 22.80 2 -8.55 
 2 24 5.95 1 -8.05 5.95 17 -8.05 
 2 24 9.95 1 -1.13 9.95 17 -1.13 
 2 24 18.80 -2 -15.47 18.07 0 -15.05 
 2 24 22.80 -2 -8.55 22.07 0 -8.13 
 2 24 18.80 2 -15.47 18.07 0 -15.05 
 2 24 22.80 2 -8.55 22.07 0 -8.13 
 2 24 5.95 1 -8.05 8.66 1 -5 
 2 24 9.95 1 -1.13 8.66 1 -5 
 2 24 5.95 17 -8.05 8.66 17 -5 
 2 24 9.95 17 -1.13 8.66 17 -5 
 2 24 18.80 -2 -15.47 21.51 -2 -12.42 
 2 24 22.80 -2 -8.55 21.51 -2 -12.42
 2 24 18.80 2 -15.47 21.51 2 -12.42 
 2 24 22.80 2 -8.55 21.51 2 -12.42 
0
 2 24 -9.95 1 -1.13 -22.80 -2 -8.55 
 2 24 -5.95 1 -8.05 -18.80 -2 -15.47 
 2 24 -9.95 17 -1.13 -22.80 2 -8.55 
 2 24 -5.95 17 -8.05 -18.80 2 -15.47 
 2 24 -9.95 1 -1.13 -9.95 17 -1.13 
 2 24 -5.95 1 -8.05 -5.95 17 -8.05 
 2 24 -22.80 -2 -8.55 -22.07 0 -8.13 
 2 24 -18.80 -2 -15.47 -18.07 0 -15.05 
 2 24 -22.80 2 -8.55 -22.07 0 -8.13 
 2 24 -18.80 2 -15.47 -18.07 0 -15.05 
 2 24 -9.95 1 -1.13 -8.66 1 -5
 2 24 -5.95 1 -8.05 -8.66 1 -5
 2 24 -9.95 17 -1.13 -8.66 17 -5
 2 24 -5.95 17 -8.05 -8.66 17 -5
 2 24 -22.80 -2 -8.55 -21.51 -2 -12.42 
 2 24 -18.80 -2 -15.47 -21.51 -2 -12.42 
 2 24 -22.80 2 -8.55 -21.51 2 -12.42 
 2 24 -18.80 2 -15.47 -21.51 2 -12.42 
0 
 4 16 4 17 9.18 0 17 10 0 2 24.84 4 2 24.02 
 4 16 4 17 9.18 4 1 9.18 4 -2 24.02 4 2 24.02 
 4 16 4 1 9.18 0 1 10 0 -2 24.84 4 -2 24.02 
 4 16 -4 17 9.18 0 17 10 0 2 24.84 -4 2 24.02 
 4 16 -4 17 9.18 -4 1 9.18 -4 -2 24.02 -4 2 24.02 
 4 16 -4 1 9.18 0 1 10 0 -2 24.84 -4 -2 24.02 
0
 4 16 5.95 17 -8.05 8.66 17 -5 21.51 2 -12.42 18.80 2 -15.47 
 4 16 5.95 17 -8.05 5.95 1 -8.05 18.80 -2 -15.47 18.80 2 -15.47 
 4 16 5.95 1 -8.05 8.66 1 -5 21.51 -2 -12.42 18.80 -2 -15.47 
 4 16 9.95 17 -1.13 8.66 17 -5 21.51 2 -12.42 22.80 2 -8.55 
 4 16 9.95 17 -1.13 9.95 1 -1.13 22.80 -2 -8.55 22.80 2 -8.55 
 4 16 9.95 1 -1.13 8.66 1 -5 21.51 -2 -12.42 22.80 -2 -8.55 
0
 4 16 -9.95 17 -1.13 -8.66 17 -5 -21.51 2 -12.42 -22.80 2 -8.55
 4 16 -9.95 17 -1.13 -9.95 1 -1.13 -22.80 -2 -8.55 -22.80 2 -8.55 
 4 16 -9.95 1 -1.13 -8.66 1 -5 -21.51 -2 -12.42 -22.80 -2 -8.55
 4 16 -5.95 17 -8.05 -8.66 17 -5 -21.51 2 -12.42 -18.80 2 -15.47
 4 16 -5.95 17 -8.05 -5.95 1 -8.05 -18.80 -2 -15.47 -18.80 2 -15.47 
 4 16 -5.95 1 -8.05 -8.66 1 -5 -21.51 -2 -12.42 -18.80 -2 -15.47
0
 4 16 0 0 24 -9.18 0 22.17 -9.64 2.82 23.26 0 2.82 25.18
 5 24 0 0 24 0 2.82 25.18 -9.18 0 22.17 9.18 0 22.17
 4 16 0 2.82 25.18 -9.64 2.82 23.26 -10.72 4 25.87 0 4 28
 5 24 0 2.82 25.18 0 4 28 -9.64 2.82 23.26 9.64 2.82 23.26
 4 16 0 4 28 -10.72 4 25.87 -11.79 2.82 28.47 0 2.82 30.82
 5 24 0 4 28 0 2.82 30.82 -10.72 4 25.87 10.72 4 25.87
 4 16 0 2.82 30.82 -11.79 2.82 28.47 -12.25 0 29.56 0 0 32
 5 24 0 2.82 30.82 0 0 32 -11.79 2.82 28.47 11.79 2.82 28.47
 4 16 0 0 24 -9.18 0 22.17 -9.64 -2.82 23.26 0 -2.82 25.18
 5 24 0 0 24 0 -2.82 25.18 -9.18 0 22.17 9.18 0 22.17
 4 16 0 -2.82 25.18 -9.64 -2.82 23.26 -10.72 -4 25.87 0 -4 28
 5 24 0 -2.82 25.18 0 -4 28 -9.64 -2.82 23.26 9.64 -2.82 23.26
 4 16 0 -4 28 -10.72 -4 25.87 -11.79 -2.82 28.47 0 -2.82 30.82
 5 24 0 -4 28 0 -2.82 30.82 -10.72 -4 25.87 10.72 -4 25.87
 4 16 0 -2.82 30.82 -11.79 -2.82 28.47 -12.25 0 29.56 0 0 32
 5 24 0 -2.82 30.82 0 0 32 -11.79 -2.82 28.47 11.79 -2.82 28.47
 5 24 0 0 24 -9.18 0 22.17 0 2.82 25.18 0 -2.82 25.18
 5 24 0 2.82 25.18 -9.64 2.82 23.26 0 4 28 0 0 24
 5 24 0 4 28 -10.72 4 25.87 0 2.82 30.82 0 2.82 25.18
 5 24 0 2.82 30.82 -11.79 2.82 28.47 0 0 32 0 4 28
 5 24 0 0 32 -12.25 0 29.56 0 -2.82 30.82 0 2.82 30.82
 5 24 0 -2.82 30.82 -11.79 -2.82 28.47 0 -4 28 0 0 32
 5 24 0 -4 28 -10.72 -4 25.87 0 -2.82 25.18 0 -2.82 30.82
 5 24 0 -2.82 25.18 -9.64 -2.82 23.26 0 0 24 0 -4 28
 4 16 -9.18 0 22.17 -16.97 0 16.97 -17.80 2.82 17.80 -9.64 2.82 23.26
 5 24 -9.18 0 22.17 -9.64 2.82 23.26 -16.97 0 16.97 0 0 24
 4 16 -9.64 2.82 23.26 -17.80 2.82 17.80 -19.80 4 19.80 -10.72 4 25.87
 5 24 -9.64 2.82 23.26 -10.72 4 25.87 -17.80 2.82 17.80 0 2.82 25.18
 4 16 -10.72 4 25.87 -19.80 4 19.80 -21.79 2.82 21.79 -11.79 2.82 28.47
 5 24 -10.72 4 25.87 -11.79 2.82 28.47 -19.80 4 19.80 0 4 28
 4 16 -11.79 2.82 28.47 -21.79 2.82 21.79 -22.63 0 22.63 -12.25 0 29.56
 5 24 -11.79 2.82 28.47 -12.25 0 29.56 -21.79 2.82 21.79 0 2.82 30.82
 4 16 -9.18 0 22.17 -16.97 0 16.97 -17.80 -2.82 17.80 -9.64 -2.82 23.26
 5 24 -9.18 0 22.17 -9.64 -2.82 23.26 -16.97 0 16.97 0 0 24
 4 16 -9.64 -2.82 23.26 -17.80 -2.82 17.80 -19.80 -4 19.80 -10.72 -4 25.87
 5 24 -9.64 -2.82 23.26 -10.72 -4 25.87 -17.80 -2.82 17.80 0 -2.82 25.18
 4 16 -10.72 -4 25.87 -19.80 -4 19.80 -21.79 -2.82 21.79 -11.79 -2.82 28.47
 5 24 -10.72 -4 25.87 -11.79 -2.82 28.47 -19.80 -4 19.80 0 -4 28
 4 16 -11.79 -2.82 28.47 -21.79 -2.82 21.79 -22.63 0 22.63 -12.25 0 29.56
 5 24 -11.79 -2.82 28.47 -12.25 0 29.56 -21.79 -2.82 21.79 0 -2.82 30.82
 5 24 -9.18 0 22.17 -16.97 0 16.97 -9.64 2.82 23.26 -9.64 -2.82 23.26
 5 24 -9.64 2.82 23.26 -17.80 2.82 17.80 -10.72 4 25.87 -9.18 0 22.17
 5 24 -10.72 4 25.87 -19.80 4 19.80 -11.79 2.82 28.47 -9.64 2.82 23.26
 5 24 -11.79 2.82 28.47 -21.79 2.82 21.79 -12.25 0 29.56 -10.72 4 25.87
 5 24 -12.25 0 29.56 -22.63 0 22.63 -11.79 -2.82 28.47 -11.79 2.82 28.47
 5 24 -11.79 -2.82 28.47 -21.79 -2.82 21.79 -10.72 -4 25.87 -12.25 0 29.56
 5 24 -10.72 -4 25.87 -19.80 -4 19.80 -9.64 -2.82 23.26 -11.79 -2.82 28.47
 5 24 -9.64 -2.82 23.26 -17.80 -2.82 17.80 -9.18 0 22.17 -10.72 -4 25.87
 4 16 -16.97 0 16.97 -22.17 0 9.18 -23.26 2.82 9.64 -17.80 2.82 17.80
 5 24 -16.97 0 16.97 -17.80 2.82 17.80 -22.17 0 9.18 -9.18 0 22.17
 4 16 -17.80 2.82 17.80 -23.26 2.82 9.64 -25.87 4 10.72 -19.80 4 19.80
 5 24 -17.80 2.82 17.80 -19.80 4 19.80 -23.26 2.82 9.64 -9.64 2.82 23.26
 4 16 -19.80 4 19.80 -25.87 4 10.72 -28.47 2.82 11.79 -21.79 2.82 21.79
 5 24 -19.80 4 19.80 -21.79 2.82 21.79 -25.87 4 10.72 -10.72 4 25.87
 4 16 -21.79 2.82 21.79 -28.47 2.82 11.79 -29.56 0 12.25 -22.63 0 22.63
 5 24 -21.79 2.82 21.79 -22.63 0 22.63 -28.47 2.82 11.79 -11.79 2.82 28.47
 4 16 -16.97 0 16.97 -22.17 0 9.18 -23.26 -2.82 9.64 -17.80 -2.82 17.80
 5 24 -16.97 0 16.97 -17.80 -2.82 17.80 -22.17 0 9.18 -9.18 0 22.17
 4 16 -17.80 -2.82 17.80 -23.26 -2.82 9.64 -25.87 -4 10.72 -19.80 -4 19.80
 5 24 -17.80 -2.82 17.80 -19.80 -4 19.80 -23.26 -2.82 9.64 -9.64 -2.82 23.26
 4 16 -19.80 -4 19.80 -25.87 -4 10.72 -28.47 -2.82 11.79 -21.79 -2.82 21.79
 5 24 -19.80 -4 19.80 -21.79 -2.82 21.79 -25.87 -4 10.72 -10.72 -4 25.87
 4 16 -21.79 -2.82 21.79 -28.47 -2.82 11.79 -29.56 0 12.25 -22.63 0 22.63
 5 24 -21.79 -2.82 21.79 -22.63 0 22.63 -28.47 -2.82 11.79 -11.79 -2.82 28.47
 5 24 -16.97 0 16.97 -22.17 0 9.18 -17.80 2.82 17.80 -17.80 -2.82 17.80
 5 24 -17.80 2.82 17.80 -23.26 2.82 9.64 -19.80 4 19.80 -16.97 0 16.97
 5 24 -19.80 4 19.80 -25.87 4 10.72 -21.79 2.82 21.79 -17.80 2.82 17.80
 5 24 -21.79 2.82 21.79 -28.47 2.82 11.79 -22.63 0 22.63 -19.80 4 19.80
 5 24 -22.63 0 22.63 -29.56 0 12.25 -21.79 -2.82 21.79 -21.79 2.82 21.79
 5 24 -21.79 -2.82 21.79 -28.47 -2.82 11.79 -19.80 -4 19.80 -22.63 0 22.63
 5 24 -19.80 -4 19.80 -25.87 -4 10.72 -17.80 -2.82 17.80 -21.79 -2.82 21.79
 5 24 -17.80 -2.82 17.80 -23.26 -2.82 9.64 -16.97 0 16.97 -19.80 -4 19.80
 4 16 -22.17 0 9.18 -24 0 0 -25.18 2.82 0 -23.26 2.82 9.64
 5 24 -22.17 0 9.18 -23.26 2.82 9.64 -24 0 0 -16.97 0 16.97
 4 16 -23.26 2.82 9.64 -25.18 2.82 0 -28 4 0 -25.87 4 10.72
 5 24 -23.26 2.82 9.64 -25.87 4 10.72 -25.18 2.82 0 -17.80 2.82 17.80
 4 16 -25.87 4 10.72 -28 4 0 -30.82 2.82 0 -28.47 2.82 11.79
 5 24 -25.87 4 10.72 -28.47 2.82 11.79 -28 4 0 -19.80 4 19.80
 4 16 -28.47 2.82 11.79 -30.82 2.82 0 -32 0 0 -29.56 0 12.25
 5 24 -28.47 2.82 11.79 -29.56 0 12.25 -30.82 2.82 0 -21.79 2.82 21.79
 4 16 -22.17 0 9.18 -24 0 0 -25.18 -2.82 0 -23.26 -2.82 9.64
 5 24 -22.17 0 9.18 -23.26 -2.82 9.64 -24 0 0 -16.97 0 16.97
 4 16 -23.26 -2.82 9.64 -25.18 -2.82 0 -28 -4 0 -25.87 -4 10.72
 5 24 -23.26 -2.82 9.64 -25.87 -4 10.72 -25.18 -2.82 0 -17.80 -2.82 17.80
 4 16 -25.87 -4 10.72 -28 -4 0 -30.82 -2.82 0 -28.47 -2.82 11.79
 5 24 -25.87 -4 10.72 -28.47 -2.82 11.79 -28 -4 0 -19.80 -4 19.80
 4 16 -28.47 -2.82 11.79 -30.82 -2.82 0 -32 0 0 -29.56 0 12.25
 5 24 -28.47 -2.82 11.79 -29.56 0 12.25 -30.82 -2.82 0 -21.79 -2.82 21.79
 5 24 -22.17 0 9.18 -24 0 0 -23.26 2.82 9.64 -23.26 -2.82 9.64
 5 24 -23.26 2.82 9.64 -25.18 2.82 0 -25.87 4 10.72 -22.17 0 9.18
 5 24 -25.87 4 10.72 -28 4 0 -28.47 2.82 11.79 -23.26 2.82 9.64
 5 24 -28.47 2.82 11.79 -30.82 2.82 0 -29.56 0 12.25 -25.87 4 10.72
 5 24 -29.56 0 12.25 -32 0 0 -28.47 -2.82 11.79 -28.47 2.82 11.79
 5 24 -28.47 -2.82 11.79 -30.82 -2.82 0 -25.87 -4 10.72 -29.56 0 12.25
 5 24 -25.87 -4 10.72 -28 -4 0 -23.26 -2.82 9.64 -28.47 -2.82 11.79
 5 24 -23.26 -2.82 9.64 -25.18 -2.82 0 -22.17 0 9.18 -25.87 -4 10.72
 4 16 -24 0 0 -22.17 0 -9.18 -23.26 2.82 -9.64 -25.18 2.82 0
 5 24 -24 0 0 -25.18 2.82 0 -22.17 0 -9.18 -22.17 0 9.18
 4 16 -25.18 2.82 0 -23.26 2.82 -9.64 -25.87 4 -10.72 -28 4 0
 5 24 -25.18 2.82 0 -28 4 0 -23.26 2.82 -9.64 -23.26 2.82 9.64
 4 16 -28 4 0 -25.87 4 -10.72 -28.47 2.82 -11.79 -30.82 2.82 0
 5 24 -28 4 0 -30.82 2.82 0 -25.87 4 -10.72 -25.87 4 10.72
 4 16 -30.82 2.82 0 -28.47 2.82 -11.79 -29.56 0 -12.25 -32 0 0
 5 24 -30.82 2.82 0 -32 0 0 -28.47 2.82 -11.79 -28.47 2.82 11.79
 4 16 -24 0 0 -22.17 0 -9.18 -23.26 -2.82 -9.64 -25.18 -2.82 0
 5 24 -24 0 0 -25.18 -2.82 0 -22.17 0 -9.18 -22.17 0 9.18
 4 16 -25.18 -2.82 0 -23.26 -2.82 -9.64 -25.87 -4 -10.72 -28 -4 0
 5 24 -25.18 -2.82 0 -28 -4 0 -23.26 -2.82 -9.64 -23.26 -2.82 9.64
 4 16 -28 -4 0 -25.87 -4 -10.72 -28.47 -2.82 -11.79 -30.82 -2.82 0
 5 24 -28 -4 0 -30.82 -2.82 0 -25.87 -4 -10.72 -25.87 -4 10.72
 4 16 -30.82 -2.82 0 -28.47 -2.82 -11.79 -29.56 0 -12.25 -32 0 0
 5 24 -30.82 -2.82 0 -32 0 0 -28.47 -2.82 -11.79 -28.47 -2.82 11.79
 5 24 -24 0 0 -22.17 0 -9.18 -25.18 2.82 0 -25.18 -2.82 0
 5 24 -25.18 2.82 0 -23.26 2.82 -9.64 -28 4 0 -24 0 0
 5 24 -28 4 0 -25.87 4 -10.72 -30.82 2.82 0 -25.18 2.82 0
 5 24 -30.82 2.82 0 -28.47 2.82 -11.79 -32 0 0 -28 4 0
 5 24 -32 0 0 -29.56 0 -12.25 -30.82 -2.82 0 -30.82 2.82 0
 5 24 -30.82 -2.82 0 -28.47 -2.82 -11.79 -28 -4 0 -32 0 0
 5 24 -28 -4 0 -25.87 -4 -10.72 -25.18 -2.82 0 -30.82 -2.82 0
 5 24 -25.18 -2.82 0 -23.26 -2.82 -9.64 -24 0 0 -28 -4 0
 4 16 -22.17 0 -9.18 -16.97 0 -16.97 -17.80 2.82 -17.80 -23.26 2.82 -9.64
 5 24 -22.17 0 -9.18 -23.26 2.82 -9.64 -16.97 0 -16.97 -24 0 0
 4 16 -23.26 2.82 -9.64 -17.80 2.82 -17.80 -19.80 4 -19.80 -25.87 4 -10.72
 5 24 -23.26 2.82 -9.64 -25.87 4 -10.72 -17.80 2.82 -17.80 -25.18 2.82 0
 4 16 -25.87 4 -10.72 -19.80 4 -19.80 -21.79 2.82 -21.79 -28.47 2.82 -11.79
 5 24 -25.87 4 -10.72 -28.47 2.82 -11.79 -19.80 4 -19.80 -28 4 0
 4 16 -28.47 2.82 -11.79 -21.79 2.82 -21.79 -22.63 0 -22.63 -29.56 0 -12.25
 5 24 -28.47 2.82 -11.79 -29.56 0 -12.25 -21.79 2.82 -21.79 -30.82 2.82 0
 4 16 -22.17 0 -9.18 -16.97 0 -16.97 -17.80 -2.82 -17.80 -23.26 -2.82 -9.64
 5 24 -22.17 0 -9.18 -23.26 -2.82 -9.64 -16.97 0 -16.97 -24 0 0
 4 16 -23.26 -2.82 -9.64 -17.80 -2.82 -17.80 -19.80 -4 -19.80 -25.87 -4 -10.72
 5 24 -23.26 -2.82 -9.64 -25.87 -4 -10.72 -17.80 -2.82 -17.80 -25.18 -2.82 0
 4 16 -25.87 -4 -10.72 -19.80 -4 -19.80 -21.79 -2.82 -21.79 -28.47 -2.82 -11.79
 5 24 -25.87 -4 -10.72 -28.47 -2.82 -11.79 -19.80 -4 -19.80 -28 -4 0
 4 16 -28.47 -2.82 -11.79 -21.79 -2.82 -21.79 -22.63 0 -22.63 -29.56 0 -12.25
 5 24 -28.47 -2.82 -11.79 -29.56 0 -12.25 -21.79 -2.82 -21.79 -30.82 -2.82 0
 5 24 -22.17 0 -9.18 -16.97 0 -16.97 -23.26 2.82 -9.64 -23.26 -2.82 -9.64
 5 24 -23.26 2.82 -9.64 -17.80 2.82 -17.80 -25.87 4 -10.72 -22.17 0 -9.18
 5 24 -25.87 4 -10.72 -19.80 4 -19.80 -28.47 2.82 -11.79 -23.26 2.82 -9.64
 5 24 -28.47 2.82 -11.79 -21.79 2.82 -21.79 -29.56 0 -12.25 -25.87 4 -10.72
 5 24 -29.56 0 -12.25 -22.63 0 -22.63 -28.47 -2.82 -11.79 -28.47 2.82 -11.79
 5 24 -28.47 -2.82 -11.79 -21.79 -2.82 -21.79 -25.87 -4 -10.72 -29.56 0 -12.25
 5 24 -25.87 -4 -10.72 -19.80 -4 -19.80 -23.26 -2.82 -9.64 -28.47 -2.82 -11.79
 5 24 -23.26 -2.82 -9.64 -17.80 -2.82 -17.80 -22.17 0 -9.18 -25.87 -4 -10.72
 4 16 -16.97 0 -16.97 -9.18 0 -22.17 -9.64 2.82 -23.26 -17.80 2.82 -17.80
 5 24 -16.97 0 -16.97 -17.80 2.82 -17.80 -9.18 0 -22.17 -22.17 0 -9.18
 4 16 -17.80 2.82 -17.80 -9.64 2.82 -23.26 -10.72 4 -25.87 -19.80 4 -19.80
 5 24 -17.80 2.82 -17.80 -19.80 4 -19.80 -9.64 2.82 -23.26 -23.26 2.82 -9.64
 4 16 -19.80 4 -19.80 -10.72 4 -25.87 -11.79 2.82 -28.47 -21.79 2.82 -21.79
 5 24 -19.80 4 -19.80 -21.79 2.82 -21.79 -10.72 4 -25.87 -25.87 4 -10.72
 4 16 -21.79 2.82 -21.79 -11.79 2.82 -28.47 -12.25 0 -29.56 -22.63 0 -22.63
 5 24 -21.79 2.82 -21.79 -22.63 0 -22.63 -11.79 2.82 -28.47 -28.47 2.82 -11.79
 4 16 -16.97 0 -16.97 -9.18 0 -22.17 -9.64 -2.82 -23.26 -17.80 -2.82 -17.80
 5 24 -16.97 0 -16.97 -17.80 -2.82 -17.80 -9.18 0 -22.17 -22.17 0 -9.18
 4 16 -17.80 -2.82 -17.80 -9.64 -2.82 -23.26 -10.72 -4 -25.87 -19.80 -4 -19.80
 5 24 -17.80 -2.82 -17.80 -19.80 -4 -19.80 -9.64 -2.82 -23.26 -23.26 -2.82 -9.64
 4 16 -19.80 -4 -19.80 -10.72 -4 -25.87 -11.79 -2.82 -28.47 -21.79 -2.82 -21.79
 5 24 -19.80 -4 -19.80 -21.79 -2.82 -21.79 -10.72 -4 -25.87 -25.87 -4 -10.72
 4 16 -21.79 -2.82 -21.79 -11.79 -2.82 -28.47 -12.25 0 -29.56 -22.63 0 -22.63
 5 24 -21.79 -2.82 -21.79 -22.63 0 -22.63 -11.79 -2.82 -28.47 -28.47 -2.82 -11.79
 5 24 -16.97 0 -16.97 -9.18 0 -22.17 -17.80 2.82 -17.80 -17.80 -2.82 -17.80
 5 24 -17.80 2.82 -17.80 -9.64 2.82 -23.26 -19.80 4 -19.80 -16.97 0 -16.97
 5 24 -19.80 4 -19.80 -10.72 4 -25.87 -21.79 2.82 -21.79 -17.80 2.82 -17.80
 5 24 -21.79 2.82 -21.79 -11.79 2.82 -28.47 -22.63 0 -22.63 -19.80 4 -19.80
 5 24 -22.63 0 -22.63 -12.25 0 -29.56 -21.79 -2.82 -21.79 -21.79 2.82 -21.79
 5 24 -21.79 -2.82 -21.79 -11.79 -2.82 -28.47 -19.80 -4 -19.80 -22.63 0 -22.63
 5 24 -19.80 -4 -19.80 -10.72 -4 -25.87 -17.80 -2.82 -17.80 -21.79 -2.82 -21.79
 5 24 -17.80 -2.82 -17.80 -9.64 -2.82 -23.26 -16.97 0 -16.97 -19.80 -4 -19.80
 4 16 -9.18 0 -22.17 0 0 -24 0 2.82 -25.18 -9.64 2.82 -23.26
 5 24 -9.18 0 -22.17 -9.64 2.82 -23.26 0 0 -24 -16.97 0 -16.97
 4 16 -9.64 2.82 -23.26 0 2.82 -25.18 0 4 -28 -10.72 4 -25.87
 5 24 -9.64 2.82 -23.26 -10.72 4 -25.87 0 2.82 -25.18 -17.80 2.82 -17.80
 4 16 -10.72 4 -25.87 0 4 -28 0 2.82 -30.82 -11.79 2.82 -28.47
 5 24 -10.72 4 -25.87 -11.79 2.82 -28.47 0 4 -28 -19.80 4 -19.80
 4 16 -11.79 2.82 -28.47 0 2.82 -30.82 0 0 -32 -12.25 0 -29.56
 5 24 -11.79 2.82 -28.47 -12.25 0 -29.56 0 2.82 -30.82 -21.79 2.82 -21.79
 4 16 -9.18 0 -22.17 0 0 -24 0 -2.82 -25.18 -9.64 -2.82 -23.26
 5 24 -9.18 0 -22.17 -9.64 -2.82 -23.26 0 0 -24 -16.97 0 -16.97
 4 16 -9.64 -2.82 -23.26 0 -2.82 -25.18 0 -4 -28 -10.72 -4 -25.87
 5 24 -9.64 -2.82 -23.26 -10.72 -4 -25.87 0 -2.82 -25.18 -17.80 -2.82 -17.80
 4 16 -10.72 -4 -25.87 0 -4 -28 0 -2.82 -30.82 -11.79 -2.82 -28.47
 5 24 -10.72 -4 -25.87 -11.79 -2.82 -28.47 0 -4 -28 -19.80 -4 -19.80
 4 16 -11.79 -2.82 -28.47 0 -2.82 -30.82 0 0 -32 -12.25 0 -29.56
 5 24 -11.79 -2.82 -28.47 -12.25 0 -29.56 0 -2.82 -30.82 -21.79 -2.82 -21.79
 5 24 -9.18 0 -22.17 0 0 -24 -9.64 2.82 -23.26 -9.64 -2.82 -23.26
 5 24 -9.64 2.82 -23.26 0 2.82 -25.18 -10.72 4 -25.87 -9.18 0 -22.17
 5 24 -10.72 4 -25.87 0 4 -28 -11.79 2.82 -28.47 -9.64 2.82 -23.26
 5 24 -11.79 2.82 -28.47 0 2.82 -30.82 -12.25 0 -29.56 -10.72 4 -25.87
 5 24 -12.25 0 -29.56 0 0 -32 -11.79 -2.82 -28.47 -11.79 2.82 -28.47
 5 24 -11.79 -2.82 -28.47 0 -2.82 -30.82 -10.72 -4 -25.87 -12.25 0 -29.56
 5 24 -10.72 -4 -25.87 0 -4 -28 -9.64 -2.82 -23.26 -11.79 -2.82 -28.47
 5 24 -9.64 -2.82 -23.26 0 -2.82 -25.18 -9.18 0 -22.17 -10.72 -4 -25.87
 4 16 0 0 -24 9.18 0 -22.17 9.64 2.82 -23.26 0 2.82 -25.18
 5 24 0 0 -24 0 2.82 -25.18 9.18 0 -22.17 -9.18 0 -22.17
 4 16 0 2.82 -25.18 9.64 2.82 -23.26 10.72 4 -25.87 0 4 -28
 5 24 0 2.82 -25.18 0 4 -28 9.64 2.82 -23.26 -9.64 2.82 -23.26
 4 16 0 4 -28 10.72 4 -25.87 11.79 2.82 -28.47 0 2.82 -30.82
 5 24 0 4 -28 0 2.82 -30.82 10.72 4 -25.87 -10.72 4 -25.87
 4 16 0 2.82 -30.82 11.79 2.82 -28.47 12.25 0 -29.56 0 0 -32
 5 24 0 2.82 -30.82 0 0 -32 11.79 2.82 -28.47 -11.79 2.82 -28.47
 4 16 0 0 -24 9.18 0 -22.17 9.64 -2.82 -23.26 0 -2.82 -25.18
 5 24 0 0 -24 0 -2.82 -25.18 9.18 0 -22.17 -9.18 0 -22.17
 4 16 0 -2.82 -25.18 9.64 -2.82 -23.26 10.72 -4 -25.87 0 -4 -28
 5 24 0 -2.82 -25.18 0 -4 -28 9.64 -2.82 -23.26 -9.64 -2.82 -23.26
 4 16 0 -4 -28 10.72 -4 -25.87 11.79 -2.82 -28.47 0 -2.82 -30.82
 5 24 0 -4 -28 0 -2.82 -30.82 10.72 -4 -25.87 -10.72 -4 -25.87
 4 16 0 -2.82 -30.82 11.79 -2.82 -28.47 12.25 0 -29.56 0 0 -32
 5 24 0 -2.82 -30.82 0 0 -32 11.79 -2.82 -28.47 -11.79 -2.82 -28.47
 5 24 0 0 -24 9.18 0 -22.17 0 2.82 -25.18 0 -2.82 -25.18
 5 24 0 2.82 -25.18 9.64 2.82 -23.26 0 4 -28 0 0 -24
 5 24 0 4 -28 10.72 4 -25.87 0 2.82 -30.82 0 2.82 -25.18
 5 24 0 2.82 -30.82 11.79 2.82 -28.47 0 0 -32 0 4 -28
 5 24 0 0 -32 12.25 0 -29.56 0 -2.82 -30.82 0 2.82 -30.82
 5 24 0 -2.82 -30.82 11.79 -2.82 -28.47 0 -4 -28 0 0 -32
 5 24 0 -4 -28 10.72 -4 -25.87 0 -2.82 -25.18 0 -2.82 -30.82
 5 24 0 -2.82 -25.18 9.64 -2.82 -23.26 0 0 -24 0 -4 -28
 4 16 9.18 0 -22.17 16.97 0 -16.97 17.80 2.82 -17.80 9.64 2.82 -23.26
 5 24 9.18 0 -22.17 9.64 2.82 -23.26 16.97 0 -16.97 0 0 -24
 4 16 9.64 2.82 -23.26 17.80 2.82 -17.80 19.80 4 -19.80 10.72 4 -25.87
 5 24 9.64 2.82 -23.26 10.72 4 -25.87 17.80 2.82 -17.80 0 2.82 -25.18
 4 16 10.72 4 -25.87 19.80 4 -19.80 21.79 2.82 -21.79 11.79 2.82 -28.47
 5 24 10.72 4 -25.87 11.79 2.82 -28.47 19.80 4 -19.80 0 4 -28
 4 16 11.79 2.82 -28.47 21.79 2.82 -21.79 22.63 0 -22.63 12.25 0 -29.56
 5 24 11.79 2.82 -28.47 12.25 0 -29.56 21.79 2.82 -21.79 0 2.82 -30.82
 4 16 9.18 0 -22.17 16.97 0 -16.97 17.80 -2.82 -17.80 9.64 -2.82 -23.26
 5 24 9.18 0 -22.17 9.64 -2.82 -23.26 16.97 0 -16.97 0 0 -24
 4 16 9.64 -2.82 -23.26 17.80 -2.82 -17.80 19.80 -4 -19.80 10.72 -4 -25.87
 5 24 9.64 -2.82 -23.26 10.72 -4 -25.87 17.80 -2.82 -17.80 0 -2.82 -25.18
 4 16 10.72 -4 -25.87 19.80 -4 -19.80 21.79 -2.82 -21.79 11.79 -2.82 -28.47
 5 24 10.72 -4 -25.87 11.79 -2.82 -28.47 19.80 -4 -19.80 0 -4 -28
 4 16 11.79 -2.82 -28.47 21.79 -2.82 -21.79 22.63 0 -22.63 12.25 0 -29.56
 5 24 11.79 -2.82 -28.47 12.25 0 -29.56 21.79 -2.82 -21.79 0 -2.82 -30.82
 5 24 9.18 0 -22.17 16.97 0 -16.97 9.64 2.82 -23.26 9.64 -2.82 -23.26
 5 24 9.64 2.82 -23.26 17.80 2.82 -17.80 10.72 4 -25.87 9.18 0 -22.17
 5 24 10.72 4 -25.87 19.80 4 -19.80 11.79 2.82 -28.47 9.64 2.82 -23.26
 5 24 11.79 2.82 -28.47 21.79 2.82 -21.79 12.25 0 -29.56 10.72 4 -25.87
 5 24 12.25 0 -29.56 22.63 0 -22.63 11.79 -2.82 -28.47 11.79 2.82 -28.47
 5 24 11.79 -2.82 -28.47 21.79 -2.82 -21.79 10.72 -4 -25.87 12.25 0 -29.56
 5 24 10.72 -4 -25.87 19.80 -4 -19.80 9.64 -2.82 -23.26 11.79 -2.82 -28.47
 5 24 9.64 -2.82 -23.26 17.80 -2.82 -17.80 9.18 0 -22.17 10.72 -4 -25.87
 4 16 16.97 0 -16.97 22.17 0 -9.18 23.26 2.82 -9.64 17.80 2.82 -17.80
 5 24 16.97 0 -16.97 17.80 2.82 -17.80 22.17 0 -9.18 9.18 0 -22.17
 4 16 17.80 2.82 -17.80 23.26 2.82 -9.64 25.87 4 -10.72 19.80 4 -19.80
 5 24 17.80 2.82 -17.80 19.80 4 -19.80 23.26 2.82 -9.64 9.64 2.82 -23.26
 4 16 19.80 4 -19.80 25.87 4 -10.72 28.47 2.82 -11.79 21.79 2.82 -21.79
 5 24 19.80 4 -19.80 21.79 2.82 -21.79 25.87 4 -10.72 10.72 4 -25.87
 4 16 21.79 2.82 -21.79 28.47 2.82 -11.79 29.56 0 -12.25 22.63 0 -22.63
 5 24 21.79 2.82 -21.79 22.63 0 -22.63 28.47 2.82 -11.79 11.79 2.82 -28.47
 4 16 16.97 0 -16.97 22.17 0 -9.18 23.26 -2.82 -9.64 17.80 -2.82 -17.80
 5 24 16.97 0 -16.97 17.80 -2.82 -17.80 22.17 0 -9.18 9.18 0 -22.17
 4 16 17.80 -2.82 -17.80 23.26 -2.82 -9.64 25.87 -4 -10.72 19.80 -4 -19.80
 5 24 17.80 -2.82 -17.80 19.80 -4 -19.80 23.26 -2.82 -9.64 9.64 -2.82 -23.26
 4 16 19.80 -4 -19.80 25.87 -4 -10.72 28.47 -2.82 -11.79 21.79 -2.82 -21.79
 5 24 19.80 -4 -19.80 21.79 -2.82 -21.79 25.87 -4 -10.72 10.72 -4 -25.87
 4 16 21.79 -2.82 -21.79 28.47 -2.82 -11.79 29.56 0 -12.25 22.63 0 -22.63
 5 24 21.79 -2.82 -21.79 22.63 0 -22.63 28.47 -2.82 -11.79 11.79 -2.82 -28.47
 5 24 16.97 0 -16.97 22.17 0 -9.18 17.80 2.82 -17.80 17.80 -2.82 -17.80
 5 24 17.80 2.82 -17.80 23.26 2.82 -9.64 19.80 4 -19.80 16.97 0 -16.97
 5 24 19.80 4 -19.80 25.87 4 -10.72 21.79 2.82 -21.79 17.80 2.82 -17.80
 5 24 21.79 2.82 -21.79 28.47 2.82 -11.79 22.63 0 -22.63 19.80 4 -19.80
 5 24 22.63 0 -22.63 29.56 0 -12.25 21.79 -2.82 -21.79 21.79 2.82 -21.79
 5 24 21.79 -2.82 -21.79 28.47 -2.82 -11.79 19.80 -4 -19.80 22.63 0 -22.63
 5 24 19.80 -4 -19.80 25.87 -4 -10.72 17.80 -2.82 -17.80 21.79 -2.82 -21.79
 5 24 17.80 -2.82 -17.80 23.26 -2.82 -9.64 16.97 0 -16.97 19.80 -4 -19.80
 4 16 22.17 0 -9.18 24 0 0 25.18 2.82 0 23.26 2.82 -9.64
 5 24 22.17 0 -9.18 23.26 2.82 -9.64 24 0 0 16.97 0 -16.97
 4 16 23.26 2.82 -9.64 25.18 2.82 0 28 4 0 25.87 4 -10.72
 5 24 23.26 2.82 -9.64 25.87 4 -10.72 25.18 2.82 0 17.80 2.82 -17.80
 4 16 25.87 4 -10.72 28 4 0 30.82 2.82 0 28.47 2.82 -11.79
 5 24 25.87 4 -10.72 28.47 2.82 -11.79 28 4 0 19.80 4 -19.80
 4 16 28.47 2.82 -11.79 30.82 2.82 0 32 0 0 29.56 0 -12.25
 5 24 28.47 2.82 -11.79 29.56 0 -12.25 30.82 2.82 0 21.79 2.82 -21.79
 4 16 22.17 0 -9.18 24 0 0 25.18 -2.82 0 23.26 -2.82 -9.64
 5 24 22.17 0 -9.18 23.26 -2.82 -9.64 24 0 0 16.97 0 -16.97
 4 16 23.26 -2.82 -9.64 25.18 -2.82 0 28 -4 0 25.87 -4 -10.72
 5 24 23.26 -2.82 -9.64 25.87 -4 -10.72 25.18 -2.82 0 17.80 -2.82 -17.80
 4 16 25.87 -4 -10.72 28 -4 0 30.82 -2.82 0 28.47 -2.82 -11.79
 5 24 25.87 -4 -10.72 28.47 -2.82 -11.79 28 -4 0 19.80 -4 -19.80
 4 16 28.47 -2.82 -11.79 30.82 -2.82 0 32 0 0 29.56 0 -12.25
 5 24 28.47 -2.82 -11.79 29.56 0 -12.25 30.82 -2.82 0 21.79 -2.82 -21.79
 5 24 22.17 0 -9.18 24 0 0 23.26 2.82 -9.64 23.26 -2.82 -9.64
 5 24 23.26 2.82 -9.64 25.18 2.82 0 25.87 4 -10.72 22.17 0 -9.18
 5 24 25.87 4 -10.72 28 4 0 28.47 2.82 -11.79 23.26 2.82 -9.64
 5 24 28.47 2.82 -11.79 30.82 2.82 0 29.56 0 -12.25 25.87 4 -10.72
 5 24 29.56 0 -12.25 32 0 0 28.47 -2.82 -11.79 28.47 2.82 -11.79
 5 24 28.47 -2.82 -11.79 30.82 -2.82 0 25.87 -4 -10.72 29.56 0 -12.25
 5 24 25.87 -4 -10.72 28 -4 0 23.26 -2.82 -9.64 28.47 -2.82 -11.79
 5 24 23.26 -2.82 -9.64 25.18 -2.82 0 22.17 0 -9.18 25.87 -4 -10.72
 4 16 24 0 0 22.17 0 9.18 23.26 2.82 9.64 25.18 2.82 0
 5 24 24 0 0 25.18 2.82 0 22.17 0 9.18 22.17 0 -9.18
 4 16 25.18 2.82 0 23.26 2.82 9.64 25.87 4 10.72 28 4 0
 5 24 25.18 2.82 0 28 4 0 23.26 2.82 9.64 23.26 2.82 -9.64
 4 16 28 4 0 25.87 4 10.72 28.47 2.82 11.79 30.82 2.82 0
 5 24 28 4 0 30.82 2.82 0 25.87 4 10.72 25.87 4 -10.72
 4 16 30.82 2.82 0 28.47 2.82 11.79 29.56 0 12.25 32 0 0
 5 24 30.82 2.82 0 32 0 0 28.47 2.82 11.79 28.47 2.82 -11.79
 4 16 24 0 0 22.17 0 9.18 23.26 -2.82 9.64 25.18 -2.82 0
 5 24 24 0 0 25.18 -2.82 0 22.17 0 9.18 22.17 0 -9.18
 4 16 25.18 -2.82 0 23.26 -2.82 9.64 25.87 -4 10.72 28 -4 0
 5 24 25.18 -2.82 0 28 -4 0 23.26 -2.82 9.64 23.26 -2.82 -9.64
 4 16 28 -4 0 25.87 -4 10.72 28.47 -2.82 11.79 30.82 -2.82 0
 5 24 28 -4 0 30.82 -2.82 0 25.87 -4 10.72 25.87 -4 -10.72
 4 16 30.82 -2.82 0 28.47 -2.82 11.79 29.56 0 12.25 32 0 0
 5 24 30.82 -2.82 0 32 0 0 28.47 -2.82 11.79 28.47 -2.82 -11.79
 5 24 24 0 0 22.17 0 9.18 25.18 2.82 0 25.18 -2.82 0
 5 24 25.18 2.82 0 23.26 2.82 9.64 28 4 0 24 0 0
 5 24 28 4 0 25.87 4 10.72 30.82 2.82 0 25.18 2.82 0
 5 24 30.82 2.82 0 28.47 2.82 11.79 32 0 0 28 4 0
 5 24 32 0 0 29.56 0 12.25 30.82 -2.82 0 30.82 2.82 0
 5 24 30.82 -2.82 0 28.47 -2.82 11.79 28 -4 0 32 0 0
 5 24 28 -4 0 25.87 -4 10.72 25.18 -2.82 0 30.82 -2.82 0
 5 24 25.18 -2.82 0 23.26 -2.82 9.64 24 0 0 28 -4 0
 4 16 22.17 0 9.18 16.97 0 16.97 17.80 2.82 17.80 23.26 2.82 9.64
 5 24 22.17 0 9.18 23.26 2.82 9.64 16.97 0 16.97 24 0 0
 4 16 23.26 2.82 9.64 17.80 2.82 17.80 19.80 4 19.80 25.87 4 10.72
 5 24 23.26 2.82 9.64 25.87 4 10.72 17.80 2.82 17.80 25.18 2.82 0
 4 16 25.87 4 10.72 19.80 4 19.80 21.79 2.82 21.79 28.47 2.82 11.79
 5 24 25.87 4 10.72 28.47 2.82 11.79 19.80 4 19.80 28 4 0
 4 16 28.47 2.82 11.79 21.79 2.82 21.79 22.63 0 22.63 29.56 0 12.25
 5 24 28.47 2.82 11.79 29.56 0 12.25 21.79 2.82 21.79 30.82 2.82 0
 4 16 22.17 0 9.18 16.97 0 16.97 17.80 -2.82 17.80 23.26 -2.82 9.64
 5 24 22.17 0 9.18 23.26 -2.82 9.64 16.97 0 16.97 24 0 0
 4 16 23.26 -2.82 9.64 17.80 -2.82 17.80 19.80 -4 19.80 25.87 -4 10.72
 5 24 23.26 -2.82 9.64 25.87 -4 10.72 17.80 -2.82 17.80 25.18 -2.82 0
 4 16 25.87 -4 10.72 19.80 -4 19.80 21.79 -2.82 21.79 28.47 -2.82 11.79
 5 24 25.87 -4 10.72 28.47 -2.82 11.79 19.80 -4 19.80 28 -4 0
 4 16 28.47 -2.82 11.79 21.79 -2.82 21.79 22.63 0 22.63 29.56 0 12.25
 5 24 28.47 -2.82 11.79 29.56 0 12.25 21.79 -2.82 21.79 30.82 -2.82 0
 5 24 22.17 0 9.18 16.97 0 16.97 23.26 2.82 9.64 23.26 -2.82 9.64
 5 24 23.26 2.82 9.64 17.80 2.82 17.80 25.87 4 10.72 22.17 0 9.18
 5 24 25.87 4 10.72 19.80 4 19.80 28.47 2.82 11.79 23.26 2.82 9.64
 5 24 28.47 2.82 11.79 21.79 2.82 21.79 29.56 0 12.25 25.87 4 10.72
 5 24 29.56 0 12.25 22.63 0 22.63 28.47 -2.82 11.79 28.47 2.82 11.79
 5 24 28.47 -2.82 11.79 21.79 -2.82 21.79 25.87 -4 10.72 29.56 0 12.25
 5 24 25.87 -4 10.72 19.80 -4 19.80 23.26 -2.82 9.64 28.47 -2.82 11.79
 5 24 23.26 -2.82 9.64 17.80 -2.82 17.80 22.17 0 9.18 25.87 -4 10.72
 4 16 16.97 0 16.97 9.18 0 22.17 9.64 2.82 23.26 17.80 2.82 17.80
 5 24 16.97 0 16.97 17.80 2.82 17.80 9.18 0 22.17 22.17 0 9.18
 4 16 17.80 2.82 17.80 9.64 2.82 23.26 10.72 4 25.87 19.80 4 19.80
 5 24 17.80 2.82 17.80 19.80 4 19.80 9.64 2.82 23.26 23.26 2.82 9.64
 4 16 19.80 4 19.80 10.72 4 25.87 11.79 2.82 28.47 21.79 2.82 21.79
 5 24 19.80 4 19.80 21.79 2.82 21.79 10.72 4 25.87 25.87 4 10.72
 4 16 21.79 2.82 21.79 11.79 2.82 28.47 12.25 0 29.56 22.63 0 22.63
 5 24 21.79 2.82 21.79 22.63 0 22.63 11.79 2.82 28.47 28.47 2.82 11.79
 4 16 16.97 0 16.97 9.18 0 22.17 9.64 -2.82 23.26 17.80 -2.82 17.80
 5 24 16.97 0 16.97 17.80 -2.82 17.80 9.18 0 22.17 22.17 0 9.18
 4 16 17.80 -2.82 17.80 9.64 -2.82 23.26 10.72 -4 25.87 19.80 -4 19.80
 5 24 17.80 -2.82 17.80 19.80 -4 19.80 9.64 -2.82 23.26 23.26 -2.82 9.64
 4 16 19.80 -4 19.80 10.72 -4 25.87 11.79 -2.82 28.47 21.79 -2.82 21.79
 5 24 19.80 -4 19.80 21.79 -2.82 21.79 10.72 -4 25.87 25.87 -4 10.72
 4 16 21.79 -2.82 21.79 11.79 -2.82 28.47 12.25 0 29.56 22.63 0 22.63
 5 24 21.79 -2.82 21.79 22.63 0 22.63 11.79 -2.82 28.47 28.47 -2.82 11.79
 5 24 16.97 0 16.97 9.18 0 22.17 17.80 2.82 17.80 17.80 -2.82 17.80
 5 24 17.80 2.82 17.80 9.64 2.82 23.26 19.80 4 19.80 16.97 0 16.97
 5 24 19.80 4 19.80 10.72 4 25.87 21.79 2.82 21.79 17.80 2.82 17.80
 5 24 21.79 2.82 21.79 11.79 2.82 28.47 22.63 0 22.63 19.80 4 19.80
 5 24 22.63 0 22.63 12.25 0 29.56 21.79 -2.82 21.79 21.79 2.82 21.79
 5 24 21.79 -2.82 21.79 11.79 -2.82 28.47 19.80 -4 19.80 22.63 0 22.63
 5 24 19.80 -4 19.80 10.72 -4 25.87 17.80 -2.82 17.80 21.79 -2.82 21.79
 5 24 17.80 -2.82 17.80 9.64 -2.82 23.26 16.97 0 16.97 19.80 -4 19.80
 4 16 9.18 0 22.17 0 0 24 0 2.82 25.18 9.64 2.82 23.26
 5 24 9.18 0 22.17 9.64 2.82 23.26 0 0 24 16.97 0 16.97
 4 16 9.64 2.82 23.26 0 2.82 25.18 0 4 28 10.72 4 25.87
 5 24 9.64 2.82 23.26 10.72 4 25.87 0 2.82 25.18 17.80 2.82 17.80
 4 16 10.72 4 25.87 0 4 28 0 2.82 30.82 11.79 2.82 28.47
 5 24 10.72 4 25.87 11.79 2.82 28.47 0 4 28 19.80 4 19.80
 4 16 11.79 2.82 28.47 0 2.82 30.82 0 0 32 12.25 0 29.56
 5 24 11.79 2.82 28.47 12.25 0 29.56 0 2.82 30.82 21.79 2.82 21.79
 4 16 9.18 0 22.17 0 0 24 0 -2.82 25.18 9.64 -2.82 23.26
 5 24 9.18 0 22.17 9.64 -2.82 23.26 0 0 24 16.97 0 16.97
 4 16 9.64 -2.82 23.26 0 -2.82 25.18 0 -4 28 10.72 -4 25.87
 5 24 9.64 -2.82 23.26 10.72 -4 25.87 0 -2.82 25.18 17.80 -2.82 17.80
 4 16 10.72 -4 25.87 0 -4 28 0 -2.82 30.82 11.79 -2.82 28.47
 5 24 10.72 -4 25.87 11.79 -2.82 28.47 0 -4 28 19.80 -4 19.80
 4 16 11.79 -2.82 28.47 0 -2.82 30.82 0 0 32 12.25 0 29.56
 5 24 11.79 -2.82 28.47 12.25 0 29.56 0 -2.82 30.82 21.79 -2.82 21.79
 5 24 9.18 0 22.17 0 0 24 9.64 2.82 23.26 9.64 -2.82 23.26
 5 24 9.64 2.82 23.26 0 2.82 25.18 10.72 4 25.87 9.18 0 22.17
 5 24 10.72 4 25.87 0 4 28 11.79 2.82 28.47 9.64 2.82 23.26
 5 24 11.79 2.82 28.47 0 2.82 30.82 12.25 0 29.56 10.72 4 25.87
 5 24 12.25 0 29.56 0 0 32 11.79 -2.82 28.47 11.79 2.82 28.47
 5 24 11.79 -2.82 28.47 0 -2.82 30.82 10.72 -4 25.87 12.25 0 29.56
 5 24 10.72 -4 25.87 0 -4 28 9.64 -2.82 23.26 11.79 -2.82 28.47
 5 24 9.64 -2.82 23.26 0 -2.82 25.18 9.18 0 22.17 10.72 -4 25.87
0