0 Brick  2 x  2 Facet
0 Name: 87620.dat
0 Author: Ronald Vallenduuk [Duq]
0 !LDRAW_ORG Part UPDATE 2010-02
0 !LICENSE Redistributable under CCAL version 2.0 : see CAreadme.txt

0 BFC CERTIFY CCW

0 !HISTORY 2010-07-05 [PTadmin] Official Update 2010-02

4 16 3 24 -11 6 24 -14 0 24 -20 -2 24 -16
4 16 -2 24 -16 0 24 -20 -20 24 -20 -16 24 -16
4 16 -16 24 -16 -20 24 -20 -20 24 0 -16 24 -4
4 16 -16 24 -4 -20 24 0 0 24 0 0 24 -4
1 16 0 24 0 4 0 0 0 -4 0 0 0 -4 1-4disc.dat
4 16 4 24 0 0 24 0 0 24 20 4 24 16
4 16 4 24 16 0 24 20 20 24 20 16 24 16
4 16 16 24 16 20 24 20 20 24 0 16 24 2
4 16 16 24 2 20 24 0 14 24 -6 11 24 -3
0 BFC INVERTNEXT
1 16 8.5 24 -8.5 1.5 0 -4 0 -4 0 -1.5 0 -4 box3u2p.dat
4 16 4 24 4 16 24 4 16 24 2 4 24 2
4 16 -2 24 -4 -2 24 -16 -4 24 -16 -4 24 -4

0 BFC INVERTNEXT
1 16 -10 24 -10 0 0 -6 0 -20 0 6 0 0 box5.dat
0 BFC INVERTNEXT
1 16 -1 14 -10 0 0 -1 -10 0 0 0 6 0 box2-7.dat
1 16 0 4 0 0 0 4 0 20 0 -4 0 0 1-4cyli.dat
1 16 0 4 0 0 0 4 0 20 0 -4 0 0 1-4edge.dat
1 16 0 24 0 0 0 4 0 20 0 -4 0 0 1-4edge.dat
0 BFC INVERTNEXT
1 16 10 14 1 0 -6 0 10 0 0 0 0 1 box2-7.dat
4 16 3 20 -11 3 24 -11 -2 24 -16 -2 4 -16
4 16 11 20 -3 3 20 -11 -2 4 -16 16 4 2
4 16 11 24 -3 11 20 -3 16 4 2 16 24 2
2 24 3 24 -11 -2 24 -16
2 24 -2 24 -16 -2 4 -16
2 24 -2 4 -16 16 4 2
2 24 16 4 2 16 24 2
2 24 16 24 2 11 24 -3
1 16 0 4 0 4 0 0 0 -1 0 0 0 -4 1-4ndis.dat
3 16 4 4 -4 -2 4 -16 -2 4 -4
3 16 4 4 -4 16 4 2 -2 4 -16
3 16 4 4 -4 4 4 2 16 4 2
0 BFC INVERTNEXT
1 16 10 24 10 0 0 6 0 -20 0 6 0 0 box5.dat

1 16 -10 24 -10 0 0 -10 0 -24 0 -10 0 0 box4-4a.dat
3 16 0 0 0 0 0 -20 20 0 0
2 24 0 0 -20 20 0 0
2 24 0 0 0 0 24 0
1 16 10 24 10 -10 0 0 0 -24 0 0 0 10 box4-4a.dat

4 16 0 24 -20 6 24 -14 6 20 -14 0 0 -20
4 16 6 20 -14 14 20 -6 20 0 0 0 0 -20
4 16 14 24 -6 20 24 0 20 0 0 14 20 -6
2 24 0 0 -20 0 24 -20
2 24 0 24 -20 6 24 -14
2 24 14 24 -6 20 24 0
2 24 20 24 0 20 0 0

1 16 -10 0 -10 0 0 -1 0 1 0 1 0 0 stud.dat
1 16 10 0 10 0 0 -1 0 1 0 1 0 0 stud.dat
0
