0 Baseplate 32 x 48 Raised with Level Front
0 Name: 51542.dat
0 Author: Christian Neumann [Wesley]
0 !LDRAW_ORG Part UPDATE 2011-02
0 !LICENSE Redistributable under CCAL version 2.0 : see CAreadme.txt

0 BFC CERTIFY CCW

0 !HISTORY 2011-12-29 [PTadmin] Official Update 2011-02

0 // ==== LAYER 0 ==============================================
0 // -- baseplate --

2 24 -476 0 320 476 0 320
2 24 480 0 316 480 0 -316
2 24 476 0 -320 -476 0 -320
2 24 -480 0 -316 -480 0 316
1 16 -476 0 316 -4 0 0 0 1 0 0 0 4 1-4edge.dat
1 16 476 0 316 4 0 0 0 1 0 0 0 4 1-4edge.dat
1 16 476 0 -316 4 0 0 0 1 0 0 0 -4 1-4edge.dat
1 16 -476 0 -316 -4 0 0 0 1 0 0 0 -4 1-4edge.dat
2 24 -476 4 320 476 4 320
2 24 480 4 316 480 4 -316
2 24 476 4 -320 -476 4 -320
2 24 -480 4 -316 -480 4 316
1 16 -476 4 316 -4 0 0 0 1 0 0 0 4 1-4edge.dat
1 16 476 4 316 4 0 0 0 1 0 0 0 4 1-4edge.dat
1 16 476 4 -316 4 0 0 0 1 0 0 0 -4 1-4edge.dat
1 16 -476 4 -316 -4 0 0 0 1 0 0 0 -4 1-4edge.dat
4 16 -476 0 320 476 0 320 476 4 320 -476 4 320
4 16 480 0 316 480 0 -316 480 4 -316 480 4 316
4 16 476 0 -320 -476 0 -320 -476 4 -320 476 4 -320
4 16 -480 0 -316 -480 0 316 -480 4 316 -480 4 -316
1 16 -476 0 316 -4 0 0 0 4 0 0 0 4 1-4cyli.dat
1 16 476 0 316 4 0 0 0 4 0 0 0 4 1-4cyli.dat
1 16 476 0 -316 4 0 0 0 4 0 0 0 -4 1-4cyli.dat
1 16 -476 0 -316 -4 0 0 0 4 0 0 0 -4 1-4cyli.dat
1 16 -476 0 316 -4 0 0 0 1 0 0 0 4 1-4disc.dat
1 16 476 0 316 4 0 0 0 4 0 0 0 4 1-4disc.dat
1 16 476 0 -316 4 0 0 0 4 0 0 0 -4 1-4disc.dat
1 16 -476 0 -316 -4 0 0 0 4 0 0 0 -4 1-4disc.dat
1 16 -476 4 316 -4 0 0 0 -1 0 0 0 4 1-4disc.dat
1 16 476 4 316 4 0 0 0 -1 0 0 0 4 1-4disc.dat
1 16 476 4 -316 4 0 0 0 -1 0 0 0 -4 1-4disc.dat
1 16 -476 4 -316 -4 0 0 0 -1 0 0 0 -4 1-4disc.dat
4 16 -440 0 280 440 0 280 476 0 320 -476 0 320
3 16 476 0 316 476 0 320 440 0 280
4 16 440 0 280 440 0 150 480 0 316 476 0 316
4 16 440 0 150 440 0 50 480 0 -316 480 0 316
4 16 440 0 -280 476 0 -316 480 0 -316 440 0 50
4 16 476 0 -320 476 0 -316 440 0 -280 120 0 -280
4 16 -360 0 -280 120 0 -280 120 0 -80 -360 0 -80
4 16 -476 0 -320 476 0 -320 120 0 -280 -360 0 -280
4 16 -476 0 -316 -476 0 -320 -360 0 -280 -440 0 -280
3 16 -476 0 -316 -440 0 -280 -480 0 -316
4 16 -480 0 -316 -440 0 -280 -440 0 280 -480 0 316
3 16 -440 0 280 -476 0 316 -480 0 316
3 16 -440 0 280 -476 0 320 -476 0 316
2 24 440 0 150 440 0 280
1 16 -470 0 120 1 0 0 0 1 0 0 0 1 stug-12x1.dat
1 16 -470 0 -120 1 0 0 0 1 0 0 0 1 stug-12x1.dat
1 16 -450 0 160 1 0 0 0 1 0 0 0 1 stug-12x1.dat
1 16 -450 0 0 1 0 0 0 1 0 0 0 1 stug-4x1.dat
1 16 -450 0 -160 1 0 0 0 1 0 0 0 1 stug-12x1.dat
1 16 470 0 120 1 0 0 0 1 0 0 0 1 stug-12x1.dat
1 16 470 0 -120 1 0 0 0 1 0 0 0 1 stug-12x1.dat
1 16 450 0 160 1 0 0 0 1 0 0 0 1 stug-12x1.dat
1 16 450 0 0 1 0 0 0 1 0 0 0 1 stug-4x1.dat
1 16 450 0 -160 1 0 0 0 1 0 0 0 1 stug-12x1.dat
1 16 -300 0 310 1 0 0 0 1 0 0 0 1 stug-1x10.dat
1 16 -100 0 310 1 0 0 0 1 0 0 0 1 stug-1x10.dat
1 16 100 0 310 1 0 0 0 1 0 0 0 1 stug-1x10.dat
1 16 300 0 310 1 0 0 0 1 0 0 0 1 stug-1x10.dat
1 16 -320 0 290 1 0 0 0 1 0 0 0 1 stug-1x12.dat
1 16 -100 0 290 1 0 0 0 1 0 0 0 1 stug-1x10.dat
1 16 100 0 290 1 0 0 0 1 0 0 0 1 stug-1x10.dat
1 16 320 0 290 1 0 0 0 1 0 0 0 1 stug-1x12.dat
1 16 -240 0 -90 1 0 0 0 1 0 0 0 1 stug-1x12.dat
1 16 0 0 -90 1 0 0 0 1 0 0 0 1 stug-1x12.dat
1 16 -240 0 -110 1 0 0 0 1 0 0 0 1 stug-1x12.dat
1 16 0 0 -110 1 0 0 0 1 0 0 0 1 stug-1x12.dat
1 16 -280 0 -200 1 0 0 0 1 0 0 0 1 stug-8x8.dat
1 16 -120 0 -200 1 0 0 0 1 0 0 0 1 stug-8x8.dat
1 16 40 0 -200 1 0 0 0 1 0 0 0 1 stug-8x8.dat
1 16 -300 0 -310 1 0 0 0 1 0 0 0 1 stug-1x10.dat
1 16 -100 0 -310 1 0 0 0 1 0 0 0 1 stug-1x10.dat
1 16 100 0 -310 1 0 0 0 1 0 0 0 1 stug-1x10.dat
1 16 300 0 -310 1 0 0 0 1 0 0 0 1 stug-1x10.dat
1 16 -320 0 -290 1 0 0 0 1 0 0 0 1 stug-1x12.dat
1 16 -100 0 -290 1 0 0 0 1 0 0 0 1 stug-1x10.dat
1 16 100 0 -290 1 0 0 0 1 0 0 0 1 stug-1x10.dat
1 16 320 0 -290 1 0 0 0 1 0 0 0 1 stug-1x12.dat
0 // -- pit left --
4 16 -210 0 54 -210 0 146 -214 0 150 -306 0 150
4 16 -306 0 150 -310 0 146 -214 0 50 -210 0 54
4 16 -310 0 146 -310 0 54 -306 0 50 -214 0 50
2 24 -306 0 150 -214 0 150
2 24 -214 0 150 -210 0 146
2 24 -210 0 146 -210 0 54
2 24 -210 0 54 -214 0 50
2 24 -214 0 50 -306 0 50
2 24 -306 0 50 -310 0 54
2 24 -310 0 54 -310 0 146
2 24 -310 0 146 -306 0 150
1 16 -260 0 100 1 0 0 0 1 0 0 0 1 stug-2x2.dat
0 // -- rear pit right --
4 16 440 0 150 214 0 150 214 0 50 440 0 50
4 16 214 0 150 210 0 146 210 0 54 214 0 50
2 24 440 0 150 214 0 150
2 24 214 0 150 210 0 146
2 24 210 0 146 210 0 54
2 24 210 0 54 214 0 50
2 24 214 0 50 440 0 50
1 16 340 0 110 1 0 0 0 1 0 0 0 1 stug-1x10.dat
1 16 340 0 90 1 0 0 0 1 0 0 0 1 stug-1x10.dat
0 // -- platoon left --
2 24 -440 0 -280 -360 0 -280
2 24 -360 0 -80 -360 0 -280
2 24 -440 0 280 -440 0 -280
2 24 -360 0 -80 120 0 -80
2 24 440 0 280 -440 0 280
0 // -- platoon right --
2 24 120 0 -280 120 0 -80
2 24 440 0 -280 120 0 -280
2 24 440 0 -280 440 0 50
0 // -- pit front right --
4 16 300 0 -196 300 0 -124 296 0 -120 224 0 -120
4 16 224 0 -120 220 0 -124 296 0 -200 300 0 -196
4 16 220 0 -124 220 0 -196 224 0 -200 296 0 -200
2 24 224 0 -120 296 0 -120
2 24 296 0 -120 300 0 -124
2 24 300 0 -124 300 0 -196
2 24 300 0 -196 296 0 -200
2 24 296 0 -200 224 0 -200
2 24 224 0 -200 220 0 -196
2 24 220 0 -196 220 0 -124
2 24 220 0 -124 224 0 -120
0 // ==== LAYER 1 ==============================================
0 // -- pit front right --
4 16 200 -64 -100 216 -64 -108 304 -64 -108 320 -64 -100
3 16 304 -64 -108 312 -64 -116 320 -64 -100
4 16 320 -64 -100 312 -64 -116 312 -64 -204 320 -64 -220
3 16 320 -64 -220 312 -64 -204 304 -64 -212
4 16 320 -64 -220 304 -64 -212 216 -64 -212 200 -64 -220
3 16 200 -64 -220 216 -64 -212 208 -64 -204
4 16 200 -64 -220 208 -64 -204 208 -64 -116 200 -64 -100
3 16 200 -64 -100 208 -64 -116 216 -64 -108
2 24 200 -64 -100 320 -64 -100
2 24 320 -64 -100 320 -64 -220
2 24 320 -64 -220 200 -64 -220
2 24 200 -64 -220 200 -64 -100
2 24 216 -64 -108 304 -64 -108
2 24 304 -64 -108 312 -64 -116
2 24 312 -64 -116 312 -64 -204
2 24 312 -64 -204 304 -64 -212
2 24 304 -64 -212 216 -64 -212
2 24 216 -64 -212 208 -64 -204
2 24 208 -64 -204 208 -64 -116
2 24 208 -64 -116 216 -64 -108
4 16 224 0 -120 296 0 -120 304 -64 -108 216 -64 -108
4 16 296 0 -120 300 0 -124 312 -64 -116 304 -64 -108
4 16 300 0 -124 300 0 -196 312 -64 -204 312 -64 -116
4 16 300 0 -196 296 0 -200 304 -64 -212 312 -64 -204
4 16 296 0 -200 224 0 -200 216 -64 -212 304 -64 -212
4 16 224 0 -200 220 0 -196 208 -64 -204 216 -64 -212
4 16 220 0 -196 220 0 -124 208 -64 -116 208 -64 -204
4 16 220 0 -124 224 0 -120 216 -64 -108 208 -64 -116
2 24 216 -64 -108 224 0 -120
2 24 304 -64 -108 296 0 -120
2 24 312 -64 -116 300 0 -124
2 24 312 -64 -204 300 0 -196
2 24 304 -64 -212 296 0 -200
2 24 216 -64 -212 224 0 -200
2 24 208 -64 -204 220 0 -196
2 24 208 -64 -116 220 0 -124
0 // ==== LAYER 2 ==============================================
0 // -- platoon left --
4 16 -380 -72 -260 -380 -72 -60 -420 -72 -60 -420 -72 -260
2 24 -420 -72 -260 -420 -72 -60
2 24 -420 -72 -60 -380 -72 -60
2 24 -380 -72 -60 -380 -72 -260
2 24 -380 -72 -260 -420 -72 -260
4 16 -360 0 -280 -380 -72 -260 -420 -72 -260 -440 0 -280
2 24 -440 0 -280 -420 -72 -260
2 24 -380 -72 -260 -360 0 -280
4 16 -360 0 -280 -360 0 -80 -380 -72 -60 -380 -72 -260
2 24 -380 -72 -60 -360 0 -80
1 16 -410 -72 -160 1 0 0 0 1 0 0 0 1 stug-8x1.dat
1 16 -390 -72 -160 1 0 0 0 1 0 0 0 1 stug-8x1.dat
0 // -- platoon right --
4 16 140 -72 -260 420 -72 -260 320 -72 -220 200 -72 -220
4 16 140 -72 -260 200 -72 -220 200 -72 -100 140 -72 -60
4 16 200 -72 -100 320 -72 -100 420 -72 -60 140 -72 -60
4 16 320 -72 -220 420 -72 -260 420 -72 -60 320 -72 -100
2 24 140 -72 -260 420 -72 -260
2 24 140 -72 -260 140 -72 -60
2 24 140 -72 -60 420 -72 -60
2 24 420 -72 -60 420 -72 -260
4 16 120 0 -80 120 0 -280 140 -72 -260 140 -72 -60
2 24 120 0 -80 140 -72 -60
4 16 120 0 -280 440 0 -280 420 -72 -260 140 -72 -260
2 24 120 0 -280 140 -72 -260
2 24 420 -72 -260 440 0 -280
1 16 240 -72 -90 1 0 0 0 1 0 0 0 1 stug-1x8.dat
1 16 170 -72 -160 1 0 0 0 1 0 0 0 1 stug-6x1.dat
1 16 190 -72 -160 1 0 0 0 1 0 0 0 1 stug-6x1.dat
1 16 240 -72 -230 1 0 0 0 1 0 0 0 1 stug-1x8.dat
1 16 360 -72 -120 1 0 0 0 1 0 0 0 1 stug-4x4.dat
1 16 360 -72 -200 1 0 0 0 1 0 0 0 1 stug-4x4.dat
0 // -- pit front right --
2 24 200 -72 -100 320 -72 -100
2 24 320 -72 -100 320 -72 -220
2 24 320 -72 -220 200 -72 -220
2 24 200 -72 -220 200 -72 -100
4 16 200 -64 -100 320 -64 -100 320 -72 -100 200 -72 -100
4 16 320 -64 -100 320 -64 -220 320 -72 -220 320 -72 -100
4 16 320 -64 -220 200 -64 -220 200 -72 -220 320 -72 -220
4 16 200 -64 -220 200 -64 -100 200 -72 -100 200 -72 -220
2 24 200 -72 -100 200 -64 -100
2 24 320 -72 -100 320 -64 -100
2 24 320 -72 -220 320 -64 -220
2 24 200 -72 -220 200 -64 -220
0 // ==== LAYER 3 ==============================================
0 // -- pit left --
2 24 -340 -112 180 -180 -112 180
2 24 -180 -112 180 -180 -112 20
2 24 -180 -112 20 -340 -112 20
2 24 -340 -112 20 -340 -112 180
4 16 -340 -112 180 -324 -112 172 -196 -112 172 -180 -112 180
3 16 -180 -112 180 -196 -112 172 -188 -112 164
4 16 -180 -112 180 -188 -112 164 -188 -112 36 -180 -112 20
3 16 -180 -112 20 -188 -112 36 -196 -112 28
4 16 -180 -112 20 -196 -112 28 -324 -112 28 -340 -112 20
3 16 -340 -112 20 -324 -112 28 -332 -112 36
4 16 -340 -112 20 -332 -112 36 -332 -112 164 -340 -112 180
3 16 -340 -112 180 -332 -112 164 -324 -112 172
2 24 -324 -112 172 -196 -112 172
2 24 -196 -112 172 -188 -112 164
2 24 -188 -112 164 -188 -112 36
2 24 -188 -112 36 -196 -112 28
2 24 -196 -112 28 -324 -112 28
2 24 -324 -112 28 -332 -112 36
2 24 -332 -112 36 -332 -112 164
2 24 -332 -112 164 -324 -112 172
4 16 -306 0 150 -214 0 150 -196 -112 172 -324 -112 172
4 16 -214 0 150 -210 0 146 -188 -112 164 -196 -112 172
4 16 -210 0 146 -210 0 54 -188 -112 36 -188 -112 164
4 16 -210 0 54 -214 0 50 -196 -112 28 -188 -112 36
4 16 -214 0 50 -306 0 50 -324 -112 28 -196 -112 28
4 16 -306 0 50 -310 0 54 -332 -112 36 -324 -112 28
4 16 -310 0 54 -310 0 146 -332 -112 164 -332 -112 36
4 16 -310 0 146 -306 0 150 -324 -112 172 -332 -112 164
2 24 -324 -112 172 -306 0 150
2 24 -196 -112 172 -214 0 150
2 24 -188 -112 164 -210 0 146
2 24 -188 -112 36 -210 0 54
2 24 -196 -112 28 -214 0 50
2 24 -324 -112 28 -306 0 50
2 24 -332 -112 36 -310 0 54
2 24 -332 -112 164 -310 0 146
0 // -- rear pit right --
2 24 408.88888 -112 172 408.88888 -112 180
2 24 408.88888 -112 180 180 -112 180
2 24 180 -112 180 180 -112 20
2 24 180 -112 20 408.88888 -112 20
2 24 408.88888 -112 20 408.88888 -112 28
4 16 408.88888 -112 180 180 -112 180 196 -112 172 408.88888 -112 172
3 16 188 -112 164 196 -112 172 180 -112 180
4 16 180 -112 20 188 -112 36 188 -112 164 180 -112 180
3 16 196 -112 28 188 -112 36 180 -112 20
4 16 408.88888 -112 20 408.88888 -112 28 196 -112 28 180 -112 20
2 24 408.88888 -112 172 196 -112 172
2 24 196 -112 172 188 -112 164
2 24 188 -112 164 188 -112 36
2 24 188 -112 36 196 -112 28
2 24 196 -112 28 408.88888 -112 28
4 16 408.88888 -112 172 196 -112 172 214 0 150 440 0 150
4 16 196 -112 172 188 -112 164 210 0 146 214 0 150
4 16 188 -112 164 188 -112 36 210 0 54 210 0 146
4 16 188 -112 36 196 -112 28 214 0 50 210 0 54
4 16 196 -112 28 408.88888 -112 28 440 0 50 214 0 50
2 24 408.88888 -112 172 440 0 150
2 24 196 -112 172 214 0 150
2 24 188 -112 164 210 0 146
2 24 188 -112 36 210 0 54
2 24 196 -112 28 214 0 50
2 24 408.88888 -112 28 440 0 50
0 // ==== LAYER 4 ==============================================
0 // -- rear platoon left --
4 16 -380 -120 180 -340 -120 180 -340 -120 220 -380 -120 220
4 16 -340 -120 220 -180 -120 220 -180 -120 246.66666 -340 -120 246.66666
4 16 -340 -120 180 -180 -120 180 -180 -120 220 -340 -120 220
3 16 -180 -120 180 -140 -120 220 -180 -120 220
4 16 -140 -120 220 -180 -120 180 -180 -120 20 -140 -120 -20
3 16 -140 -120 -20 -180 -120 20 -180 -120 -20
4 16 -340 -120 -20 -180 -120 -20 -180 -120 20 -340 -120 20
4 16 -340 -120 -46.66666 -180 -120 -46.66666 -180 -120 -20 -340 -120 -20
4 16 -380 -120 -20 -340 -120 -20 -340 -120 20 -380 -120 20
4 16 -380 -120 20 -340 -120 20 -340 -120 180 -380 -120 180
4 16 -406.66666 -120 20 -380 -120 20 -380 -120 180 -406.66666 -120 180
2 24 -380 -120 220 -340 -120 220
2 24 -340 -120 220 -340 -120 246.66666
2 24 -340 -120 246.66666 -180 -120 246.66666
2 24 -180 -120 246.66666 -180 -120 220
2 24 -180 -120 220 -140 -120 220
2 24 -140 -120 220 -140 -120 -20
2 24 -140 -120 -20 -180 -120 -20
2 24 -180 -120 -20 -180 -120 -46.66666
2 24 -180 -120 -46.66666 -340 -120 -46.66666
2 24 -340 -120 -46.66666 -340 -120 -20
2 24 -340 -120 -20 -380 -120 -20
2 24 -380 -120 -20 -380 -120 20
2 24 -380 -120 20 -406.66666 -120 20
2 24 -406.66666 -120 20 -406.66666 -120 180
2 24 -406.66666 -120 180 -380 -120 180
2 24 -380 -120 180 -380 -120 220
1 16 -260 -120 10 1 0 0 0 1 0 0 0 1 stug-1x10.dat
1 16 -260 -120 190 1 0 0 0 1 0 0 0 1 stug-1x10.dat
1 16 -350 -120 100 1 0 0 0 1 0 0 0 1 stug-8x1.dat
1 16 -170 -120 100 1 0 0 0 1 0 0 0 1 stug-8x1.dat
0 // -- rear platoon right --
3 16 380 -120 220 340 -120 220 380 -120 180
4 16 340 -120 220 180 -120 220 180 -120 180 380 -120 180
4 16 340 -120 246.667 180 -120 246.667 180 -120 220 340 -120 220
3 16 180 -120 220 140 -120 220 180 -120 180
4 16 140 -120 -20 180 -120 20 180 -120 180 140 -120 220
3 16 180 -120 -20 180 -120 20 140 -120 -20
4 16 340 -120 -20 180 -120 -20 180 -120 -46.667 340 -120 -46.667
4 16 180 -120 -20 340 -120 -20 380 -120 20 180 -120 20
3 16 340 -120 -20 380 -120 -20 380 -120 20
2 24 380 -120 220 340 -120 220
2 24 340 -120 220 340 -120 246.667
2 24 340 -120 246.667 180 -120 246.667
2 24 180 -120 246.667 180 -120 220
2 24 180 -120 220 140 -120 220
2 24 140 -120 220 140 -120 -20
2 24 140 -120 -20 180 -120 -20
2 24 180 -120 -20 180 -120 -46.667
2 24 180 -120 -46.667 340 -120 -46.667
2 24 340 -120 -46.667 340 -120 -20
2 24 340 -120 -20 380 -120 -20
2 24 380 -120 -20 380 -120 20
2 24 380 -120 180 380 -120 220
1 16 260 -120 10 1 0 0 0 1 0 0 0 1 stug-1x10.dat
1 16 260 -120 190 1 0 0 0 1 0 0 0 1 stug-1x10.dat
1 16 170 -120 100 1 0 0 0 1 0 0 0 1 stug-8x1.dat
0 // -- pit left --
2 24 -340 -120 180 -180 -120 180
2 24 -180 -120 180 -180 -120 20
2 24 -180 -120 20 -340 -120 20
2 24 -340 -120 20 -340 -120 180
4 16 -340 -112 180 -180 -112 180 -180 -120 180 -340 -120 180
4 16 -180 -112 180 -180 -112 20 -180 -120 20 -180 -120 180
4 16 -180 -112 20 -340 -112 20 -340 -120 20 -180 -120 20
4 16 -340 -112 20 -340 -112 180 -340 -120 180 -340 -120 20
2 24 -340 -120 180 -340 -112 180
2 24 -180 -120 180 -180 -112 180
2 24 -180 -120 20 -180 -112 20
2 24 -340 -120 20 -340 -112 20
0 // -- rear pit right --
2 24 380 -120 180 180 -120 180
2 24 180 -120 180 180 -120 20
2 24 180 -120 20 380 -120 20
4 16 380 -120 180 180 -120 180 180 -112 180 408.88888 -112 180
4 16 180 -120 180 180 -120 20 180 -112 20 180 -112 180
4 16 180 -120 20 380 -120 20 408.88888 -112 20 180 -112 20
2 24 180 -120 180 180 -112 180
2 24 180 -120 20 180 -112 20
0 // ==== LAYER 5 ==============================================
0 // -- rear platoon left --
4 16 -340 -120 220 -340 -120 246.66666 -340 -124 245.55555 -340 -124 220
2 24 -340 -124 220 -340 -120 220
2 24 -340 -124 220 -340 -124 245.55555
2 24 -340 -124 245.55555 -340 -120 246.66666
4 16 -180 -120 246.66666 -180 -120 220 -180 -124 220 -180 -124 245.55555
2 24 -180 -124 245.55555 -180 -120 246.66666
2 24 -180 -124 245.55555 -180 -124 220
2 24 -180 -124 220 -180 -120 220
4 16 -180 -120 -20 -180 -120 -46.66666 -180 -124 -45.55555 -180 -124 -20
2 24 -180 -124 -20 -180 -120 -20
2 24 -180 -124 -20 -180 -124 -45.55555
2 24 -180 -124 -45.55555 -180 -120 -46.66666
4 16 -340 -120 -46.66666 -340 -120 -20 -340 -124 -20 -340 -124 -45.55555
2 24 -340 -124 -45.55555 -340 -120 -46.66666
2 24 -340 -124 -45.55555 -340 -124 -20
2 24 -340 -124 -20 -340 -120 -20
4 16 -380 -120 20 -406.66666 -120 20 -405.55555 -124 20 -380 -124 20
2 24 -380 -124 20 -380 -120 20
2 24 -380 -124 20 -405.55555 -124 20
2 24 -405.55555 -124 20 -406.66666 -120 20
4 16 -406.66666 -120 180 -380 -120 180 -380 -124 180 -405.55555 -124 180
2 24 -405.55555 -124 180 -406.66666 -120 180
2 24 -405.55555 -124 180 -380 -124 180
2 24 -380 -124 180 -380 -120 180
0 // -- rear platoon right --
4 16 340 -124 220 340 -124 245.556 340 -120 246.66666 340 -120 220
2 24 340 -124 220 340 -120 220
2 24 340 -124 220 340 -124 245.556
2 24 340 -124 245.55555 340 -120 246.66666
4 16 180 -124 245.55555 180 -124 220 180 -120 220 180 -120 246.667
2 24 180 -124 245.55555 180 -120 246.66666
2 24 180 -124 245.55555 180 -124 220
2 24 180 -124 220 180 -120 220
4 16 180 -124 -20 180 -124 -45.55555 180 -120 -46.66666 180 -120 -20
2 24 180 -124 -20 180 -120 -20
2 24 180 -124 -20 180 -124 -45.55555
2 24 180 -124 -45.55555 180 -120 -46.66666
4 16 340 -124 -45.55555 340 -124 -20 340 -120 -20 340 -120 -46.66666
2 24 340 -124 -45.55555 340 -120 -46.66666
2 24 340 -124 -45.55555 340 -124 -20
2 24 340 -124 -20 340 -120 -20
4 16 380 -124 20 405.55555 -124 20 408.88888 -112 20 380 -120 20
2 24 380 -124 20 380 -120 20
2 24 380 -124 20 405.55555 -124 20
2 24 405.55555 -124 20 408.88888 -112 20
4 16 405.55555 -124 180 380 -124 180 380 -120 180 408.88888 -112 180
2 24 405.55555 -124 180 408.88888 -112 180
2 24 405.55555 -124 180 380 -124 180
2 24 380 -124 180 380 -120 180
0 // ==== LAYER 6 ==============================================
0 //-- top level platoon --
0 //-- left
0 // top surface
4 16 -400 -144 240 -380 -144 220 -360 -144 220 -360 -144 240
4 16 -400 -144 240 -400 -144 200 -380 -144 200 -380 -144 220
4 16 -380 -144 -20 -380 -144 0 -400 -144 0 -400 -144 -40
4 16 -360 -144 -40 -360 -144 -20 -380 -144 -20 -400 -144 -40
2 24 -400 -144 -40 -360 -144 -40
2 24 -400 -144 -40 -400 -144 0
2 24 -400 -144 200 -400 -144 240
2 24 -400 -144 240 -360 -144 240
2 24 -360 -144 -40 -360 -144 -20
2 24 -360 -144 -20 -380 -144 -20
2 24 -380 -144 -20 -380 -144 0
2 24 -380 -144 0 -400 -144 0
2 24 -400 -144 200 -380 -144 200
2 24 -380 -144 200 -380 -144 220
2 24 -380 -144 220 -360 -144 220
2 24 -360 -144 220 -360 -144 240
0 // inner surface
4 16 -360 -144 220 -380 -144 220 -340 -120 220 -340 -124 220
3 16 -380 -144 220 -380 -120 220 -340 -120 220
2 24 -360 -144 220 -340 -124 220
2 24 -380 -144 220 -380 -120 220
4 16 -340 -124 220 -340 -124 245.55555 -360 -144 240 -360 -144 220
2 24 -360 -144 240 -340 -124 245.55555
4 16 -180 -124 245.55555 -180 -124 220 -160 -144 220 -160 -144 240
2 24 -160 -144 240 -180 -124 245.55555
4 16 -180 -124 220 -180 -120 220 -140 -144 220 -160 -144 220
3 16 -180 -120 220 -140 -120 220 -140 -144 220
4 16 -140 -120 220 -140 -120 -20 -140 -144 -20 -140 -144 220
4 16 -180 -120 -20 -180 -124 -20 -160 -144 -20 -140 -144 -20
3 16 -140 -120 -20 -180 -120 -20 -140 -144 -20
2 24 -160 -144 220 -180 -124 220
2 24 -140 -144 220 -140 -120 220
2 24 -140 -144 -20 -140 -120 -20
2 24 -160 -144 -20 -180 -124 -20
4 16 -180 -124 -20 -180 -124 -45.55555 -160 -144 -40 -160 -144 -20
2 24 -160 -144 -40 -180 -124 -45.55555
4 16 -380 -144 -20 -360 -144 -20 -340 -124 -20 -340 -120 -20
3 16 -380 -144 -20 -340 -120 -20 -380 -120 -20
4 16 -340 -124 -45.55555 -340 -124 -20 -360 -144 -20 -360 -144 -40
2 24 -360 -144 -40 -340 -124 -45.55555
4 16 -380 -144 0 -380 -144 -20 -380 -120 20 -380 -124 20
3 16 -380 -144 -20 -380 -120 -20 -380 -120 20
2 24 -360 -144 -20 -340 -124 -20
2 24 -380 -144 -20 -380 -120 -20
2 24 -380 -144 0 -380 -124 20
4 16 -380 -124 20 -405.556 -124 20 -400 -144 0 -380 -144 0
2 24 -400 -144 0 -405.556 -124 20
4 16 -405.55555 -124 180 -380 -124 180 -380 -144 200 -400 -144 200
2 24 -400 -144 200 -405.55555 -124 180
4 16 -380 -124 180 -380 -120 180 -380 -144 220 -380 -144 200
3 16 -380 -120 180 -380 -120 220 -380 -144 220
2 24 -380 -144 200 -380 -124 180
0 // outer surface
0 // -- middle
3 16 -140 -144 -20 -160 -144 -20 -160 -144 -40
3 16 -160 -144 240 -160 -144 220 -140 -144 220
3 16 160 -144 -40 160 -144 -20 140 -144 -20
3 16 140 -144 220 160 -144 220 160 -144 240
4 16 140 -144 -20 140 -144 220 -140 -144 220 -140 -144 -20
4 16 160 -144 -40 140 -144 -20 -140 -144 -20 -160 -144 -40
4 16 -140 -144 220 140 -144 220 160 -144 240 -160 -144 240
2 24 -160 -144 240 -160 -144 220
2 24 -160 -144 220 -140 -144 220
2 24 -140 -144 220 -140 -144 -20
2 24 -140 -144 -20 -160 -144 -20
2 24 -160 -144 -20 -160 -144 -40
2 24 160 -144 240 -160 -144 240
2 24 -160 -144 -40 160 -144 -40
2 24 160 -144 240 160 -144 220
2 24 160 -144 220 140 -144 220
2 24 140 -144 220 140 -144 -20
2 24 140 -144 -20 160 -144 -20
2 24 160 -144 -20 160 -144 -40
0 // -- right
0 // top surface
4 16 360 -144 240 360 -144 220 380 -144 220 400 -144 240
4 16 380 -144 220 380 -144 200 400 -144 200 400 -144 240
4 16 400 -144 -40 400 -144 0 380 -144 0 380 -144 -20
4 16 400 -144 -40 380 -144 -20 360 -144 -20 360 -144 -40
2 24 360 -144 -40 360 -144 -20
2 24 360 -144 -20 380 -144 -20
2 24 380 -144 -20 380 -144 0
2 24 380 -144 0 400 -144 0
2 24 400 -144 240 360 -144 240
2 24 400 -144 200 380 -144 200
2 24 380 -144 200 380 -144 220
2 24 380 -144 220 360 -144 220
2 24 360 -144 220 360 -144 240
2 24 400 -144 -40 360 -144 -40
2 24 400 -144 -40 400 -144 0
2 24 400 -144 240 400 -144 200
0 // inner surface
4 16 340 -124 220 340 -120 220 380 -144 220 360 -144 220
3 16 340 -120 220 380 -120 220 380 -144 220
2 24 360 -144 220 340 -124 220
2 24 380 -144 220 380 -120 220
4 16 360 -144 220 360 -144 240 340 -124 245.556 340 -124 220
2 24 360 -144 240 340 -124 245.556
4 16 160 -144 240 160 -144 220 180 -124 220 180 -124 245.556
2 24 160 -144 240 180 -124 245.556
4 16 160 -144 220 140 -144 220 180 -120 220 180 -124 220
3 16 140 -144 220 140 -120 220 180 -120 220
4 16 140 -144 220 140 -144 -20 140 -120 -20 140 -120 220
4 16 140 -144 -20 160 -144 -20 180 -124 -20 180 -120 -20
3 16 140 -144 -20 180 -120 -20 140 -120 -20
2 24 160 -144 220 180 -124 220
2 24 140 -144 220 140 -120 220
2 24 140 -144 -20 140 -120 -20
2 24 160 -144 -20 180 -124 -20
4 16 160 -144 -20 160 -144 -40 180 -124 -45.556 180 -124 -20
2 24 160 -144 -40 180 -124 -45.556
4 16 340 -120 -20 340 -124 -20 360 -144 -20 380 -144 -20
3 16 380 -120 -20 340 -120 -20 380 -144 -20
4 16 360 -144 -40 360 -144 -20 340 -124 -20 340 -124 -45.556
2 24 360 -144 -40 340 -124 -45.556
4 16 380 -124 20 380 -120 20 380 -144 -20 380 -144 0
3 16 380 -120 20 380 -120 -20 380 -144 -20
2 24 360 -144 -20 340 -124 -20
2 24 380 -144 -20 380 -120 -20
2 24 380 -144 0 380 -124 20
4 16 380 -144 0 400 -144 0 405.556 -124 20 380 -124 20
2 24 400 -144 0 405.556 -124 20
4 16 400 -144 200 380 -144 200 380 -124 180 405.556 -124 180
2 24 400 -144 200 405.556 -124 180
4 16 380 -144 200 380 -144 220 380 -120 180 380 -124 180
3 16 380 -144 220 380 -120 220 380 -120 180
2 24 380 -144 200 380 -124 180
1 16 -60 -144 40 1 0 0 0 1 0 0 0 1 stug-6x6.dat
1 16 -60 -144 160 1 0 0 0 1 0 0 0 1 stug-6x6.dat
1 16 60 -144 40 1 0 0 0 1 0 0 0 1 stug-6x6.dat
1 16 60 -144 160 1 0 0 0 1 0 0 0 1 stug-6x6.dat
0 // ==== OUTER SURFACES =======================================
0 //-- front --
2 24 -400 -144 -40 -420 -72 -60
4 16 -340 -120 -46.66666 -340 -124 -45.55555 -360 -144 -40 -400 -144 -40
4 16 -180 -124 -45.55555 180 -124 -45.55555 160 -144 -40 -160 -144 -40
4 16 -180 -120 -46.66666 180 -120 -46.66666 180 -124 -45.55555 -180 -124 -45.55555
4 16 400 -144 -40 360 -144 -40 340 -124 -45.556 340 -120 -46.66666
2 24 400 -144 -40 420 -72 -60
4 16 -420 -72 -60 -380 -72 -60 -340 -120 -46.66666 -400 -144 -40
4 16 140 -72 -60 -180 -120 -46.66666 -340 -120 -46.66666 -380 -72 -60
3 16 140 -72 -60 180 -120 -46.66666 -180 -120 -46.66666
4 16 140 -72 -60 420 -72 -60 340 -120 -46.66666 180 -120 -46.66666
3 16 420 -72 -60 400 -144 -40 340 -120 -46.66666
4 16 -360 0 -80 120 0 -80 140 -72 -60 -380 -72 -60
0 // -- back --
2 24 400 -144 240 440 0 280
4 16 340 -120 246.667 340 -124 245.556 360 -144 240 400 -144 240
4 16 -160 -144 240 160 -144 240 180 -124 245.556 -180 -124 245.556
4 16 -180 -124 245.556 180 -124 245.556 180 -120 246.667 -180 -120 246.667
4 16 -400 -144 240 -360 -144 240 -340 -124 245.556 -340 -120 246.667
3 16 440 0 280 340 -120 246.667 400 -144 240
3 16 440 0 280 180 -120 246.667 340 -120 246.667
4 16 440 0 280 -440 0 280 -180 -120 246.667 180 -120 246.667
3 16 -340 -120 246.667 -180 -120 246.667 -440 0 280
3 16 -400 -144 240 -340 -120 246.667 -440 0 280
2 24 -400 -144 240 -440 0 280
0 // -- left --
4 16 -406.66666 -120 180 -405.55555 -124 180 -400 -144 200 -400 -144 240
4 16 -400 -144 -40 -400 -144 0 -405.55555 -124 20 -406.66666 -120 20
3 16 -440 0 280 -406.66666 -120 180 -400 -144 240
4 16 -440 0 280 -420 -72 -60 -406.66666 -120 20 -406.66666 -120 180
3 16 -400 -144 -40 -406.66666 -120 20 -420 -72 -60
4 16 -420 -72 -260 -420 -72 -60 -440 0 280 -440 0 -280
0 // -- right --
4 16 408.88888 -112 20 405.55555 -124 20 400 -144 0 400 -144 -40
3 16 420 -72 -60 408.88888 -112 20 400 -144 -40
4 16 420 -72 -60 440 0 50 408.88888 -112 28 408.88888 -112 20
4 16 420 -72 -260 440 0 -280 440 0 50 420 -72 -60
4 16 400 -144 240 400 -144 200 405.556 -124 180 408.88888 -112 180
3 16 400 -144 240 408.88888 -112 180 440 0 280
4 16 408.88888 -112 180 408.88888 -112 172 440 0 150 440 0 280
0 // ==== LAYER -1 =============================================
0 // -- baseplate --
3 16 476 4 320 476 4 316 436 4 276
3 16 436 4 276 476 4 316 480 4 316
4 16 -476 4 320 476 4 320 436 4 276 -436 4 276
3 16 -436 4 276 -476 4 316 -476 4 320
3 16 -480 4 316 -476 4 316 -436 4 276
4 16 -436 4 276 -436 4 -276 -480 4 -316 -480 4 316
3 16 -436 4 -276 -476 4 -316 -480 4 -316
3 16 -476 4 -320 -476 4 -316 -436 4 -276
3 16 -476 4 -320 -436 4 -276 -364 4 -276
4 16 -364 4 -276 124 4 -276 476 4 -320 -476 4 -320
3 16 124 4 -276 436 4 -276 476 4 -320
3 16 436 4 -276 476 4 -316 476 4 -320
3 16 480 4 -316 476 4 -316 436 4 -276
3 16 436 4 -276 436 4 46 480 4 -316
4 16 436 4 46 436 4 154 480 4 316 480 4 -316
3 16 480 4 316 436 4 154 436 4 276
0 // -- pit right --
4 16 216 4 -116 304 4 -116 304 4 -204 216 4 -204
2 24 216 4 -116 304 4 -116
2 24 304 4 -116 304 4 -204
2 24 304 4 -204 216 4 -204
2 24 216 4 -204 216 4 -116
4 16 216 4 -116 204 -60 -104 316 -60 -104 304 4 -116
4 16 316 -60 -216 304 4 -204 304 4 -116 316 -60 -104
4 16 204 -60 -216 216 4 -204 304 4 -204 316 -60 -216
4 16 204 -60 -104 216 4 -116 216 4 -204 204 -60 -216
2 24 216 4 -116 204 -60 -104
2 24 304 4 -116 316 -60 -104
2 24 304 4 -204 316 -60 -216
2 24 216 4 -204 204 -60 -216
2 24 204 -60 -104 316 -60 -104
2 24 316 -60 -104 316 -60 -216
2 24 316 -60 -216 204 -60 -216
2 24 204 -60 -216 204 -60 -104
4 16 204 -60 -104 196 -60 -96 324 -60 -96 316 -60 -104
4 16 316 -60 -104 324 -60 -96 324 -60 -224 316 -60 -216
4 16 316 -60 -216 324 -60 -224 196 -60 -224 204 -60 -216
4 16 204 -60 -216 196 -60 -224 196 -60 -96 204 -60 -104
2 24 196 -60 -96 324 -60 -96
2 24 324 -60 -96 324 -60 -224
2 24 324 -60 -224 196 -60 -224
2 24 196 -60 -224 196 -60 -96
4 16 196 -60 -96 196 -68 -96 324 -68 -96 324 -60 -96
4 16 324 -60 -96 324 -68 -96 324 -68 -224 324 -60 -224
4 16 324 -60 -224 324 -68 -224 196 -68 -224 196 -60 -224
4 16 196 -60 -224 196 -68 -224 196 -68 -96 196 -60 -96
2 24 196 -60 -96 196 -68 -96
2 24 324 -60 -96 324 -68 -96
2 24 324 -60 -224 324 -68 -224
2 24 196 -60 -224 196 -68 -224
2 24 196 -68 -96 324 -68 -96
2 24 324 -68 -96 324 -68 -224
2 24 324 -68 -224 196 -68 -224
2 24 196 -68 -224 196 -68 -96
0 // -- front platoon right --
2 24 144 -68 -256 144 -68 -56
4 16 144 -68 -56 196 -68 -96 196 -68 -224 144 -68 -256
2 24 144 -68 -256 416 -68 -256
4 16 196 -68 -224 324 -68 -224 416 -68 -256 144 -68 -256
2 24 416 -68 -56 416 -68 -256
4 16 324 -68 -96 416 -68 -56 416 -68 -256 324 -68 -224
2 24 416 -68 -56 144 -68 -56
4 16 144 -68 -56 416 -68 -56 324 -68 -96 196 -68 -96
2 24 124 4 -276 436 4 -276
4 16 144 -68 -256 416 -68 -256 436 4 -276 124 4 -276
2 24 144 -68 -56 124 4 -76
4 16 124 4 -76 144 -68 -56 144 -68 -256 124 4 -276
2 24 124 4 -276 144 -68 -256
0 // -- sides --
4 16 416 -68 -56 144 -68 -56 136 -116 -42.66666 403.77777 -116 -42.66666
2 24 403.77777 -116 -42.66666 416 -68 -56
2 24 -403.77777 -116 -42.66666 -416 -68 -56
0 // back
3 16 403.77777 -116 242.66666 136 -116 242.66666 436 4 276
4 16 136 -116 242.66666 -136 -116 242.66666 -436 4 276 436 4 276
2 24 436 4 276 -436 4 276
3 16 -436 4 276 -136 -116 242.66666 -403.77777 -116 242.66666
0 // right
4 16 436 4 -276 416 -68 -256 416 -68 -56 436 4 46
2 24 436 4 -276 436 4 46
4 16 405.99999 -108 16 405.99999 -108 24 436 4 46 416 -68 -56
4 16 403.77777 -116 -42.66666 403.77777 -116 16 405.99999 -108 16 416 -68 -56
4 16 405.99999 -108 176 405.99999 -108 184 436 4 276 436 4 154
2 24 436 4 154 436 4 276
4 16 405.99999 -108 184 403.77777 -116 184 403.77777 -116 242.66666 436 4 276
2 24 436 4 276 403.77777 -116 242.66666
0 // left
4 16 -416 -68 -56 -436 4 276 -403.77777 -116 242.66666 -403.77777 -116 -42.66666
4 16 -416 -68 -56 -416 -68 -256 -436 4 -276 -436 4 276
2 24 -436 4 276 -436 4 -276
2 24 -436 4 276 -403.77777 -116 242.66666
0 // -- top surface --
0 // right
4 16 403.77777 -116 -42.66666 136 -116 -42.66666 176 -116 16 403.77777 -116 16
2 24 403.77777 -116 -42.66666 136 -116 -42.66666
2 24 403.77777 -116 -42.66666 403.77777 -116 16
4 16 136 -116 242.66666 176 -116 184 176 -116 16 136 -116 -42.66666
2 24 136 -116 242.66666 136 -116 -42.66666
4 16 403.77777 -116 184 176 -116 184 136 -116 242.66666 403.77777 -116 242.66666
2 24 403.77777 -116 242.66666 136 -116 242.66666
2 24 403.77777 -116 242.66666 403.77777 -116 184
0 // left
4 16 -344 -116 16 -176 -116 16 -136 -116 -42.66666 -403.77777 -116 -42.66666
2 24 -403.77777 -116 -42.66666 -136 -116 -42.66666
4 16 -136 -116 -42.66666 -176 -116 16 -176 -116 184 -136 -116 242.66666
2 24 -136 -116 242.66666 -136 -116 -42.66666
4 16 -403.77777 -116 242.66666 -136 -116 242.66666 -176 -116 184 -344 -116 184
2 24 -403.77777 -116 242.66666 -136 -116 242.66666
4 16 -403.77777 -116 242.66666 -344 -116 184 -344 -116 16 -403.77777 -116 -42.66666
2 24 -403.77777 -116 -42.66666 -403.77777 -116 242.66666
0 // middle
4 16 136 -140 -36 136 -140 236 136 -116 242.66666 136 -116 -42.66666
2 24 136 -116 -42.66666 136 -140 -36
2 24 136 -116 242.66666 136 -140 236
4 16 -136 -116 -42.66666 -136 -116 242.66666 -136 -140 236 -136 -140 -36
2 24 -136 -116 -42.66666 -136 -140 -36
2 24 -136 -116 242.66666 -136 -140 236
4 16 -136 -116 -42.66666 -136 -140 -36 136 -140 -36 136 -116 -42.66666
4 16 136 -116 242.66666 136 -140 236 -136 -140 236 -136 -116 242.66666
4 16 -136 -140 -36 -136 -140 236 136 -140 236 136 -140 -36
2 24 -136 -140 -36 -136 -140 236
2 24 -136 -140 236 136 -140 236
2 24 136 -140 236 136 -140 -36
2 24 136 -140 -36 -136 -140 -36
0 // -- front platoon left --
4 16 -416 -68 -256 -416 -68 -56 -384 -68 -56 -384 -68 -256
4 16 -436 4 -276 -416 -68 -256 -384 -68 -256 -364 4 -276
2 24 -436 4 -276 -364 4 -276
2 24 -436 4 -276 -416 -68 -256
2 24 -364 4 -276 -384 -68 -256
2 24 -416 -68 -56 -384 -68 -56
4 16 -384 -68 -256 -384 -68 -56 -364 4 -76 -364 4 -276
2 24 -364 4 -76 -384 -68 -56
2 24 -416 -68 -256 -416 -68 -56
2 24 -416 -68 -256 -384 -68 -256 
2 24 -384 -68 -256 -384 -68 -56
2 24 436 4 -276 416 -68 -256
0 // -- middlepart front --
4 16 124 4 -76 124 4 -276 -364 4 -276 -364 4 -76
2 24 -364 4 -276 -364 4 -76
2 24 -364 4 -76 124 4 -76
2 24 124 4 -76 124 4 -276
4 16 -384 -68 -56 144 -68 -56 124 4 -76 -364 4 -76
4 16 -384 -68 -56 -136 -116 -42.66666 136 -116 -42.66666 144 -68 -56
4 16 -403.77777 -116 -42.66666 -136 -116 -42.66666 -384 -68 -56 -416 -68 -56
0 // -- pit right --
4 16 436 4 46 206 4 46 206 4 154 436 4 154
2 24 436 4 46 206 4 46
2 24 206 4 46 206 4 154
2 24 206 4 154 436 4 154
4 16 436 4 46 405.99999 -108 24 184 -108 24 206 4 46
4 16 206 4 46 184 -108 24 184 -108 176 206 4 154
4 16 206 4 154 184 -108 176 405.99999 -108 176 436 4 154
2 24 436 4 46 405.99999 -108 24
2 24 206 4 46 184 -108 24
2 24 206 4 154 184 -108 176
2 24 436 4 154 405.99999 -108 176
4 16 405.99999 -108 24 405.99999 -108 16 176 -108 16 184 -108 24
4 16 176 -108 16 176 -108 184 184 -108 176 184 -108 24
4 16 176 -108 184 405.99999 -108 184 405.99999 -108 176 184 -108 176
2 24 405.99999 -108 24 184 -108 24
2 24 184 -108 24 184 -108 176
2 24 184 -108 176 405.99999 -108 176
2 24 405.99999 -108 24 405.99999 -108 16
2 24 405.99999 -108 176 405.99999 -108 184
2 24 405.99999 -108 16 176 -108 16
2 24 176 -108 16 176 -108 184
2 24 176 -108 184 405.99999 -108 184
4 16 405.99999 -108 16 403.77777 -116 16 176 -116 16 176 -108 16
4 16 176 -108 16 176 -116 16 176 -116 184 176 -108 184
4 16 176 -108 184 176 -116 184 403.77777 -116 184 405.99999 -108 184
2 24 405.99999 -108 16 403.77777 -116 16
2 24 176 -108 16 176 -116 16
2 24 176 -108 184 176 -116 184
2 24 405.99999 -108 184 403.77777 -116 184
2 24 403.77777 -116 16 176 -116 16
2 24 176 -116 16 176 -116 184
2 24 176 -116 184 403.77777 -116 184
0 // -- pit left --
4 16 -314 4 154 -206 4 154 -206 4 46 -314 4 46
2 24 -314 4 46 -206 4 46
2 24 -206 4 46 -206 4 154
2 24 -206 4 154 -314 4 154
2 24 -314 4 154 -314 4 46
4 16 -206 4 46 -184 -108 24 -336 -108 24 -314 4 46
4 16 -206 4 154 -184 -108 176 -184 -108 24 -206 4 46
4 16 -314 4 154 -336 -108 176 -184 -108 176 -206 4 154
4 16 -314 4 46 -336 -108 24 -336 -108 176 -314 4 154
2 24 -314 4 46 -336 -108 24
2 24 -206 4 46 -184 -108 24
2 24 -206 4 154 -184 -108 176
2 24 -314 4 154 -336 -108 176
4 16 -184 -108 24 -176 -108 16 -344 -108 16 -336 -108 24
4 16 -184 -108 24 -184 -108 176 -176 -108 184 -176 -108 16
4 16 -184 -108 176 -336 -108 176 -344 -108 184 -176 -108 184
4 16 -344 -108 16 -344 -108 184 -336 -108 176 -336 -108 24
2 24 -336 -108 24 -184 -108 24
2 24 -184 -108 24 -184 -108 176
2 24 -184 -108 176 -336 -108 176
2 24 -336 -108 24 -336 -108 176
2 24 -344 -108 16 -176 -108 16
2 24 -176 -108 16 -176 -108 184
2 24 -176 -108 184 -344 -108 184
2 24 -344 -108 16 -344 -108 184
4 16 -176 -108 16 -176 -116 16 -344 -116 16 -344 -108 16
4 16 -176 -108 184 -176 -116 184 -176 -116 16 -176 -108 16
4 16 -344 -108 184 -344 -116 184 -176 -116 184 -176 -108 184
4 16 -344 -108 16 -344 -116 16 -344 -116 184 -344 -108 184
2 24 -344 -108 16 -344 -116 16
2 24 -176 -108 16 -176 -116 16
2 24 -176 -108 184 -176 -116 184
2 24 -344 -108 184 -344 -116 184
2 24 -344 -116 16 -176 -116 16
2 24 -176 -116 16 -176 -116 184
2 24 -176 -116 184 -344 -116 184
2 24 -344 -116 16 -344 -116 184
