0 Wing  2 x  4
0 Name: 51739.dat
0 Author: Chris Dee [cwdee]
0 !LDRAW_ORG Part UPDATE 2005-01
0 !LICENSE Redistributable under CCAL version 2.0 : see CAreadme.txt

0 BFC CERTIFY CW

0 !HISTORY 2005-12-28 [PTadmin] Official Update 2005-01
0 !HISTORY 2007-07-09 [PTadmin] Header formatted for Contributor Agreement
0 !HISTORY 2008-07-01 [PTadmin] Official Update 2008-01

1 16 0 0 0 0 0 -1 0 1 0 1 0 0 stug2.dat
1 16 0 4 20 0 0 -39 4 0 0 0 -1 0 rect.dat
1 16 0 4 -20 0 0 -20 4 0 0 0 1 0 rect.dat
1 16 0 4 0 0 0 -1 0 -1 0 1 0 0 stud4.dat
0 BFC INVERTNEXT
1 16 0 8 0 0 0 -16 0 -4 0 16 0 0 box5.dat
4 16 -16 8 -16 -20 8 -20 20 8 -20 16 8 -16
4 16 32.136 8 16 39 8 20 -39 8 20 -32.136 8 16
4 16 -39 0 20 39 0 20 20 0 -20 -20 0 -20

0 +x
3 16 39 0 20 39 0 17 20 0 -20
2 24 39 0 17 20 0 -20
1 16 39 4 18.5 0 -1 0 4 0 0 0 0 -1.5 rect3.dat
4 16 20 8 -20 24.317 8 -11.593 24 8 -10 20 8 -11.587
3 16 20 8 -11.587 24 8 -10 24.457 8 -7.704
3 16 20 8 -11.587 24.457 8 -7.704 28.577 8 4.283
3 16 28.577 8 4.283 24.457 8 -7.704 25.757 8 -5.757
3 16 28.577 8 4.283 25.757 8 -5.757 27.704 8 -4.457
4 16 28.577 8 4.283 27.704 8 -4.457 28.013 8 -4.395 31.624 8 2.636
2 24 31.624 8 2.636 28.013 8 -4.395
2 24 28.013 8 -4.395 27.704 8 -4.457
2 24 27.704 8 -4.457 25.757 8 -5.757
2 24 25.757 8 -5.757 24.457 8 -7.704
2 24 24.457 8 -7.704 24 8 -10
2 24 24 8 -10 24.317 8 -11.593
2 24 24.317 8 -11.593 20 8 -20
2 24 28.013 3 -4.395 27.704 3 -4.457
2 24 27.704 3 -4.457 25.757 3 -5.757
2 24 25.757 3 -5.757 24.457 3 -7.704
2 24 24.457 3 -7.704 24 3 -10
2 24 24 3 -10 24.317 3 -11.593
5 24 27.704 3 -4.457 27.704 8 -4.457 28.486 3 -4.301 25.757 3 -5.757
5 24 25.757 3 -5.757 25.757 8 -5.757 27.704 3 -4.457 24.457 3 -7.704
5 24 24.457 3 -7.704 24.457 8 -7.704 25.757 3 -5.757 24 3 -10
5 24 24 3 -10 24 8 -10 24.457 3 -7.704 24.378 3 -11.9
4 16 24 3 -10 24.317 3 -11.593 28.013 3 -4.395 27.704 3 -4.457
4 16 27.704 3 -4.457 25.757 3 -5.757 24.457 3 -7.704 24 3 -10
2 24 28.013 3 -4.395 28.013 8 -4.395
2 24 24.317 3 -11.593 24.317 8 -11.593
2 24 28.013 3 -4.395 24.317 3 -11.593
4 16 27.704 8 -4.457 27.704 3 -4.457 28.013 3 -4.395 28.013 8 -4.395
4 16 25.757 8 -5.757 25.757 3 -5.757 27.704 3 -4.457 27.704 8 -4.457
4 16 24.457 8 -7.704 24.457 3 -7.704 25.757 3 -5.757 25.757 8 -5.757
4 16 24 8 -10 24 3 -10 24.457 3 -7.704 24.457 8 -7.704
4 16 24.317 8 -11.593 24.317 3 -11.593 24 3 -10 24 8 -10
4 16 20 8 -20 20 0 -20 24.317 3 -11.593 24.317 8 -11.593
3 16 24.317 3 -11.593 20 0 -20 28.013 3 -4.395
4 16 28.013 3 -4.395 20 0 -20 39 0 17 31.624 3 2.636
4 16 31.624 8 2.636 28.013 8 -4.395 28.013 3 -4.395 31.624 3 2.636
3 16 31.624 3 2.636 39 0 17 37.107 3 13.313
4 16 37.107 3 13.313 39 0 17 39 8 17 37.107 8 13.313
2 24 37.107 8 13.313 39 8 17
2 24 31.624 8 2.636 28.577 8 4.283
2 24 28.577 8 4.283 20 8 -11.587
2 24 20 8 -11.587 20 8 16
2 24 20 8 16 32.136 8 16
2 24 32.136 8 16 37.107 8 13.313
2 24 31.624 3 2.636 28.577 3 4.283
2 24 28.577 3 4.283 20 3 -11.587
2 24 20 3 -11.587 20 3 16
2 24 20 3 16 32.136 3 16
2 24 32.136 3 16 37.107 3 13.313
2 24 31.624 8 2.636 31.624 3 2.636
2 24 28.577 8 4.283 28.577 3 4.283
2 24 20 8 -11.587 20 3 -11.587
2 24 20 8 16 20 3 16
2 24 32.136 8 16 32.136 3 16
2 24 37.107 8 13.313 37.107 3 13.313
4 16 28.577 3 4.283 28.577 8 4.283 31.624 8 2.636 31.624 3 2.636
4 16 20 3 -11.587 20 8 -11.587 28.577 8 4.283 28.577 3 4.283
4 16 20 3 16 20 8 16 20 8 -11.587 20 3 -11.587
4 16 32.136 3 16 32.136 8 16 20 8 16 20 3 16
4 16 37.107 3 13.313 37.107 8 13.313 32.136 8 16 32.136 3 16
2 24 31.624 3 2.636 37.107 3 13.313
4 16 32.136 3 16 28.577 3 4.283 31.624 3 2.636 37.107 3 13.313
4 16 20 3 16 20 3 -11.587 28.577 3 4.283 32.136 3 16
4 16 37.107 8 13.313 39 8 17 39 8 20 32.136 8 16
4 16 16 8 -16 20 8 -20 20 8 16 16 8 16
0 -x
3 16 -20 0 -20 -39 0 17 -39 0 20
2 24 -39 0 17 -20 0 -20
1 16 -39 4 18.5 0 1 0 4 0 0 0 0 -1.5 rect3.dat
4 16 -24 8 -10 -24.317 8 -11.593 -20 8 -20 -20 8 -11.587
3 16 -24.457 8 -7.704 -24 8 -10 -20 8 -11.587
3 16 -28.577 8 4.283 -24.457 8 -7.704 -20 8 -11.587
3 16 -25.757 8 -5.757 -24.457 8 -7.704 -28.577 8 4.283
3 16 -27.704 8 -4.457 -25.757 8 -5.757 -28.577 8 4.283
4 16 -28.013 8 -4.395 -27.704 8 -4.457 -28.577 8 4.283 -31.624 8 2.636
2 24 -31.624 8 2.636 -28.013 8 -4.395
2 24 -28.013 8 -4.395 -27.704 8 -4.457
2 24 -27.704 8 -4.457 -25.757 8 -5.757
2 24 -25.757 8 -5.757 -24.457 8 -7.704
2 24 -24.457 8 -7.704 -24 8 -10
2 24 -24 8 -10 -24.317 8 -11.593
2 24 -24.317 8 -11.593 -20 8 -20
2 24 -28.013 3 -4.395 -27.704 3 -4.457
2 24 -27.704 3 -4.457 -25.757 3 -5.757
2 24 -25.757 3 -5.757 -24.457 3 -7.704
2 24 -24.457 3 -7.704 -24 3 -10
2 24 -24 3 -10 -24.317 3 -11.593
5 24 -27.704 3 -4.457 -27.704 8 -4.457 -28.486 3 -4.301 -25.757 3 -5.757
5 24 -25.757 3 -5.757 -25.757 8 -5.757 -27.704 3 -4.457 -24.457 3 -7.704
5 24 -24.457 3 -7.704 -24.457 8 -7.704 -25.757 3 -5.757 -24 3 -10
5 24 -24 3 -10 -24 8 -10 -24.457 3 -7.704 -24.378 3 -11.9
4 16 -28.013 3 -4.395 -24.317 3 -11.593 -24 3 -10 -27.704 3 -4.457
4 16 -24.457 3 -7.704 -25.757 3 -5.757 -27.704 3 -4.457 -24 3 -10
2 24 -28.013 3 -4.395 -28.013 8 -4.395
2 24 -24.317 3 -11.593 -24.317 8 -11.593
2 24 -28.013 3 -4.395 -24.317 3 -11.593
4 16 -28.013 3 -4.395 -27.704 3 -4.457 -27.704 8 -4.457 -28.013 8 -4.395
4 16 -27.704 3 -4.457 -25.757 3 -5.757 -25.757 8 -5.757 -27.704 8 -4.457
4 16 -25.757 3 -5.757 -24.457 3 -7.704 -24.457 8 -7.704 -25.757 8 -5.757
4 16 -24.457 3 -7.704 -24 3 -10 -24 8 -10 -24.457 8 -7.704
4 16 -24 3 -10 -24.317 3 -11.593 -24.317 8 -11.593 -24 8 -10
4 16 -24.317 3 -11.593 -20 0 -20 -20 8 -20 -24.317 8 -11.593
3 16 -28.013 3 -4.395 -20 0 -20 -24.317 3 -11.593
4 16 -39 0 17 -20 0 -20 -28.013 3 -4.395 -31.624 3 2.636
4 16 -28.013 3 -4.395 -28.013 8 -4.395 -31.624 8 2.636 -31.624 3 2.636
3 16 -37.107 3 13.313 -39 0 17 -31.624 3 2.636
4 16 -39 8 17 -39 0 17 -37.107 3 13.313 -37.107 8 13.313
2 24 -37.107 8 13.313 -39 8 17
2 24 -31.624 8 2.636 -28.577 8 4.283
2 24 -28.577 8 4.283 -20 8 -11.587
2 24 -20 8 -11.587 -20 8 16
2 24 -20 8 16 -32.136 8 16
2 24 -32.136 8 16 -37.107 8 13.313
2 24 -31.624 3 2.636 -28.577 3 4.283
2 24 -28.577 3 4.283 -20 3 -11.587
2 24 -20 3 -11.587 -20 3 16
2 24 -20 3 16 -32.136 3 16
2 24 -32.136 3 16 -37.107 3 13.313
2 24 -31.624 8 2.636 -31.624 3 2.636
2 24 -28.577 8 4.283 -28.577 3 4.283
2 24 -20 8 -11.587 -20 3 -11.587
2 24 -20 8 16 -20 3 16
2 24 -32.136 8 16 -32.136 3 16
2 24 -37.107 8 13.313 -37.107 3 13.313
4 16 -31.624 8 2.636 -28.577 8 4.283 -28.577 3 4.283 -31.624 3 2.636
4 16 -28.577 8 4.283 -20 8 -11.587 -20 3 -11.587 -28.577 3 4.283
4 16 -20 8 -11.587 -20 8 16 -20 3 16 -20 3 -11.587
4 16 -20 8 16 -32.136 8 16 -32.136 3 16 -20 3 16
4 16 -32.136 8 16 -37.107 8 13.313 -37.107 3 13.313 -32.136 3 16
2 24 -31.624 3 2.636 -37.107 3 13.313
4 16 -31.624 3 2.636 -28.577 3 4.283 -32.136 3 16 -37.107 3 13.313
4 16 -28.577 3 4.283 -20 3 -11.587 -20 3 16 -32.136 3 16
4 16 -39 8 20 -39 8 17 -37.107 8 13.313 -32.136 8 16
4 16 -20 8 16 -20 8 -20 -16 8 -16 -16 8 16
0
