0 ~Door  1 x  4 x  5 Glass
0 Name: 236b.dat
0 Author: James Jessiman
0 !LDRAW_ORG Part ORIGINAL
0 !LICENSE Redistributable under CCAL version 2.0 : see CAreadme.txt

0 !HISTORY 2007-05-08 [PTadmin] Header formatted for Contributor Agreement
0 !HISTORY 2008-07-01 [PTadmin] Official Update 2008-01

 1 16 0 120 0 6 0 0 0 0 0 0 0 6 4-4edge.dat
 1 16 0 120 0 10 0 0 0 0 0 0 0 10 4-4edge.dat
 1 16 0 116 0 6 0 0 0 0 0 0 0 6 4-4edge.dat
 1 16 0 114 0 10 0 0 0 0 0 0 0 10 4-4edge.dat

 4 16 0 120 6 -2.30 120 5.54 -3.83 120 9.24 0 120 10
 4 16 -2.30 120 5.54 -4.24 120 4.24 -7.07 120 7.07 -3.83 120 9.24
 4 16 -4.24 120 4.24 -5.54 120 2.30 -9.24 120 3.83 -7.07 120 7.07
 4 16 -5.54 120 2.30 -6 120 0 -10 120 0 -9.24 120 3.83
 4 16 -6 120 0 -5.54 120 -2.30 -9.24 120 -3.83 -10 120 0
 4 16 -5.54 120 -2.30 -4.24 120 -4.24 -7.07 120 -7.07 -9.24 120 -3.83
 4 16 -4.24 120 -4.24 -2.30 120 -5.54 -3.83 120 -9.24 -7.07 120 -7.07
 4 16 -2.30 120 -5.54 0 120 -6 0 120 -10 -3.83 120 -9.24
 4 16 0 120 -6 2.30 120 -5.54 3.83 120 -9.24 0 120 -10
 4 16 2.30 120 -5.54 4.24 120 -4.24 7.07 120 -7.07 3.83 120 -9.24
 4 16 4.24 120 -4.24 5.54 120 -2.30 9.24 120 -3.83 7.07 120 -7.07
 4 16 5.54 120 -2.30 6 120 0 10 120 0 9.24 120 -3.83
 4 16 6 120 0 5.54 120 2.30 9.24 120 3.83 10 120 0
 4 16 5.54 120 2.30 4.24 120 4.24 7.07 120 7.07 9.24 120 3.83
 4 16 4.24 120 4.24 2.30 120 5.54 3.83 120 9.24 7.07 120 7.07
 4 16 2.30 120 5.54 0 120 6 0 120 10 3.83 120 9.24

 1 16 0 116 0 6 0 0 0 4 0 0 0 6 4-4cyli.dat
 1 16 0 114 0 10 0 0 0 6 0 0 0 10 4-4cyli.dat
 1 16 0 116 0 6 0 0 0 0 0 0 0 6 4-4disc.dat
 1 16 0 114 0 10 0 0 0 0 0 0 0 10 4-4disc.dat

 2 24 2 114 10 -2 114 10
 2 24 -2 114 10 -2 114 -10
 2 24 -2 114 -10 2 114 -10
 2 24 2 114 -10 2 114 10

 2 24 2 112 68 -2 112 68
 2 24 -2 112 68 -2 112 10
 2 24 -2 112 10 2 112 10
 2 24 2 112 10 2 112 68

 2 24 2 106 -6 -2 106 -6
 2 24 -2 106 -6 -2 106 -10
 2 24 -2 106 -10 2 106 -10
 2 24 2 106 -10 2 106 -6

 2 24 2 8 -6 -2 8 -6
 2 24 -2 8 -6 -2 8 -10
 2 24 -2 8 -10 2 8 -10
 2 24 2 8 -10 2 8 -6

 2 24 2 2 68 -2 2 68
 2 24 -2 2 68 -2 2 10
 2 24 -2 2 10 2 2 10
 2 24 2 2 10 2 2 68

 2 24 2 0 10 -2 0 10
 2 24 -2 0 10 -2 0 -10
 2 24 -2 0 -10 2 0 -10
 2 24 2 0 -10 2 0 10

 2 24 2 112 10 2 114 10
 2 24 -2 112 10 -2 114 10
 2 24 2 106 -10 2 114 -10
 2 24 -2 106 -10 -2 114 -10

 2 24 2 2 68 2 112 68
 2 24 -2 2 68 -2 112 68
 2 24 2 8 -6 2 106 -6
 2 24 -2 8 -6 -2 106 -6

 2 24 2 0 -10 2 8 -10
 2 24 -2 0 -10 -2 8 -10
 2 24 2 0 10 2 2 10
 2 24 -2 0 10 -2 2 10

 4 16 2 114 -10 2 114 10 -2 114 10 -2 114 -10
 4 16 2 114 10 2 112 10 -2 112 10 -2 114 10
 4 16 2 112 10 2 112 68 -2 112 68 -2 112 10
 4 16 2 112 68 2 2 68 -2 2 68 -2 112 68
 4 16 2 2 68 2 2 10 -2 2 10 -2 2 68
 4 16 2 2 10 2 0 10 -2 0 10 -2 2 10
 4 16 2 0 10 2 0 -10 -2 0 -10 -2 0 10
 4 16 2 0 -10 2 8 -10 -2 8 -10 -2 0 -10
 4 16 2 8 -10 2 8 -6 -2 8 -6 -2 8 -10
 4 16 2 8 -6 2 106 -6 -2 106 -6 -2 8 -6
 4 16 2 106 -6 2 106 -10 -2 106 -10 -2 106 -6
 4 16 2 106 -10 2 114 -10 -2 114 -10 -2 106 -10

 4 16 2 114 10 2 112 10 2 112 -10 2 114 -10
 4 16 -2 114 10 -2 112 10 -2 112 -10 -2 114 -10
 4 16 2 2 10 2 0 10 2 0 -10 2 2 -10
 4 16 -2 2 10 -2 0 10 -2 0 -10 -2 2 -10
 4 16 2 112 -6 2 106 -6 2 106 -10 2 112 -10
 4 16 -2 112 -6 -2 106 -6 -2 106 -10 -2 112 -10
 4 16 2 8 -6 2 0 -6 2 0 -10 2 8 -10
 4 16 -2 8 -6 -2 0 -6 -2 0 -10 -2 8 -10

 4 16 2 112 68 2 2 68 2 2 -6 2 112 -6
 4 16 -2 112 68 -2 2 68 -2 2 -6 -2 112 -6

 1 16 0 0 0 6 0 0 0 0 0 0 0 6 4-4disc.dat

 1 16 0 0 0 1 0 0 0 1 0 0 0 1 stud.dat


