0 Animal Bird with Parrot Pattern
0 Name: 2546p01.dat
0 Author: Dennis Osborn
0 !LDRAW_ORG Part UPDATE 2001-01
0 !LICENSE Redistributable under CCAL version 2.0 : see CAreadme.txt

0 !HISTORY 2001-10-26 [PTadmin] Official Update 2001-01
0 !HISTORY 2007-05-14 [PTadmin] Header formatted for Contributor Agreement
0 !HISTORY 2008-07-01 [PTadmin] Official Update 2008-01

0 // BACK FEATHERS LINE BOTTOM

2 24 2.18 24 13.25 -2.18 24 13.25
2 24 -2.18 24 13.25 -2.18 24 10.46
2 24 -2.18 24 10.46 2.18 24 10.46 
2 24 2.18 24 10.46 2.18 24 13.25

0 COMMENT BACK FEATHERS FILL BOTTOM
4 16 2.18 24 13.25 -2.18 24 13.25 -2.18 24 10.46 2.18 24 10.46

0 COMMENT BACK FEATHERS LINE TAIL
2 24 -2.18 24 13.25 -4.35 3.375 14.18
2 24 4.35 3.375 14.18 2.18 24 13.25

0 COMMENT BACK FEATHERS FILL TAIL
4 16 2.18 24 13.25 -2.18 24 13.25 -4.35 3.375 14.18 4.35 3.375 14.18

0 COMMENT TAIL LINES
2 24 -2.18 24 10.46 -4.35 0 10.46
2 24 2.18 24 10.46 4.35 0 10.46

0 COMMENT TAIL FILL
4 16 -2.18 24 13.25 -4.35 3.375 14.18 -4.35 0 10.46 -2.18 24 10.46
4 16 2.18 24 13.25 4.35 3.375 14.18 4.35 0 10.46 2.18 24 10.46
4 16 -2.18 24 10.46 -4.35 0 10.46 4.35 0 10.46 2.18 24 10.46

0 COMMENT BACK FEATHERS BACK LINE
2 24 7.83 3.375 14.18 4.35 3.375 14.18
2 24 -7.83 3.375 14.18 -4.35 3.375 14.18
2 24 -7.83 3.375 14.18 -10 -26.04 14.65
2 24 -10 -26.04 14.65 10 -26.04 14.65
2 24 10 -26.04 14.65 7.83 3.375 14.18

0 COMMENT BACK FEATHERS BACK FILL
4 16 7.83 3.375 14.18 -7.83 3.375 14.18 -10 -26.04 14.65 10 -26.04 14.65

0 COMMENT BACK LOWER NECK LINE
2 24 -10 -26.04 14.65 -9.57 -28.17 13.25
2 24 9.57 -28.14 13.25 10 -26.04 14.65
2 24 9.57 -28.17 13.25 6.95 -28.17 13.25
2 24 -9.57 -28.17 13.25 -6.96 -28.17 13.25

0 COMMENT BACK LOWER NECK FILL
4 16 10 -26.04 14.65 -10 -26.04 14.65 -9.57 -28.17 13.25 9.57 -28.17 13.25

0 COMMENT BACK NECK LINE
2 24 -6.96 -28.17 13.25 -4.79 -35.28 9.53
2 24 4.79 -35.28 9.53 6.96 -28.17 13.25

0 COMMENT BACK NECK FILL
4 16 6.96 -28.17 13.25 -6.96 -28.17 13.25 -4.79 -35.28 9.53 4.79 -35.28 9.53

0 COMMENT BACK HEAD LINE
2 24 -4.79 -35.28 9.52 -4.79 -49.76 1.63
2 24 -4.79 -49.76 1.63 4.79 -49.76 1.63
2 24 4.79 -49.76 1.63 4.79 -35.28 9.53

0 COMMENT BACK HEAD FILL
4 16 4.79 -35.28 9.53 -4.79 -35.28 9.52 -4.79 -49.76 1.63 4.79 -49.76 1.63

0 COMMENT LEFT SIDE WING LINE
2 24 -9.57 -28.17 13.25 -10.1 -29.31 11.39
2 24 -10.1 -29.31 11.39 -10.44 -29.75 8.6
2 24 -10.44 -29.75 8.6 -11.4 -27.98 4.88
2 24 -11.4 -27.98 4.88 -11.75 -25.31 3.02
2 24 -11.75 -25.31 3.02 -11.75 -20.43 2.56
2 24 -11.75 -20.43 2.56 -10.9 -15.54 3.49
2 24 -10.9 -15.54 3.49 -10.1 -5.775 8.14
2 24 -10.1 -5.775 8.14 -7.83 3.375 14.18

0 COMMENT LEFT SIDE WING FILL
0 COMMENT MAIN COLOR
4 16 -11.4 -27.98 4.88 -11.75 -25.31 3.02 -11.75 -22.67 2.771 -11.665 -22.67 3.33
4 16 -11.4 -27.98 4.88 -11.665 -22.67 3.33 -11.564 -22.35 3.97 -11.265 -21.71 5.73
4 16 -11.4 -27.98 4.88 -10.44 -29.75 8.6 -10.881 -21.07 7.17 -11.265 -21.71 5.73
4 16 -10.44 -29.75 8.6 -10.881 -21.07 7.17 -10.515 -20.11 8.29 -10.393 -20.11 9.41
4 16 -10.397 -20.11 9.41 -10.44 -29.75 8.6 -10.1 -29.31 11.39 -9.57 -28.17 13.25
4 16 -9.57 -28.17 13.25 -10 -26.04 14.65 -10.239 -19.63 10.69 -10.393 -20.11 9.41
4 16 -10 -26.04 14.65 -10.239 -19.63 10.69 -10.076 -18.67 12.13 -9.679 -18.35 13.57
3 16 -10 -26.04 14.65 -9.679 -18.35 13.57 -9.374 -17.55 14.514
0 COMMENT YELLOW
4 14 -11.75 -20.43 2.56 -11.75 -22.67 2.771 -11.665 -22.67 3.33 -11.564 -22.35 3.97
4 14 -11.564 -22.35 3.97 -11.265 -21.71 5.73 -11.317 -17.94 3.034 -11.75 -20.43 2.56
4 14 -11.265 -21.71 5.73 -10.881 -21.07 7.17 -10.726 -15.54 5.09 -11.317 -17.94 3.034
4 14 -10.881 -21.07 7.17 -10.515 -20.11 8.29 -10.564 -15.38 6.53 -10.726 -15.54 5.09
4 14 -10.515 -20.11 8.29 -10.393 -20.11 9.41 -10.315 -14.10 8.46 -10.564 -15.38 6.53
4 14 -10.393 -20.11 9.41 -10.239 -19.63 10.69 -10.061 -12.02 10.22 -10.315 -14.10 8.46
4 14 -10.239 -19.63 10.69 -10.076 -18.67 12.13 -9.782 -11.35 10.7 -10.061 -12.02 10.22
4 14 -10.076 -18.67 12.13 -9.679 -18.35 13.57 -9.683 -10.42 11.16 -9.782 -11.35 10.7
4 14 -9.679 -18.35 13.57 -9.374 -17.55 14.514 -9.203 -9.62 12.78 -9.683 -10.42 11.16
4 14 -9.374 -17.55 14.514 -9.203 -9.62 12.78 -8.893 -8.82 13.74 -8.694 -8.34 14.367
0 COMMENT GREEN
3 2 -10.9 -15.54 3.49 -11.317 -17.94 3.034 -10.726 -15.54 5.09
4 2 -10.9 -15.54 3.49 -10.726 -15.54 5.09 -10.564 -15.38 6.53 -10.1 -5.775 8.14
4 2 -10.1 -5.775 8.14 -10.564 -15.38 6.53 -10.315 -14.10 8.46 -10.061 -12.02 10.22
4 2 -10.1 -5.775 8.14 -10.061 -12.02 10.22 -9.782 -11.35 10.7 -9.683 -10.42 11.16
4 2 -10.1 -5.775 8.14 -9.683 -10.42 11.16 -9.203 -9.62 12.78 -8.893 -8.82 13.74
4 2 -10.1 -5.775 8.14 -8.893 -8.82 13.74 -8.694 -8.34 14.367 -7.83 3.375 14.18

0 COMMENT LEFT WING EDGE LINE AND FILL
4 16 -9.57 -28.17 13.25 -10.1 -29.31 11.39 -7.5 -30 11.39 -7 -28.17 13.25
2 24 -7 -28.17 13.25 -7.5 -30 11.39
4 16 -10.1 -29.31 11.39 -10.44 -29.75 8.6 -7.5 -30.5 8.1 -7.5 -30 11.39
2 24 -7.5 -30 11.39 -7.5 -30.5 8.1
4 16 -10.44 -29.75 8.6 -11.4 -27.98 4.88 -7.5 -29.48 4.38 -7.5 -30.5 8.1
2 24 -7.5 -30.5 8.1 -7.5 -29.48 4.38
4 16 -11.4 -27.98 4.88 -11.75 -25.31 3.02 -7.5 -25.31 1.5 -7.5 -29.48 4.38
2 24 -7.5 -29.48 4.38 -7.5 -25.31 1.5
4 16 -11.75 -25.31 3.02 -11.75 -20.43 2.56 -7.5 -20.43 1.06 -7.5 -25.31 1.5
2 24 -7.5 -25.31 1.5 -7.5 -20.43 1.06
4 16 -11.75 -20.43 2.56 -10.9 -15.54 3.49 -7.7 -16.29 2.09 -7.5 -20.43 1.06
2 24 -7.5 -20.43 1.06 -7.7 -16.29 2.09
4 16 -10.9 -15.54 3.49 -10.1 -5.775 8.14 -7.9 -5.775 6.64 -7.7 -16.29 2.09
2 24 -7.7 -16.29 2.09 -7.9 -5.775 6.64
3 16 -10.1 -5.775 8.14 -7.83 3.375 14.18 -7.8 -5.775 6.64
2 24 -7.8 -5.775 6.64 -7.83 3.375 14.18

0 COMMENT RIGHT SIDE WING LINE
2 24 9.57 -28.17 13.25 10.1 -29.31 11.39
2 24 10.1 -29.31 11.39 10.44 -29.75 8.6
2 24 10.44 -29.75 8.6 11.4 -27.98 4.88
2 24 11.4 -27.98 4.88 11.75 -25.31 3.02
2 24 11.75 -25.31 3.02 11.75 -20.43 2.56
2 24 11.75 -20.43 2.56 10.9 -15.54 3.49
2 24 10.9 -15.54 3.49 10.1 -5.775 8.14
2 24 10.1 -5.775 8.14 7.83 3.375 14.18

0 COMMENT RIGHT SIDE WING FILL
0 COMMENT MAIN COLOR
4 16 11.4 -27.98 4.88 11.75 -25.31 3.02 11.75 -22.67 2.771 11.665 -22.67 3.33
4 16 11.4 -27.98 4.88 11.665 -22.67 3.33 11.564 -22.35 3.97 11.265 -21.71 5.73
4 16 11.4 -27.98 4.88 10.44 -29.75 8.6 10.881 -21.07 7.17 11.265 -21.71 5.73
4 16 10.44 -29.75 8.6 10.881 -21.07 7.17 10.515 -20.11 8.29 10.393 -20.11 9.41
4 16 10.397 -20.11 9.41 10.44 -29.75 8.6 10.1 -29.31 11.39 9.57 -28.17 13.25
4 16 9.57 -28.17 13.25 10 -26.04 14.65 10.239 -19.63 10.69 10.393 -20.11 9.41
4 16 10 -26.04 14.65 10.239 -19.63 10.69 10.076 -18.67 12.13 9.679 -18.35 13.57
3 16 10 -26.04 14.65 9.679 -18.35 13.57 9.374 -17.55 14.514
0 COMMENT YELLOW
4 14 11.75 -20.43 2.56 11.75 -22.67 2.771 11.665 -22.67 3.33 11.564 -22.35 3.97
4 14 11.564 -22.35 3.97 11.265 -21.71 5.73 11.317 -17.94 3.034 11.75 -20.43 2.56
4 14 11.265 -21.71 5.73 10.881 -21.07 7.17 10.726 -15.54 5.09 11.317 -17.94 3.034
4 14 10.881 -21.07 7.17 10.515 -20.11 8.29 10.564 -15.38 6.53 10.726 -15.54 5.09
4 14 10.515 -20.11 8.29 10.393 -20.11 9.41 10.315 -14.10 8.46 10.564 -15.38 6.53
4 14 10.393 -20.11 9.41 10.239 -19.63 10.69 10.061 -12.02 10.22 10.315 -14.10 8.46
4 14 10.239 -19.63 10.69 10.076 -18.67 12.13 9.782 -11.35 10.7 10.061 -12.02 10.22
4 14 10.076 -18.67 12.13 9.679 -18.35 13.57 9.683 -10.42 11.16 9.782 -11.35 10.7
4 14 9.679 -18.35 13.57 9.374 -17.55 14.514 9.203 -9.62 12.78 9.683 -10.42 11.16
4 14 9.374 -17.55 14.514 9.203 -9.62 12.78 8.893 -8.82 13.74 8.694 -8.34 14.367
0 COMMENT GREEN
3 2 10.9 -15.54 3.49 11.317 -17.94 3.034 10.726 -15.54 5.09
4 2 10.9 -15.54 3.49 10.726 -15.54 5.09 10.564 -15.38 6.53 10.1 -5.775 8.14
4 2 10.1 -5.775 8.14 10.564 -15.38 6.53 10.315 -14.10 8.46 10.061 -12.02 10.22
4 2 10.1 -5.775 8.14 10.061 -12.02 10.22 9.782 -11.35 10.7 9.683 -10.42 11.16
4 2 10.1 -5.775 8.14 9.683 -10.42 11.16 9.203 -9.62 12.78 8.893 -8.82 13.74
4 2 10.1 -5.775 8.14 8.893 -8.82 13.74 8.694 -8.34 14.367 7.83 3.375 14.18


0 COMMENT RIGHT WING EDGE LINE AND FILL
4 16 9.57 -28.17 13.25 10.1 -29.31 11.39 7.5 -30 11.39 7 -28.17 13.25
2 24 7 -28.17 13.25 7.5 -30 11.39
4 16 10.1 -29.31 11.39 10.44 -29.75 8.6 7.5 -30.5 8.1 7.5 -30 11.39
2 24 7.5 -30 11.39 7.5 -30.5 8.1
4 16 10.44 -29.75 8.6 11.4 -27.98 4.88 7.5 -29.48 4.38 7.5 -30.5 8.1
2 24 7.5 -30.5 8.1 7.5 -29.48 4.38
4 16 11.4 -27.98 4.88 11.75 -25.31 3.02 7.5 -25.31 1.5 7.5 -29.48 4.38
2 24 7.5 -29.48 4.38 7.5 -25.31 1.5
4 16 11.75 -25.31 3.02 11.75 -20.43 2.56 7.5 -20.43 1.06 7.5 -25.31 1.5
2 24 7.5 -25.31 1.5 7.5 -20.43 1.06
4 16 11.75 -20.43 2.56 10.9 -15.54 3.49 7.7 -16.29 2.09 7.5 -20.43 1.06
2 24 7.5 -20.43 1.06 7.7 -16.29 2.09
4 16 10.9 -15.54 3.49 10.1 -5.775 8.14 7.9 -5.775 6.64 7.7 -16.29 2.09
2 24 7.7 -16.29 2.09 7.9 -5.775 6.64
3 16 10.1 -5.775 8.14 7.83 3.375 14.18 7.8 -5.775 6.64
2 24 7.8 -5.775 6.64 7.83 3.375 14.18

0 COMMENT TOP OF HEAD
2 24 4.79 -49.76 1.63 3.8 -49.76 -7.07
2 24 -4.79 -49.76 1.63 -3.8 -49.76 -7.07
2 24 3.8 -49.76 -7.07 -3.8 -49.76 -7.07
4 16 4.79 -49.76 1.63 3.8 -49.76 -7.07 -3.8 -49.76 -7.07 -4.79 -49.76 1.63

0 COMMENT BEAK
2 24 3.8 -49.76 -7.07 3.11 -48.83 -8.29
2 24 -3.8 -49.76 -7.07 -3.11 -48.83 -8.29
4 16 3.8 -49.76 -7.07 3.11 -48.83 -8.29 -3.11 -48.83 -8.29 -3.8 -49.76 -7.07
2 24 3.11 -48.83 -8.29 3.11 -48.83 -9.27
2 24 -3.11 -48.83 -8.29 -3.11 -48.83 -9.27
2 24 3.11 -48.83 -9.27 -3.11 -48.83 -9.27
4 16 3.11 -48.83 -8.29 3.11 -48.83 -9.27 -3.11 -48.83 -9.27 -3.11 -48.83 -8.29
2 24 3.11 -48.83 -9.27 2.42 -47.43 -11.46
2 24 -3.11 -48.83 -9.27 -2.42 -47.43 -11.46
4 16 3.11 -48.83 -9.27 2.42 -47.43 -11.46 -2.42 -47.43 -11.46 -3.11 -48.83 -9.27
2 24 2.42 -47.43 -11.46 2.42 -45.35 -12.93
2 24 -2.42 -47.43 -11.46 -2.42 -45.35 -12.93
4 16 2.42 -47.43 -11.46 2.42 -45.35 -12.93 -2.42 -45.35 -12.93 -2.42 -47.43 -11.46
2 24 2.42 -45.35 -12.93 2.42 -43.25 -13.42
2 24 -2.42 -45.35 -12.93 -2.42 -43.25 -13.42
4 16 2.42 -45.35 -12.93 2.42 -43.25 -13.42 -2.42 -43.25 -13.42 -2.42 -45.35 -12.93
2 24 2.42 -43.25 -13.42 2.42 -41.39 -13.66
2 24 -2.42 -43.25 -13.42 -2.42 -41.39 -13.66
4 16 2.42 -43.25 -13.42 2.42 -41.39 -13.66 -2.42 -41.39 -13.66 -2.42 -43.25 -13.42
2 24 2.42 -41.39 -13.66 2.42 -40.92 -12.93
2 24 -2.42 -41.39 -13.66 -2.42 -40.92 -12.93
2 24 2.42 -41.39 -13.66 -2.42 -41.39 -13.66
4 16 2.42 -41.39 -13.66 2.42 -40.92 -12.93 -2.42 -40.92 -12.93 -2.42 -41.39 -13.66
2 24 2.42 -40.92 -12.93 2.42 -41.63 -11.46
2 24 -2.42 -40.92 -12.93 -2.42 -41.63 -11.46
4 16 2.42 -40.92 -12.93 2.42 -41.63 -11.46 -2.42 -41.63 -11.46 -2.42 -40.92 -12.93
2 24 2.42 -41.63 -11.46 2.42 -41.63 -10.49
2 24 -2.42 -41.63 -11.46 -2.42 -41.63 -10.49
4 16 2.42 -41.63 -11.46 2.42 -41.63 -10.49 -2.42 -41.63 -10.49 -2.42 -41.63 -11.46
2 24 2.42 -41.63 -10.49 2.42 -37.67 -9
2 24 -2.42 -41.63 -10.49 -2.42 -37.67 -9
4 16 2.42 -41.63 -10.49 2.42 -37.67 -9 -2.42 -37.67 -9 -2.42 -41.63 -10.49
2 24 2.42 -37.67 -9 3.11 -36.51 -7.8
2 24 -2.42 -37.67 -9 -3.11 -36.51 -7.8
4 16 2.42 -37.67 -9 3.11 -36.51 -7.8 -3.11 -36.51 -7.8 -2.42 -37.67 -9
2 24 3.11 -36.51 -7.8 3.8 -35.81 -6.83
2 24 -3.11 -36.51 -7.8 -3.8 -35.81 -6.83
4 16 3.11 -36.51 -7.8 3.8 -35.81 -6.83 -3.8 -35.81 -6.83 -3.11 -36.51 -7.8
2 24 3.8 -35.81 -6.83 4.83 -33.72 -5.12
2 24 -3.8 -35.81 -6.83 -4.83 -33.72 -5.12
4 16 3.8 -35.81 -6.83 4.83 -33.72 -5.12 -4.83 -33.72 -5.12 -3.8 -35.81 -6.83

0 COMMENT BEAK RIGHT SIDE FILL
4 16 3.8 -49.76 -7.07 3.11 -48.83 -8.29 3.11 -36.51 -7.8 3.8 -35.81 -6.83
3 16 3.11 -48.8 -8.29 3.11 -48.8 -9.27 3.11 -48.4 -9.27
4 16 3.11 -48.8 -9.27 2.42 -47.4 -11.5 2.42 -47.1 -11.3 3.11 -48.4 -9.27
4 16 2.42 -47.4 -11.5 2.42 -45.4 -12.9 2.42 -45.3 -12.6 2.42 -47.1 -11.3
4 16 2.42 -45.4 -12.9 2.42 -43.3 -13.4 2.42 -43.3 -13.1 2.42 -45.3 -12.6
4 16 2.42 -43.3 -13.4 2.42 -41.4 -13.7 2.42 -41.5 -13.4 2.42 -43.3 -13.1
4 16 2.42 -41.4 -13.7 2.42 -40.9 -12.9 2.42 -41.2 -12.9 2.42 -41.5 -13.4
4 16 2.42 -40.9 -12.9 2.42 -41.6 -11.5 2.42 -41.9 -11.5 2.42 -41.2 -12.9
4 16 2.42 -41.6 -11.5 2.42 -41.6 -10.5 2.42 -41.9 -10.3 2.42 -41.9 -11.5
4 16 2.42 -41.6 -10.5 2.42 -37.7 -9 2.42 -37.7 -8.7 2.42 -41.9 -10.3
3 16 2.42 -37.7 -9 3.11 -36.5 -7.8 2.42 -37.7 -8.7
4 14 3.11 -48.8 -8.29 3.11 -48.4 -9.27 2.42 -47.1 -11.3 2.42 -45.3 -12.6
4 14 3.11 -48.8 -8.29 2.42 -45.3 -12.6 2.42 -43.3 -13.1 2.42 -41.5 -13.4
4 14 3.11 -48.8 -8.29 2.42 -41.5 -13.4 2.42 -41.2 -12.9 2.42 -41.9 -11.5
3 14 3.11 -48.8 -8.29 2.42 -41.9 -11.5 2.42 -41.9 -10.3
4 14 3.11 -48.8 -8.29 2.42 -41.9 -10.3 2.42 -37.7 -8.7 3.11 -36.5 -7.8

0 COMMENT BEAK LEFT SIDE FILL
4 16 -3.8 -49.76 -7.07 -3.11 -48.83 -8.29 -3.11 -36.51 -7.8 -3.8 -35.81 -6.83
3 16 -3.11 -48.8 -8.29 -3.11 -48.8 -9.27 -3.11 -48.4 -9.27
4 16 -3.11 -48.8 -9.27 -2.42 -47.4 -11.5 -2.42 -47.1 -11.3 -3.11 -48.4 -9.27
4 16 -2.42 -47.4 -11.5 -2.42 -45.4 -12.9 -2.42 -45.3 -12.6 -2.42 -47.1 -11.3
4 16 -2.42 -45.4 -12.9 -2.42 -43.3 -13.4 -2.42 -43.3 -13.1 -2.42 -45.3 -12.6
4 16 -2.42 -43.3 -13.4 -2.42 -41.4 -13.7 -2.42 -41.5 -13.4 -2.42 -43.3 -13.1
4 16 -2.42 -41.4 -13.7 -2.42 -40.9 -12.9 -2.42 -41.2 -12.9 -2.42 -41.5 -13.4
4 16 -2.42 -40.9 -12.9 -2.42 -41.6 -11.5 -2.42 -41.9 -11.5 -2.42 -41.2 -12.9
4 16 -2.42 -41.6 -11.5 -2.42 -41.6 -10.5 -2.42 -41.9 -10.3 -2.42 -41.9 -11.5
4 16 -2.42 -41.6 -10.5 -2.42 -37.7 -9 -2.42 -37.7 -8.7 -2.42 -41.9 -10.3
3 16 -2.42 -37.7 -9 -3.11 -36.5 -7.8 -2.42 -37.7 -8.7
4 14 -3.11 -48.8 -8.29 -3.11 -48.4 -9.27 -2.42 -47.1 -11.3 -2.42 -45.3 -12.6
4 14 -3.11 -48.8 -8.29 -2.42 -45.3 -12.6 -2.42 -43.3 -13.1 -2.42 -41.5 -13.4
4 14 -3.11 -48.8 -8.29 -2.42 -41.5 -13.4 -2.42 -41.2 -12.9 -2.42 -41.9 -11.5
3 14 -3.11 -48.8 -8.29 -2.42 -41.9 -11.5 -2.42 -41.9 -10.3
4 14 -3.11 -48.8 -8.29 -2.42 -41.9 -10.3 -2.42 -37.7 -8.7 -3.11 -36.5 -7.8

0 COMMENT CHEST LINE
2 24 0 -33.72 -5.2 0 -31.1 -6.74
2 24 0 -31.1 -6.74 0 -26.64 -7.67
2 24 0 -26.64 -7.67 0 -22.2 -8.14
2 24 0 -22.2 -8.14 0 -17.76 -7.67
2 24 0 -17.76 -7.67 0 -13.32 -6.28
2 24 0 -13.32 -6.28 0 -11.55 -5.81

0 COMMENT NECK FILL
4 16 4.83 -33.72 -5.12 7.5 -30 11.39 7 -28.17 13.25 6.95 -28.17 13.25
4 16 5 -33.72 -1.2 4.83 -33.72 -5.12 7.5 -30.5 8.1 7.5 -30 11.39
4 16 -4.83 -33.72 -5.12 -7.5 -30 11.39 -7 -28.17 13.25 -6.95 -28.17 13.25
4 16 -5 -33.72 -1.2 -4.83 -33.72 -5.12 -7.5 -30.5 8.1 -7.5 -30 11.39

0 COMMENT CHEST FILL
4 16 0 -33.72 -5.2 0 -31.1 -6.74 -3.45 -31.1 -5.84 -4.83 -33.72 -5.12
4 16 0 -31.1 -6.74 0 -26.64 -7.67 -3.45 -26.64 -6.57 -3.45 -31.1 -5.84
4 16 0 -26.64 -7.67 0 -22.2 -8.14 -3.45 -22.2 -7.04 -3.45 -26.64 -6.57
4 16 0 -22.2 -8.14 0 -17.76 -7.67 -3.45 -17.76 -6.57 -3.45 -22.2 -7.04
4 16 0 -17.76 -7.67 0 -13.32 -6.28 -3.45 -13.32 -4.98 -3.45 -17.76 -6.57
4 16 0 -13.32 -6.28 0 -11.55 -5.81 -3.45 -11.55 -4.71 -3.45 -13.32 -4.98

4 16 0 -33.72 -5.2 0 -31.1 -6.74 3.45 -31.1 -5.84 4.83 -33.72 -5.12
4 16 0 -31.1 -6.74 0 -26.64 -7.67 3.45 -26.64 -6.57 3.45 -31.1 -5.84
4 16 0 -26.64 -7.67 0 -22.2 -8.14 3.45 -22.2 -7.04 3.45 -26.64 -6.57
4 16 0 -22.2 -8.14 0 -17.76 -7.67 3.45 -17.76 -6.57 3.45 -22.2 -7.04
4 16 0 -17.76 -7.67 0 -13.32 -6.28 3.45 -13.32 -4.98 3.45 -17.76 -6.57
4 16 0 -13.32 -6.28 0 -11.55 -5.81 3.45 -11.55 -4.71 3.45 -13.32 -4.98

4 16 -4.83 -33.72 -5.12 -3.45 -31.1 -5.84 -6.9 -31.1 -1.84 -5 -33.72 -1.2
4 16 -3.45 -31.1 -5.84 -3.45 -26.64 -6.57 -6.9 -26.64 -2.57 -6.9 -31.1 -1.84
4 16 -3.45 -26.64 -6.57 -3.45 -22.2 -7.04 -6.9 -22.2 -3.04 -6.9 -26.64 -2.57
4 16 -3.45 -22.2 -7.04 -3.45 -17.76 -6.57 -6.9 -17.76 -2.57 -6.9 -22.2 -3.04
4 16 -3.45 -17.76 -6.57 -3.45 -13.32 -4.98 -6.9 -13.32 -0.98 -6.9 -17.76 -2.57
4 16 -3.45 -13.32 -4.98 -3.45 -11.55 -4.71 -6.9 -11.55 -0.71 -6.9 -13.32 -0.98
 
4 16 4.83 -33.72 -5.12 3.45 -31.1 -5.84 6.9 -31.1 -1.84 5 -33.72 -1.2
4 16 3.45 -31.1 -5.84 3.45 -26.64 -6.57 6.9 -26.64 -2.57 6.9 -31.1 -1.84
4 16 3.45 -26.64 -6.57 3.45 -22.2 -7.04 6.9 -22.2 -3.04 6.9 -26.64 -2.57
4 16 3.45 -22.2 -7.04 3.45 -17.76 -6.57 6.9 -17.76 -2.57 6.9 -22.2 -3.04
4 16 3.45 -17.76 -6.57 3.45 -13.32 -4.98 6.9 -13.32 -0.98 6.9 -17.76 -2.57
4 16 3.45 -13.32 -4.98 3.45 -11.55 -4.71 6.9 -11.55 -0.714 6.9 -13.32 -0.98

4 16 -5 -33.72 -1.2 -6.9 -31.1 -1.84 -7.5 -29.48 4.38 -7.5 -30.5 8.1
4 16 -6.9 -31.1 -1.84 -6.9 -26.64 -2.57 -7.5 -25.31 1.5 -7.5 -29.48 4.38
4 16 -6.9 -26.64 -2.57 -6.9 -22.2 -3.04 -7.5 -20.43 1.06 -7.5 -25.31 1.5
4 16 -6.9 -22.2 -3.04 -6.9 -17.76 -2.57 -7.7 -16.29 2.09 -7.7 -20.43 1.06
4 16 -6.9 -17.76 -2.57 -6.9 -13.32 -0.98 -7.9 -5.775 6.64 -7.7 -16.29 2.09
3 16 -6.9 -13.32 -0.98 -6.9 -11.55 -0.71 -7.9 -5.775 6.64

4 16 5 -33.72 -1.2 6.9 -31.1 -1.84 7.5 -29.48 4.38 7.5 -30.5 8.1
4 16 6.9 -31.1 -1.84 6.9 -26.64 -2.57 7.5 -25.31 1.5 7.5 -29.48 4.38
4 16 6.9 -26.64 -2.57 6.9 -22.2 -3.04 7.5 -20.43 1.06 7.5 -25.31 1.5
4 16 6.9 -22.2 -3.04 6.9 -17.76 -2.57 7.7 -16.29 2.09 7.7 -20.43 1.06
4 16 6.9 -17.76 -2.57 6.9 -13.32 -0.98 7.9 -5.775 6.64 7.7 -16.29 2.09
3 16 6.9 -13.32 -0.98 6.9 -11.55 -0.71 7.9 -5.775 6.64

0 COMMENT TALONS LINES
2 24 0 -11.55 -5.81 0 -9.765 -5.81
2 24 0 -9.765 -5.81 2.76 -9.765 -5.81
2 24 2.76 -9.765 -5.81 1.73 -7.545 -9.07
2 24 1.73 -7.545 -9.07 0 -7.545 -9.07
2 24 2.76 -9.765 -5.81 2.76 -5.745 -7.58
2 24 1.73 -7.545 -9.07 1.73 -4.44 -10
2 24 2.76 -5.745 -7.58 2.07 -3.555 -7.67
2 24 1.73 -4.455 -10 2.07 -3.555 -7.67
2 24 2.07 -3.555 -7.67 0 -3.555 -7.67
2 24 1.73 -4.44 -10 0 -4.44 -10

2 24 0 -9.765 -5.81 -2.76 -9.765 -5.81
2 24 -2.76 -9.765 -5.81 -1.73 -7.545 -9.07
2 24 -1.73 -7.545 -9.07 0 -7.545 -9.07
2 24 -2.76 -9.765 -5.81 -2.76 -5.745 -7.58
2 24 -1.73 -7.545 -9.07 -1.73 -4.44 -10
2 24 -2.76 -5.745 -7.58 -2.07 -3.555 -7.67
2 24 -1.73 -4.455 -10 -2.07 -3.555 -7.67
2 24 -2.07 -3.555 -7.67 0 -3.555 -7.67
2 24 -1.73 -4.44 -10 0 -4.44 -10

0 COMMENT TALONS FILL
4 16 0 -9.765 -5.81 2.76 -9.765 -5.81 1.73 -7.545 -9.07 0 -7.545 -9.07
4 16 1.73 -7.545 -9.07 0 -7.545 -9.07 0 -4.44 -10 1.73 -4.44 -10
3 16 1.73 -4.44 -10 0 -4.44 -10 0 -3.555 -9.6
4 16 1.73 -4.44 -10 0 -3.555 -9.6 0 -3.555 -7.67 2.07 -3.555 -7.67
4 16 2.76 -9.765 -5.81 1.73 -7.545 -9.07 1.73 -4.44 -10 2.79 -5.745 -7.58
3 16 2.76 -5.745 -7.58 1.73 -4.44 -10 2.07 -3.555 -7.67

4 16 0 -9.765 -5.81 -2.76 -9.765 -5.81 -1.73 -7.545 -9.07 0 -7.545 -9.07
4 16 -1.73 -7.545 -9.07 0 -7.545 -9.07 0 -4.44 -10 -1.73 -4.44 -10
3 16 -1.73 -4.44 -10 0 -4.44 -10 0 -3.555 -9.6
4 16 -1.73 -4.44 -10 0 -3.555 -9.6 0 -3.555 -7.67 -2.07 -3.555 -7.67
4 16 -2.76 -9.765 -5.81 -1.73 -7.545 -9.07 -1.73 -4.44 -10 -2.79 -5.745 -7.58
3 16 -2.76 -5.745 -7.58 -1.73 -4.44 -10 -2.07 -3.555 -7.67

0 COMMENT LOGO SQUARE LINE AND FILL
2 24 8.97 -4.89 5.81 8.97 -4.89 -5.35
2 24 8.97 -4.89 -5.35 8.97 0 -5.35
2 24 8.97 0 -5.35 8.97 0 5.81
2 24 8.97 0 5.81 8.97 -4.89 5.81
4 16 8.97 -4.89 5.81 8.97 -4.89 -5.35 8.97 0 -5.35 8.97 0 5.81

2 24 -8.97 -4.89 5.81 -8.97 -4.89 -5.35
2 24 -8.97 -4.89 -5.35 -8.97 0 -5.35
2 24 -8.97 0 -5.35 -8.97 0 5.81
2 24 -8.97 0 5.81 -8.97 -4.89 5.81
4 16 -8.97 -4.89 5.81 -8.97 -4.89 -5.35 -8.97 0 -5.35 -8.97 0 5.81

0 COMMENT LOGO SQUARE SIDES LINE AND FILL
2 24 8.97 -4.89 5.81 6.9 -4.89 5.81
2 24 6.9 -4.89 5.81 6.9 0 5.81
2 24 6.9 0 5.81 8.97 0 5.81
4 16 8.97 -4.89 5.81 6.9 -4.89 5.81 6.9 0 5.81 8.97 0 5.81

2 24 8.97 -4.89 -5.35 6.9 -4.89 -5.35
2 24 6.9 -4.89 -5.35 6.9 0 -5.35
2 24 6.9 0 -5.35 8.97 0 -5.35
4 16 8.97 -4.89 -5.35 6.9 -4.89 -5.35 6.9 0 -5.35 8.97 0 -5.35

2 24 -8.97 -4.89 5.81 -6.9 -4.89 5.81
2 24 -6.9 -4.89 5.81 -6.9 0 5.81
2 24 -6.9 0 5.81 -8.97 0 5.81
4 16 -8.97 -4.89 5.81 -6.9 -4.89 5.81 -6.9 0 5.81 -8.97 0 5.81

2 24 -8.97 -4.89 -5.35 -6.9 -4.89 -5.35
2 24 -6.9 -4.89 -5.35 -6.9 0 -5.35
2 24 -6.9 0 -5.35 -8.97 0 -5.35
4 16 -8.97 -4.89 -5.35 -6.9 -4.89 -5.35 -6.9 0 -5.35 -8.97 0 -5.35

0 COMMENT BOTTOM LINE
2 24 -6.9 0 -5.35 -3.5 0 -7.1
2 24 -3.5 0 -7.1 0 0 -7.67
2 24 0 0 -7.67 3.5 0 -7.1
2 24 3.5 0 -7.1 6.9 0 -5.35
2 24 -6.9 0 5.81 -4.35 0 10.46
2 24 6.9 0 5.81 4.35 0 10.46

0 COMMENT CURVED EDGE BETWEEN TALON AND LOGO
2 24 2.76 -5.745 -7.58 7 -5.745 -3.5
2 24 7 -5.745 -3.5 8.97 -4.89 5.81
2 24 -2.76 -5.745 -7.58 -7 -5.745 -3.5
2 24 -7 -5.745 -3.5 -8.97 -4.89 5.81

0 COMMENT CURVED EDGE BETWEEN TALON AND LOGO FILL
4 16 0 -11.55 -5.81 -3.45 -11.55 -4.71 -2.76 -9.765 -5.81 0 -9.765 -5.81
4 16 -3.45 -11.55 -4.71 -6.9 -11.55 -0.71 -2.76 -5.745 -7.58 -2.76 -9.765 -5.81
4 16 -6.9 -11.55 -0.71 -2.76 -5.745 -7.58 -7 -5.745 -3.5 -8.97 -4.89 5.81
3 16 -6.9 -11.55 -0.71 -8.97 -4.89 5.81 -6.9 -4.89 5.81

4 16 -2.07 -3.555 -7.67 0 -3.555 -7.67 0 0 -7.67 -3.5 0 -7.1
4 16 -2.07 -3.555 -7.67 -3.5 0 -7.1 -7 -5.745 -3.5 -2.76 -5.745 -7.58
4 16 -3.5 0 -7.1 -6.9 0 -5.35 -7 -5.745 -3.5 -6.9 -4.89 -5.35
4 16 -8.97 -4.89 5.81 -8.97 -4.89 -5.35 -6.9 -4.89 -5.35 -7 -5.745 -3.5

3 16 -6.9 -4.89 5.81 -7.9 -5.775 6.64 -6.9 -11.55 -0.71
4 16 -6.9 0 5.81 -6.9 -4.89 5.81 -7.9 -5.775 6.64 -4.35 0 10.46
4 16 -7.9 -5.775 6.64 -4.35 0 10.46 -4.35 3.375 14.18 -7.83 3.375 14.18

4 16 0 -11.55 -5.81 3.45 -11.55 -4.71 2.76 -9.765 -5.81 0 -9.765 -5.81
4 16 3.45 -11.55 -4.71 6.9 -11.55 -0.71 2.76 -5.745 -7.58 2.76 -9.765 -5.81
4 16 6.9 -11.55 -0.71 2.76 -5.745 -7.58 7 -5.745 -3.5 8.97 -4.89 5.81
3 16 6.9 -11.55 -0.71 8.97 -4.89 5.81 6.9 -4.89 5.81

4 16 2.07 -3.555 -7.67 0 -3.555 -7.67 0 0 -7.67 3.5 0 -7.1
4 16 2.07 -3.555 -7.67 3.5 0 -7.1 7 -5.745 -3.5 2.76 -5.745 -7.58
4 16 3.5 0 -7.1 6.9 0 -5.35 7 -5.745 -3.5 6.9 -4.89 -5.35
4 16 8.97 -4.89 5.81 8.97 -4.89 -5.35 6.9 -4.89 -5.35 7 -5.745 -3.5

3 16 6.9 -4.89 5.81 7.9 -5.775 6.64 6.9 -11.55 -0.71
4 16 6.9 0 5.81 6.9 -4.89 5.81 7.9 -5.775 6.64 4.35 0 10.46
4 16 7.9 -5.775 6.64 4.35 0 10.46 4.35 3.375 14.18 7.83 3.375 14.18

0 COMMENT BOTTOM
0 COMMENT THANKS TO STEVE BLISS FOR THE LINES USING PRIMITIVES
1 16 0 0 0 6 0 0 0 1 0 0 0 6 4-4edge.dat
1 16 0 -4 0 6 0 0 0 1 0 0 0 6 4-4edge.dat
1 16 0 -4 0 4 0 0 0 1 0 0 0 4 4-4edge.dat
1 16 0 -32 0 4 0 0 0 1 0 0 0 4 4-4edge.dat
1 16 0 -32 0 -4 0 0 0 1 0 0 0 -4 4-4disc.dat
1 16 0 -32 0 4 0 0 0 28 0 0 0 4 4-4cyli.dat
1 16 0 -4 0 2 0 0 0 1 0 0 0 2 ring2.dat
1 16 0 -4 0 6 0 0 0 4 0 0 0 6 4-4cyli.dat

0 COMMENT BOTTOM FILL
3 16 -4.35 0 10.46 4.35 0 10.46 0 0 6 
3 16 4.35 0 10.46 4.2426 0 4.2426 2.2962 0 5.5434 
3 16 4.35 0 10.46 2.2962 0 5.5434 0 0 6 
4 16 4.35 0 10.46 6.9 0 5.81 5.5434 0 2.2962 4.2426 0 4.2426 
4 16 6.9 0 5.81 8.97 0 5.81 6 0 0 5.5434 0 2.2962 
3 16 8.97 0 -5.35 8.97 0 5.81 6 0 0 
4 16 8.97 0 -5.35 6.9 0 -5.35 5.5434 0 -2.296 6 0 0
4 16 6.9 0 -5.35 3.5 0 -7.1 4.2426 0 -4.243 5.5434 0 -2.296
3 16 2.2962 0 -5.543 4.2426 0 -4.243 3.5 0 -7.1
3 16 3.5 0 -7.1 0 0 -6 2.2962 0 -5.543 
4 16 3.5 0 -7.1 0 0 -7.67 -3.5 0 -7.1 0 0 -6 
3 16 -2.296 0 -5.543 0 0 -6 -3.5 0 -7.1
3 16 -4.243 0 -4.243 -2.296 0 -5.543 -3.5 0 -7.1
4 16 -5.543 0 -2.296 -4.243 0 -4.243 -3.5 0 -7.1 -6.9 0 -5.35
4 16 -6.9 0 -5.35 -8.97 0 -5.35 -6 0 0 -5.543 0 -2.296 
3 16 -8.97 0 -5.35 -8.97 0 5.81 -6 0 0 
4 16 -6 0 0 -5.543 0 2.2962 -6.9 0 5.81 -8.97 0 5.81
4 16 -4.243 0 4.2426 -5.543 0 2.2962 -6.9 0 5.81 -4.35 0 10.46
3 16 -4.35 0 10.46 0 0 6 -2.296 0 5.5434 
3 16 -4.35 0 10.46 -2.296 0 5.5434 -4.243 0 4.2426 

0 COMMENT SIDE LOWER HEAD
4 16 3.8 -35.81 -6.83 4.83 -33.72 -5.12 6.96 -28.17 13.25 4.79 -35.28 9.53
4 16 -3.8 -35.81 -6.83 -4.83 -33.72 -5.12 -6.96 -28.17 13.25 -4.79 -35.28 9.53


0 COMMENT RIGHT EYE
1 16 4.3 -45.11 -1.7 0 0.85 0 -0.85 0 0 0 0 0.85 4-4edge.dat
1 16 1.3 -45.11 -1.7 0 0.85 0 -0.85 0 0 0 0 0.85 4-4edge.dat
1 16 1.3 -45.11 -1.7 0 0.85 0 -0.85 0 0 0 0 0.85 4-4disc.dat
1 16 1.3 -45.11 -1.7 0 3 0 -0.85 0 0 0 0 0.85 4-4cyli.dat

0 COMMENT RIGHT CHEEK - CLOSE FILL IN
3 15 4.3 -45.96 -2.55 4.3 -45.44 -2.485 4.3 -45.11 -2.55 
3 15 4.3 -45.96 -2.55 4.3 -45.71 -2.301 4.3 -45.44 -2.485 
3 15 4.3 -45.96 -2.55 4.3 -45.9 -2.025 4.3 -45.71 -2.301 
3 15 4.3 -45.96 -2.55 4.3 -45.96 -1.7 4.3 -45.9 -2.025 

3 15 4.3 -45.96 -0.85 4.3 -45.9 -1.375 4.3 -45.96 -1.7 
3 15 4.3 -45.96 -0.85 4.3 -45.71 -1.099 4.3 -45.9 -1.375 
3 15 4.3 -45.96 -0.85 4.3 -45.44 -0.915 4.3 -45.71 -1.099 
3 15 4.3 -45.96 -0.85 4.3 -45.11 -0.85 4.3 -45.44 -0.915 

3 15 4.3 -44.26 -0.85 4.3 -44.78 -0.915 4.3 -45.11 -0.85 
3 15 4.3 -44.26 -0.85 4.3 -44.51 -1.099 4.3 -44.78 -0.915 
3 15 4.3 -44.26 -0.85 4.3 -44.32 -1.375 4.3 -44.51 -1.099 
3 15 4.3 -44.26 -0.85 4.3 -44.26 -1.7 4.3 -44.32 -1.375 

3 15 4.3 -44.26 -2.55 4.3 -45.11 -2.55 4.3 -44.78 -2.485 
3 15 4.3 -44.26 -2.55 4.3 -44.78 -2.485 4.3 -44.51 -2.301 
3 15 4.3 -44.26 -2.55 4.3 -44.51 -2.301 4.3 -44.32 -2.025 
3 15 4.3 -44.26 -2.55 4.3 -44.26 -1.7 4.3 -44.32 -2.025 

0 COMMENT RIGHT CHEEK - LARGE FILL IN
4 15 3.8 -49.76 -7.07 4.79 -49.76 1.63 4.3 -45.96 -0.85 4.3 -45.96 -2.55
4 15 3.8 -49.76 -7.07 4.3 -45.96 -2.55 4.3 -44.26 -2.55 3.8 -35.81 -6.83
4 15 3.8 -35.81 -6.83 4.3 -44.26 -2.55 4.3 -44.26 -0.85 4.107 -35.646 -1.762
3 15 4.79 -49.76 1.63 4.3 -45.96 -0.85 4.3 -44.26 -0.85
3 15 4.79 -49.76 1.63 4.3 -44.26 -0.85 4.107 -35.646 -1.762
3 16 4.79 -49.76 1.63 4.107 -35.646 -1.762 4.79 -35.28 9.52

0 COMMENT LEFT EYE
1 16 -4.3 -45.11 -1.7 0 0.85 0 -0.85 0 0 0 0 0.85 4-4edge.dat
1 16 -1.3 -45.11 -1.7 0 0.85 0 -0.85 0 0 0 0 0.85 4-4edge.dat
1 16 -1.3 -45.11 -1.7 0 0.85 0 -0.85 0 0 0 0 0.85 4-4disc.dat
1 16 -1.3 -45.11 -1.7 0 -3 0 -0.85 0 0 0 0 0.85 4-4cyli.dat

0 COMMENT LEFT CHEEK - CLOSE FILL IN
3 15 -4.3 -45.96 -2.55 -4.3 -45.44 -2.485 -4.3 -45.11 -2.55 
3 15 -4.3 -45.96 -2.55 -4.3 -45.71 -2.301 -4.3 -45.44 -2.485 
3 15 -4.3 -45.96 -2.55 -4.3 -45.9 -2.025 -4.3 -45.71 -2.301 
3 15 -4.3 -45.96 -2.55 -4.3 -45.96 -1.7 -4.3 -45.9 -2.025 

3 15 -4.3 -45.96 -0.85 -4.3 -45.9 -1.375 -4.3 -45.96 -1.7 
3 15 -4.3 -45.96 -0.85 -4.3 -45.71 -1.099 -4.3 -45.9 -1.375 
3 15 -4.3 -45.96 -0.85 -4.3 -45.44 -0.915 -4.3 -45.71 -1.099 
3 15 -4.3 -45.96 -0.85 -4.3 -45.11 -0.85 -4.3 -45.44 -0.915 

3 15 -4.3 -44.26 -0.85 -4.3 -44.78 -0.915 -4.3 -45.11 -0.85 
3 15 -4.3 -44.26 -0.85 -4.3 -44.51 -1.099 -4.3 -44.78 -0.915 
3 15 -4.3 -44.26 -0.85 -4.3 -44.32 -1.375 -4.3 -44.51 -1.099 
3 15 -4.3 -44.26 -0.85 -4.3 -44.26 -1.7 -4.3 -44.32 -1.375 

3 15 -4.3 -44.26 -2.55 -4.3 -45.11 -2.55 -4.3 -44.78 -2.485 
3 15 -4.3 -44.26 -2.55 -4.3 -44.78 -2.485 -4.3 -44.51 -2.301 
3 15 -4.3 -44.26 -2.55 -4.3 -44.51 -2.301 -4.3 -44.32 -2.025 
3 15 -4.3 -44.26 -2.55 -4.3 -44.26 -1.7 -4.3 -44.32 -2.025 

0 COMMENT LEFT CHEEK - LARGE FILL IN
4 15 -3.8 -49.76 -7.07 -4.79 -49.76 1.63 -4.3 -45.96 -0.85 -4.3 -45.96 -2.55
4 15 -3.8 -49.76 -7.07 -4.3 -45.96 -2.55 -4.3 -44.26 -2.55 -3.8 -35.81 -6.83
4 15 -3.8 -35.81 -6.83 -4.3 -44.26 -2.55 -4.3 -44.26 -0.85 -4.107 -35.646 -1.762
3 15 -4.79 -49.76 1.63 -4.3 -45.96 -0.85 -4.3 -44.26 -0.85
3 15 -4.79 -49.76 1.63 -4.3 -44.26 -0.85 -4.107 -35.646 -1.762
3 16 -4.79 -49.76 1.63 -4.107 -35.646 -1.762 -4.79 -35.28 9.52



