0 ~Boat Stern 16 x 14 x  5 & 1/3 Hull Outside
0 Name: 2558.dat
0 Author: Paul Easter [pneaster]
0 !LDRAW_ORG Part UPDATE 2002-05
0 !LICENSE Redistributable under CCAL version 2.0 : see CAreadme.txt

0 BFC CERTIFY CCW
0 !CATEGORY Boat
0 !KEYWORDS pirate, pirates, ship, skull, Armada

0 !HISTORY 2002-11-30 [PTadmin] Official Update 2002-05
0 !HISTORY 2007-05-14 [PTadmin] Header formatted for Contributor Agreement
0 !HISTORY 2008-07-01 [PTadmin] Official Update 2008-01

0 // parts that cross the center
 1 16 0 116 -140 60 0 0 0 0 12 0 1 0 rect.dat
 4 16 60 128 -100 60 128 -140 -60 128 -140 -60 128 -100
 4 16 65 128 -65 65 128 -100 -65 128 -100 -65 128 -65
 1 16 0 116 -65 0 0 65 12 0 0 0 -1 0 rect.dat
 1 16 0 116 -15 0 0 65 -12 0 0 0 1 0 rect.dat
 4 16 65 128 -15 -65 128 -15 -65 128 -5.601 65 128 -5.601
 4 16 -57.932 128 14.411 57.932 128 14.411 68.8 128 -5.601 -68.8 128 -5.601
 4 16 -47.193 128 32.628 47.193 128 32.628 57.932 128 14.411 -57.932 128 14.411
 4 16 -25 128 66.363 25 128 66.363 47.193 128 32.628 -47.193 128 32.628
 4 16 -14 128 80 14 128 80 25 128 66.363 -25 128 66.363
 2 24 10 128 140 -10 128 140
 2 24 6 128 128 -6 128 128
 2 24 6 128 136 -6 128 136
 4 16 10 128 80 -10 128 80 -10 128 128 10 128 128
 4 16 6 128 136 -6 128 136 -10 128 140 10 128 140
 1 16 0 12 139 -10 0 0 0 1 0 0 0 1 rect.dat
 1 16 0 42 140 -10 0 0 0 0 30 0 -1 0 rect.dat
 1 16 0 72 134 10 0 0 0 -1 0 0 0 6 rect.dat
 1 16 0 76 128 -10 0 0 0 0 4 0 -1 0 rect.dat
 1 16 0 80 134 -10 0 0 0 1 0 0 0 6 rect.dat
 1 16 0 92 140 -10 0 0 0 0 12 0 -1 0 rect.dat
 1 16 0 104 134 10 0 0 0 -1 0 0 0 6 rect.dat
 1 16 0 108 128 -10 0 0 0 0 4 0 -1 0 rect.dat
 1 16 0 112 134 -10 0 0 0 1 0 0 0 6 rect.dat
 1 16 0 120 140 -10 0 0 0 0 8 0 -1 0 rect.dat
0 0 BFC INVERTNEXT
0 1 16 10 92 132 0 -8 0 8 0 0 0 0 4 box5.dat
 1 16 0 72 136 4 0 0 0 8 0 0 0 4 4-4cyli.dat
 1 16 0 72 136 4 0 0 0 8 0 0 0 4 4-4edge.dat
 1 16 0 80 136 4 0 0 0 8 0 0 0 4 4-4edge.dat
 1 16 0 104 136 4 0 0 0 8 0 0 0 4 4-4cyli.dat
 1 16 0 104 136 4 0 0 0 8 0 0 0 4 4-4edge.dat
 1 16 0 112 136 4 0 0 0 8 0 0 0 4 4-4edge.dat
0 BFC INVERTNEXT
 1 16 0 128 132 -6 0 0 0 -12 0 0 0 4 box5.dat
0
0
 1 16 80 116 -100 0 0 20 12 0 0 0 1 0 rect.dat
 1 16 60 116 -120 0 -1 0 12 0 0 0 0 20 rect.dat
 1 16 100 116 -120 0 1 0 12 0 0 0 0 -20 rect.dat
 1 16 65 116 -40 0 1 0 12 0 0 0 0 -25 rect.dat
0 BFC INVERTNEXT
 1 16 10 92 132 0 -8 0 8 0 0 0 0 4 box5.dat
0 tail piece
 2 24 10 128 80 10 128 140
 2 24 6 128 128 6 128 136
 4 16 10 128 128 6 128 128 6 128 136 10 128 140
 4 16 10 12 138 10 72 108 10 72 140 10 12 140
 4 16 10 72 108 10 128 80 10 128 128 10 72 128
 4 16 10 80 128 10 84 128 10 84 136 10 80 140
 4 16 10 84 136 10 100 136 10 104 140 10 80 140
 4 16 10 104 140 10 100 136 10 100 128 10 104 128
 4 16 10 112 128 10 128 128 10 128 140 10 112 140
 4 16 10 12 138 16 12 138 16 52 118 10 56 116
 4 16 10 56 116 16 52 118 64 52 118 64 56 116
 2 24 16 12 138 10 12 138
 2 24 16 12 138 16 52 118
 2 24 10 12 138 10 128 80
 2 24 100 8 140 84 8 140
 2 24 84 8 140 84 12 138
 2 24 84 12 138 64 12 138
 2 24 64 12 138 64 52 118
 2 24 64 52 118 16 52 118
0 end of tail piece
0
0 bottom surfaces
 4 16 100 128 -127.231 116.614 128 -127.231 120 128 -140 100 128 -140
 4 16 100 128 -115.577 113.269 128 -115.577 116.614 128 -127.231 100 128 -127.231
 4 16 100 128 -104.992 110.017 128 -104.992 113.269 128 -115.577 100 128 -115.577
 4 16 100 128 -100 106.893 128 -95.405 110.017 128 -104.992 100 128 -104.992
 4 16 100 128 -86.734 103.919 128 -86.734 106.893 128 -95.405 100 128 -100
 4 16 65 128 -47.178 88.5 128 -47.178 95.975 128 -65.367 65 128 -65
 4 16 65 128 -27.744 79.757 128 -27.744 88.5 128 -47.178 65 128 -47.178
 4 16 65 128 -5.601 68.8 128 -5.601 79.757 128 -27.744 65 128 -27.744
 4 16 100 128 -100 65 128 -100 65 128 -86.734 100 128 -86.734
 4 16 103.919 128 -86.734 65 128 -86.734 65 128 -78.893 101.107 128 -78.893
 4 16 101.107 128 -78.893 65 128 -78.893 65 128 -71.798 98.459 128 -71.798
 4 16 98.459 128 -71.798 65 128 -71.798 65 128 -65 95.975 128 -65.367
 2 24 68.8 128 -5.601 57.932 128 14.411
 2 24 57.932 128 14.411 47.193 128 32.628
 2 24 47.193 128 32.628 25 128 66.363
 2 24 25 128 66.363 14 128 80
0
0 outer "curved" surface
0 first trip around base
 2 24 100 128 -140 120 128 -140
 4 16 100 120 -140 100 128 -140 120 128 -140 130 120 -140
 2 24 130 120 -140 120 128 -140
 2 24 120 128 -140 116.614 128 -127.231
 2 24 116.614 128 -127.231 113.269 128 -115.577
 2 24 113.269 128 -115.577 110.017 128 -104.992
 2 24 110.017 128 -104.992 106.893 128 -95.405
 2 24 106.893 128 -95.405 103.919 128 -86.734
 2 24 103.919 128 -86.734 101.107 128 -78.893
 2 24 101.107 128 -78.893 98.459 128 -71.798
 2 24 98.459 128 -71.798 95.975 128 -65.367
 2 24 95.975 128 -65.367 88.5 128 -47.178
 2 24 88.5 128 -47.178 79.757 128 -27.744
 2 24 79.757 128 -27.744 68.8 128 -5.601
 2 24 57.932 128 14.411 50 128 28
 2 24 24 120 84 14 128 80
 2 24 10 128 80 14 128 80
 3 16 120 128 -140 126.247 120 -125.626 130 120 -140
 3 16 120 128 -140 116.614 128 -127.231 126.247 120 -125.626
 3 16 116.614 128 -127.231 122.499 120 -112.501 126.247 120 -125.626
 3 16 116.614 128 -127.231 113.269 128 -115.577 122.499 120 -112.501
 3 16 113.269 128 -115.577 118.826 120 -100.587 122.499 120 -112.501
 3 16 113.269 128 -115.577 110.017 128 -104.992 118.826 120 -100.587
 3 16 110.017 128 -104.992 115.278 120 -89.815 118.826 120 -100.587
 3 16 110.017 128 -104.992 106.893 128 -95.405 115.278 120 -89.815
 3 16 106.893 128 -95.405 111.889 120 -80.093 115.278 120 -89.815
 3 16 106.893 128 -95.405 103.919 128 -86.734 111.889 120 -80.093
 3 16 103.919 128 -86.734 108.677 120 -71.324 111.889 120 -80.093
 3 16 103.919 128 -86.734 101.107 128 -78.893 108.677 120 -71.324
 3 16 101.107 128 -78.893 105.649 120 -63.41 108.677 120 -71.324
 3 16 101.107 128 -78.893 98.459 128 -71.798 105.649 120 -63.41
 3 16 98.459 128 -71.798 102.806 120 -56.258 105.649 120 -63.41
 3 16 98.459 128 -71.798 95.975 128 -65.367 102.806 120 -56.258
 3 16 95.975 128 -65.367 94.26 120 -36.154 102.806 120 -56.258
 3 16 95.975 128 -65.367 88.5 128 -47.178 94.26 120 -36.154
 3 16 88.5 128 -47.178 84.304 120 -14.907 94.26 120 -36.154
 3 16 88.5 128 -47.178 79.757 128 -27.744 84.304 120 -14.907
 3 16 79.757 128 -27.744 71.921 120 8.965 84.304 120 -14.907
 3 16 79.757 128 -27.744 68.8 128 -5.601 71.921 120 8.965
 3 16 68.8 128 -5.601 59.767 120 30.213 71.921 120 8.965
 3 16 68.8 128 -5.601 57.932 128 14.411 59.767 120 30.213
 3 16 57.932 128 14.411 47.887 120 49.282 59.767 120 30.213
 3 16 57.932 128 14.411 47.193 128 32.628 47.887 120 49.282
 3 16 47.193 128 32.628 25 120 82.223 47.887 120 49.282
 3 16 47.193 128 32.628 25 128 66.363 25 120 82.223
 3 16 25 128 66.363 24 120 84 25 120 82.223
 3 16 25 128 66.363 14 128 80 24 120 84
 4 16 10 128 80 10 120 84 24 120 84 14 128 80
0
0 2nd trip around base
 4 16 138 112 -140 100 112 -140 100 120 -140 130 120 -140
 2 24 130 120 -140 138 112 -140
 2 24 34 112 88 24 120 84
 3 16 130 120 -140 134.217 112 -124.297 138 112 -140
 3 16 130 120 -140 126.247 120 -125.626 134.217 112 -124.297
 3 16 126.247 120 -125.626 130.361 112 -109.88 134.217 112 -124.297
 3 16 126.247 120 -125.626 122.499 120 -112.501 130.361 112 -109.88
 3 16 122.499 120 -112.501 126.522 112 -96.739 130.361 112 -109.88
 3 16 122.499 120 -112.501 118.826 120 -100.587 126.522 112 -96.739
 3 16 118.826 120 -100.587 122.768 112 -84.821 126.522 112 -96.739
 3 16 118.826 120 -100.587 115.278 120 -89.815 122.768 112 -84.821
 3 16 115.278 120 -89.815 119.146 112 -74.045 122.768 112 -84.821
 3 16 115.278 120 -89.815 111.889 120 -80.093 119.146 112 -74.045
 3 16 111.889 120 -80.093 115.686 112 -64.314 119.146 112 -74.045
 3 16 111.889 120 -80.093 108.677 120 -71.324 115.686 112 -64.314
 3 16 108.677 120 -71.324 112.405 112 -55.528 115.686 112 -64.314
 3 16 108.677 120 -71.324 105.649 120 -63.41 112.405 112 -55.528
 3 16 105.649 120 -63.41 109.31 112 -47.587 112.405 112 -55.528
 3 16 105.649 120 -63.41 102.806 120 -56.258 109.31 112 -47.587
 3 16 102.806 120 -56.258 99.938 112 -25.287 109.31 112 -47.587
 3 16 102.806 120 -56.258 94.26 120 -36.154 99.938 112 -25.287
 3 16 94.26 120 -36.154 88.943 112 -1.809 99.938 112 -25.287
 3 16 94.26 120 -36.154 84.304 120 -14.907 88.943 112 -1.809
 3 16 84.304 120 -14.907 75.226 112 24.387 88.943 112 -1.809
 3 16 84.304 120 -14.907 71.921 120 8.965 75.226 112 24.387
 3 16 71.921 120 8.965 61.773 112 47.486 75.226 112 24.387
 3 16 71.921 120 8.965 59.767 120 30.213 61.773 112 47.486
 3 16 59.767 120 30.213 48.667 112 68.01 61.773 112 47.486
 3 16 59.767 120 30.213 47.887 120 49.282 48.667 112 68.01
 3 16 47.887 120 49.282 34.386 112 88 48.667 112 68.01
 3 16 47.887 120 49.282 25 120 82.223 34.386 112 88
 3 16 25 120 82.223 24 120 84 34.386 112 88
 4 16 10 120 84 10 112 88 34 112 88 24 120 84
0
0 3rd trip around base
 4 16 138 112 -140 145 104 -140 100 104 -140 100 112 -140
 2 24 100 104 -140 126 104 -140
 2 24 138 112 -140 145 104 -140
 2 24 42 104 92 34 112 88
 3 16 138 112 -140 141.122 104 -123.146 145 104 -140
 3 16 138 112 -140 134.217 112 -124.297 141.122 104 -123.146
 3 16 134.217 112 -124.297 137.113 104 -107.629 141.122 104 -123.146
 3 16 134.217 112 -124.297 130.361 112 -109.88 137.113 104 -107.629
 3 16 130.361 112 -109.88 133.078 104 -93.461 137.113 104 -107.629
 3 16 130.361 112 -109.88 126.522 112 -96.739 133.078 104 -93.461
 3 16 126.522 112 -96.739 129.1 104 -80.6 133.078 104 -93.461
 3 16 126.522 112 -96.739 122.768 112 -84.821 129.1 104 -80.6
 3 16 122.768 112 -84.821 125.238 104 -68.969 129.1 104 -80.6
 3 16 122.768 112 -84.821 119.146 112 -74.045 125.238 104 -68.969
 3 16 119.146 112 -74.045 121.532 104 -58.468 125.238 104 -68.969
 3 16 119.146 112 -74.045 115.686 112 -64.314 121.532 104 -58.468
 3 16 115.686 112 -64.314 118.006 104 -48.993 121.532 104 -58.468
 3 16 115.686 112 -64.314 112.405 112 -55.528 118.006 104 -48.993
 3 16 112.405 112 -55.528 114.671 104 -40.439 118.006 104 -48.993
 3 16 112.405 112 -55.528 109.31 112 -47.587 114.671 104 -40.439
 3 16 109.31 112 -47.587 104.543 104 -16.474 114.671 104 -40.439
 3 16 109.31 112 -47.587 99.938 112 -25.287 104.543 104 -16.474
 3 16 99.938 112 -25.287 92.638 104 8.624 104.543 104 -16.474
 3 16 99.938 112 -25.287 88.943 112 -1.809 92.638 104 8.624
 3 16 88.943 112 -1.809 77.803 104 36.414 92.638 104 8.624
 3 16 88.943 112 -1.809 75.226 112 24.387 77.803 104 36.414
 3 16 75.226 112 24.387 63.307 104 60.698 77.803 104 36.414
 3 16 75.226 112 24.387 61.773 112 47.486 63.307 104 60.698
 3 16 61.773 112 47.486 49.254 104 82.089 63.307 104 60.698
 3 16 61.773 112 47.486 48.667 112 68.01 49.254 104 82.089
 3 16 48.667 112 68.01 42 104 92 49.254 104 82.089
 3 16 48.667 112 68.01 34 112 88 42 104 92
 4 16 10 112 88 10 104 92 42 104 92 34 112 88
0
0 4th trip around base
 4 16 145 104 -140 150 96 -140 138 72 -140 126 104 -140
 2 24 129 96 -140 138 72 -140
 2 24 145 104 -140 150 96 -140
 2 24 47 96 96 42 104 92
 3 16 145 104 -140 146.085 96 -122.319 150 96 -140
 3 16 145 104 -140 141.122 104 -123.146 146.085 96 -122.319
 3 16 141.122 104 -123.146 141.99 96 -106.004 146.085 96 -122.319
 3 16 141.122 104 -123.146 137.113 104 -107.629 141.99 96 -106.004
 3 16 137.113 104 -107.629 137.832 96 -91.084 141.99 96 -106.004
 3 16 137.113 104 -107.629 133.078 104 -93.461 137.832 96 -91.084
 3 16 133.078 104 -93.461 133.707 96 -77.529 137.832 96 -91.084
 3 16 133.078 104 -93.461 129.1 104 -80.6 133.707 96 -77.529
 3 16 129.1 104 -80.6 129.682 96 -65.265 133.707 96 -77.529
 3 16 129.1 104 -80.6 125.238 104 -68.969 129.682 96 -65.265
 3 16 125.238 104 -68.969 125.805 96 -54.195 129.682 96 -65.265
 3 16 125.238 104 -68.969 121.532 104 -58.468 125.805 96 -54.195
 3 16 121.532 104 -58.468 122.106 96 -44.21 125.805 96 -54.195
 3 16 121.532 104 -58.468 118.006 104 -48.993 122.106 96 -44.21
 3 16 118.006 104 -48.993 118.601 96 -35.199 122.106 96 -44.21
 3 16 118.006 104 -48.993 114.671 104 -40.439 118.601 96 -35.199
 3 16 114.671 104 -40.439 107.927 96 -9.997 118.601 96 -35.199
 3 16 114.671 104 -40.439 104.543 104 -16.474 107.927 96 -9.997
 3 16 104.543 104 -16.474 95.357 96 16.303 107.927 96 -9.997
 3 16 104.543 104 -16.474 92.638 104 8.624 95.357 96 16.303
 3 16 92.638 104 8.624 79.701 96 45.27 95.357 96 16.303
 3 16 92.638 104 8.624 77.803 104 36.414 79.701 96 45.27
 3 16 77.803 104 36.414 64.437 96 70.425 79.701 96 45.27
 3 16 77.803 104 36.414 63.307 104 60.698 64.437 96 70.425
 3 16 63.307 104 60.698 49.685 96 92.45 64.437 96 70.425
 3 16 63.307 104 60.698 49.254 104 82.089 49.685 96 92.45
 3 16 49.254 104 82.089 47 96 96 49.685 96 92.45
 3 16 49.254 104 82.089 42 104 92 47 96 96
 4 16 10 104 92 10 96 96 47 96 96 42 104 92
0
0 5th trip around base
 4 16 150 96 -140 154 96 -140 157.1 88 -140 138 72 -140
 2 24 154 96 -140 150 96 -140
 2 24 150 96 -140 146.085 96 -122.319
 2 24 146.085 96 -122.319 141.99 96 -106.004
 2 24 141.99 96 -106.004 137.832 96 -91.084
 2 24 137.832 96 -91.084 133.707 96 -77.529
 2 24 133.707 96 -77.529 129.682 96 -65.265
 2 24 129.682 96 -65.265 125.805 96 -54.195
 2 24 125.805 96 -54.195 122.106 96 -44.21
 2 24 122.106 96 -44.21 118.601 96 -35.199
 2 24 118.601 96 -35.199 107.927 96 -9.997
 2 24 107.927 96 -9.997 95.357 96 16.303
 2 24 95.357 96 16.303 79.701 96 45.27
 2 24 79.701 96 45.27 64.437 96 70.425
 2 24 64.437 96 70.425 50 96 92
 2 24 154 96 -140 149.982 96 -121.67
 2 24 149.982 96 -121.67 145.755 96 -104.748
 2 24 145.755 96 -104.748 141.447 96 -89.277
 2 24 141.447 96 -89.277 137.16 96 -75.227
 2 24 137.16 96 -75.227 132.97 96 -62.525
 2 24 132.97 96 -62.525 128.93 96 -51.07
 2 24 128.93 96 -51.07 125.073 96 -40.748
 2 24 125.073 96 -40.748 121.417 96 -31.444
 2 24 121.417 96 -31.444 110.287 96 -5.48
 2 24 110.287 96 -5.48 97.199 96 21.504
 2 24 97.199 96 21.504 80.945 96 51.075
 2 24 80.945 96 51.075 65.156 96 76.62
 2 24 65.156 96 76.62 52 96 96
 2 24 50 96 92 47 96 96
 2 24 47 96 96 52 96 96
 4 16 150 96 -140 146.085 96 -122.319 149.982 96 -121.67 154 96 -140
 4 16 146.085 96 -122.319 141.99 96 -106.004 145.755 96 -104.748 149.982 96 -121.67
 4 16 141.99 96 -106.004 137.832 96 -91.084 141.447 96 -89.277 145.755 96 -104.748
 4 16 137.832 96 -91.084 133.707 96 -77.529 137.16 96 -75.227 141.447 96 -89.277
 4 16 133.707 96 -77.529 129.682 96 -65.265 132.97 96 -62.525 137.16 96 -75.227
 4 16 129.682 96 -65.265 125.805 96 -54.195 128.93 96 -51.07 132.97 96 -62.525
 4 16 125.805 96 -54.195 122.106 96 -44.21 125.073 96 -40.748 128.93 96 -51.07
 4 16 122.106 96 -44.21 118.601 96 -35.199 121.417 96 -31.444 125.073 96 -40.748
 4 16 118.601 96 -35.199 107.927 96 -9.997 110.287 96 -5.48 121.417 96 -31.444
 4 16 107.927 96 -9.997 95.357 96 16.303 97.199 96 21.504 110.287 96 -5.48
 4 16 95.357 96 16.303 79.701 96 45.27 80.945 96 51.075 97.199 96 21.504
 4 16 79.701 96 45.27 64.437 96 70.425 65.156 96 76.62 80.945 96 51.075
 3 16 64.437 96 70.425 52 96 96 65.156 96 76.62
 3 16 64.437 96 70.425 49.685 96 92.45 52 96 96
 3 16 49.685 96 92.45 47 96 96 52 96 96
0
0 6th trip around base
 2 24 154 96 -140 157.1 88 -140
 2 24 52 96 96 57 88 100
 3 16 154 96 -140 154 88 -120.839 157.1 88 -140
 3 16 154 96 -140 149.982 96 -121.67 154 88 -120.839
 3 16 149.982 96 -121.67 150.675 88 -103.109 154 88 -120.839
 3 16 149.982 96 -121.67 145.755 96 -104.748 150.675 88 -103.109
 3 16 145.755 96 -104.748 146.256 88 -86.872 150.675 88 -103.109
 3 16 145.755 96 -104.748 141.447 96 -89.277 146.256 88 -86.872
 3 16 141.447 96 -89.277 141.829 88 -72.114 146.256 88 -86.872
 3 16 141.447 96 -89.277 137.16 96 -75.227 141.829 88 -72.114
 3 16 137.16 96 -75.227 137.479 88 -58.768 141.829 88 -72.114
 3 16 137.16 96 -75.227 132.97 96 -62.525 137.479 88 -58.768
 3 16 132.97 96 -62.525 133.269 88 -46.731 137.479 88 -58.768
 3 16 132.97 96 -62.525 128.93 96 -51.07 133.269 88 -46.731
 3 16 128.93 96 -51.07 129.238 88 -35.889 133.269 88 -46.731
 3 16 128.93 96 -51.07 125.073 96 -40.748 129.238 88 -35.889
 3 16 125.073 96 -40.748 125.41 88 -26.121 129.238 88 -35.889
 3 16 125.073 96 -40.748 121.417 96 -31.444 125.41 88 -26.121
 3 16 121.417 96 -31.444 113.722 88 1.094 125.41 88 -26.121
 3 16 121.417 96 -31.444 110.287 96 -5.48 113.722 88 1.094
 3 16 110.287 96 -5.48 99.952 88 29.277 113.722 88 1.094
 3 16 110.287 96 -5.48 97.199 96 21.504 99.952 88 29.277
 3 16 97.199 96 21.504 82.858 88 60.005 99.952 88 29.277
 3 16 97.199 96 21.504 80.945 96 51.075 82.858 88 60.005
 3 16 80.945 96 51.075 66.29 88 86.387 82.858 88 60.005
 3 16 80.945 96 51.075 65.156 96 76.62 66.29 88 86.387
 3 16 65.156 96 76.62 57 88 100 66.29 88 86.387
 3 16 65.156 96 76.62 52 96 96 57 88 100
 4 16 10 96 96 10 88 100 57 88 100 52 96 96
0
0 7th trip around base
 4 16 160 72 -140 138 72 -140 157.1 88 -140 159 80 -140
 2 24 157.1 88 -140 159 80 -140
 2 24 57 88 100 60.5 80 104
 3 16 157.1 88 -140 158 80 -120.022 159 80 -140
 3 16 157.1 88 -140 154 88 -120.839 158 80 -120.022
 3 16 154 88 -120.839 155.433 80 -101.522 158 80 -120.022
 3 16 154 88 -120.839 150.675 88 -103.109 155.433 80 -101.522
 3 16 150.675 88 -103.109 150.842 80 -84.579 155.433 80 -101.522
 3 16 150.675 88 -103.109 146.256 88 -86.872 150.842 80 -84.579
 3 16 146.256 88 -86.872 146.222 80 -69.185 150.842 80 -84.579
 3 16 146.256 88 -86.872 141.829 88 -72.114 146.222 80 -69.185
 3 16 141.829 88 -72.114 141.672 80 -55.274 146.222 80 -69.185
 3 16 141.829 88 -72.114 137.479 88 -58.768 141.672 80 -55.274
 3 16 137.479 88 -58.768 137.26 80 -42.74 141.672 80 -55.274
 3 16 137.479 88 -58.768 133.269 88 -46.731 137.26 80 -42.74
 3 16 133.269 88 -46.731 133.032 80 -31.463 137.26 80 -42.74
 3 16 133.269 88 -46.731 129.238 88 -35.889 133.032 80 -31.463
 3 16 129.238 88 -35.889 129.013 80 -21.316 133.032 80 -31.463
 3 16 129.238 88 -35.889 125.41 88 -26.121 129.013 80 -21.316
 3 16 125.41 88 -26.121 116.744 80 6.879 129.013 80 -21.316
 3 16 125.41 88 -26.121 113.722 88 1.094 116.744 80 6.879
 3 16 113.722 88 1.094 102.312 80 35.938 116.744 80 6.879
 3 16 113.722 88 1.094 99.952 88 29.277 102.312 80 35.938
 3 16 99.952 88 29.277 84.45 80 67.433 102.312 80 35.938
 3 16 99.952 88 29.277 82.858 88 60.005 84.45 80 67.433
 3 16 82.858 88 60.005 67.21 80 94.305 84.45 80 67.433
 3 16 82.858 88 60.005 66.29 88 86.387 67.21 80 94.305
 3 16 66.29 88 86.387 60.5 80 104 67.21 80 94.305
 3 16 66.29 88 86.387 57 88 100 60.5 80 104
 4 16 10 88 100 10 80 104 60.5 80 104 57 88 100
0
0 8th trip around base
 2 24 159 80 -140 160 72 -140
 2 24 60.5 80 104 64 72 108
 3 16 159 80 -140 160 72 -120 160 72 -140
 3 16 159 80 -140 158 80 -120.022 160 72 -120
 3 16 158 80 -120.022 160 72 -100 160 72 -120
 3 16 158 80 -120.022 155.433 80 -101.522 160 72 -100
 3 16 155.433 80 -101.522 155.259 72 -82.37 160 72 -100
 3 16 155.433 80 -101.522 150.842 80 -84.579 155.259 72 -82.37
 3 16 150.842 80 -84.579 150.468 72 -66.355 155.259 72 -82.37
 3 16 150.842 80 -84.579 146.222 80 -69.185 150.468 72 -66.355
 3 16 146.222 80 -69.185 145.735 72 -51.888 150.468 72 -66.355
 3 16 146.222 80 -69.185 141.672 80 -55.274 145.735 72 -51.888
 3 16 141.672 80 -55.274 141.136 72 -38.864 145.735 72 -51.888
 3 16 141.672 80 -55.274 137.26 80 -42.74 141.136 72 -38.864
 3 16 137.26 80 -42.74 136.722 72 -27.158 141.136 72 -38.864
 3 16 137.26 80 -42.74 133.032 80 -31.463 136.722 72 -27.158
 3 16 133.032 80 -31.463 132.524 72 -16.635 136.722 72 -27.158
 3 16 133.032 80 -31.463 129.013 80 -21.316 132.524 72 -16.635
 3 16 129.013 80 -21.316 119.701 72 12.537 132.524 72 -16.635
 3 16 129.013 80 -21.316 116.744 80 6.879 119.701 72 12.537
 3 16 116.744 80 6.879 104.627 72 42.475 119.701 72 12.537
 3 16 116.744 80 6.879 102.312 80 35.938 104.627 72 42.475
 3 16 102.312 80 35.938 86.017 72 74.746 104.627 72 42.475
 3 16 102.312 80 35.938 84.45 80 67.433 86.017 72 74.746
 3 16 84.45 80 67.433 68.117 72 102.122 86.017 72 74.746
 3 16 84.45 80 67.433 67.21 80 94.305 68.117 72 102.122
 3 16 67.21 80 94.305 64 72 108 68.117 72 102.122
 3 16 67.21 80 94.305 60.5 80 104 64 72 108
 4 16 10 80 104 10 72 108 64 72 108 60.5 80 104
0
0 9th trip around base
 2 24 160 72 -140 160 72 -100
 2 24 138 72 -140 160 72 -140
 2 24 138 72 -140 126 104 -140
 2 24 160 72 -100 155.259 72 -82.37
 2 24 155.259 72 -82.37 150.468 72 -66.355
 2 24 150.468 72 -66.355 145.735 72 -51.888
 2 24 145.735 72 -51.888 141.136 72 -38.864
 2 24 141.136 72 -38.864 136.722 72 -27.158
 2 24 136.722 72 -27.158 132.524 72 -16.635
 2 24 132.524 72 -16.635 119.701 72 12.537
 2 24 119.701 72 12.537 104.627 72 42.475
 2 24 104.627 72 42.475 86.017 72 74.746
 2 24 86.017 72 74.746 68.117 72 102.122
 2 24 68.117 72 102.122 64 72 108
 2 24 160 72 -88.573 158.001 72 -80.999
 2 24 158.001 72 -80.999 153.156 72 -64.563
 2 24 153.156 72 -64.563 148.35 72 -49.709
 2 24 148.35 72 -49.709 143.667 72 -36.333
 2 24 143.667 72 -36.333 139.164 72 -24.308
 2 24 139.164 72 -24.308 134.874 72 -13.501
 2 24 134.874 72 -13.501 121.74 72 16.441
 2 24 121.74 72 16.441 106.271 72 47.119
 2 24 106.271 72 47.119 87.165 72 80.105
 2 24 87.165 72 80.105 68.8 72 108
 2 24 160 72 -100 160 72 -88.573
 2 24 64 72 108 68.8 72 108
 4 16 160 72 -100 155.259 72 -82.37 158.001 72 -80.999 160 72 -88.573
 4 16 155.259 72 -82.37 150.468 72 -66.355 153.156 72 -64.563 158.001 72 -80.999
 4 16 150.468 72 -66.355 145.735 72 -51.888 148.35 72 -49.709 153.156 72 -64.563
 4 16 145.735 72 -51.888 141.136 72 -38.864 143.667 72 -36.333 148.35 72 -49.709
 4 16 141.136 72 -38.864 136.722 72 -27.158 139.164 72 -24.308 143.667 72 -36.333
 4 16 136.722 72 -27.158 132.524 72 -16.635 134.874 72 -13.501 139.164 72 -24.308
 4 16 132.524 72 -16.635 119.701 72 12.537 121.74 72 16.441 134.874 72 -13.501
 4 16 119.701 72 12.537 104.627 72 42.475 106.271 72 47.119 121.74 72 16.441
 4 16 104.627 72 42.475 86.017 72 74.746 87.165 72 80.105 106.271 72 47.119
 4 16 86.017 72 74.746 68.117 72 102.122 68.8 72 108 87.165 72 80.105
 3 16 68.117 72 102.122 64 72 108 68.8 72 108
0
0 10th trip around base
 4 16 10 72 108 10 64 112 73 64 112 68.8 72 108
 2 24 160 72 -100 160 64 -86.5
 2 24 68.8 72 108 73 64 112
 3 16 160 72 -100 160.094 64 -79.953 160 64 -86.5
 3 16 160 72 -100 160 72 -88.573 160.094 64 -79.953
 3 16 160 72 -88.573 158.001 72 -80.999 160.094 64 -79.953
 3 16 158.001 72 -80.999 155.409 64 -63.061 160.094 64 -79.953
 3 16 158.001 72 -80.999 153.156 72 -64.563 155.409 64 -63.061
 3 16 153.156 72 -64.563 150.714 64 -47.739 155.409 64 -63.061
 3 16 153.156 72 -64.563 148.35 72 -49.709 150.714 64 -47.739
 3 16 148.35 72 -49.709 146.099 64 -33.901 150.714 64 -47.739
 3 16 148.35 72 -49.709 143.667 72 -36.333 146.099 64 -33.901
 3 16 143.667 72 -36.333 141.63 64 -21.432 146.099 64 -33.901
 3 16 143.667 72 -36.333 139.164 72 -24.308 141.63 64 -21.432
 3 16 139.164 72 -24.308 137.348 64 -10.203 141.63 64 -21.432
 3 16 139.164 72 -24.308 134.874 72 -13.501 137.348 64 -10.203
 3 16 134.874 72 -13.501 124.119 64 20.993 137.348 64 -10.203
 3 16 134.874 72 -13.501 121.74 72 16.441 124.119 64 20.993
 3 16 121.74 72 16.441 108.369 64 53.043 124.119 64 20.993
 3 16 121.74 72 16.441 106.271 72 47.119 108.369 64 53.043
 3 16 106.271 72 47.119 88.757 64 87.531 108.369 64 53.043
 3 16 106.271 72 47.119 87.165 72 80.105 88.757 64 87.531
 3 16 87.165 72 80.105 73 64 112 88.757 64 87.531
 3 16 87.165 72 80.105 68.8 72 108 73 64 112
0
0 11th trip around base
 4 16 10 64 112 10 56 116 76 56 116 73 64 112
 2 24 160 64 -86.5 160 56 -73
 2 24 73 64 112 76 56 116
 3 16 160 64 -86.5 160.094 64 -79.953 160 56 -73
 3 16 160.094 64 -79.953 157.542 56 -61.639 160 56 -73
 3 16 160.094 64 -79.953 155.409 64 -63.061 157.542 56 -61.639
 3 16 155.409 64 -63.061 152.909 56 -45.909 157.542 56 -61.639
 3 16 155.409 64 -63.061 150.714 64 -47.739 152.909 56 -45.909
 3 16 150.714 64 -47.739 148.325 56 -31.675 152.909 56 -45.909
 3 16 150.714 64 -47.739 146.099 64 -33.901 148.325 56 -31.675
 3 16 146.099 64 -33.901 143.862 56 -18.828 148.325 56 -31.675
 3 16 146.099 64 -33.901 141.63 64 -21.432 143.862 56 -18.828
 3 16 141.63 64 -21.432 139.566 56 -7.245 143.862 56 -18.828
 3 16 141.63 64 -21.432 137.348 64 -10.203 139.566 56 -7.245
 3 16 137.348 64 -10.203 126.206 56 24.988 139.566 56 -7.245
 3 16 137.348 64 -10.203 124.119 64 20.993 126.206 56 24.988
 3 16 124.119 64 20.993 110.176 56 58.145 126.206 56 24.988
 3 16 124.119 64 20.993 108.369 64 53.043 110.176 56 58.145
 3 16 108.369 64 53.043 90.104 56 93.817 110.176 56 58.145
 3 16 108.369 64 53.043 88.757 64 87.531 90.104 56 93.817
 3 16 88.757 64 87.531 76 56 116 90.104 56 93.817
 3 16 88.757 64 87.531 73 64 112 76 56 116
0
0 12th trip around base
 4 16 64 56 116 64 48 120 78.5 48 120 76 56 116
 2 24 160 56 -73 160 48 -60
 2 24 76 56 116 78.5 48 120
 3 16 160 56 -73 157.542 56 -61.639 160 48 -60
 3 16 157.542 56 -61.639 155.04 48 -44.134 160 48 -60
 3 16 157.542 56 -61.639 152.909 56 -45.909 155.04 48 -44.134
 3 16 152.909 56 -45.909 150.471 48 -29.529 155.04 48 -44.134
 3 16 152.909 56 -45.909 148.325 56 -31.675 150.471 48 -29.529
 3 16 148.325 56 -31.675 146.001 48 -16.332 150.471 48 -29.529
 3 16 148.325 56 -31.675 143.862 56 -18.828 146.001 48 -16.332
 3 16 143.862 56 -18.828 141.683 48 -4.423 146.001 48 -16.332
 3 16 143.862 56 -18.828 139.566 56 -7.245 141.683 48 -4.423
 3 16 139.566 56 -7.245 128.174 48 28.754 141.683 48 -4.423
 3 16 139.566 56 -7.245 126.206 56 24.988 128.174 48 28.754
 3 16 126.206 56 24.988 111.862 48 62.905 128.174 48 28.754
 3 16 126.206 56 24.988 110.176 56 58.145 111.862 48 62.905
 3 16 110.176 56 58.145 91.347 48 99.62 111.862 48 62.905
 3 16 110.176 56 58.145 90.104 56 93.817 91.347 48 99.62
 3 16 90.104 56 93.817 78.5 48 120 91.347 48 99.62
 3 16 90.104 56 93.817 76 56 116 78.5 48 120
0
0 13th trip around base
 2 24 160 48 -60 155.04 48 -44.134
 2 24 155.04 48 -44.134 150.471 48 -29.529
 2 24 150.471 48 -29.529 146.001 48 -16.332
 2 24 146.001 48 -16.332 141.683 48 -4.423
 2 24 141.683 48 -4.423 128.174 48 28.754
 2 24 128.174 48 28.754 111.862 48 62.905
 2 24 111.862 48 62.905 91.347 48 99.62
 2 24 91.347 48 99.62 78.5 48 120
 2 24 160 48 -51.798 157.306 48 -42.245
 2 24 157.306 48 -42.245 152.673 48 -27.327
 2 24 152.673 48 -27.327 148.131 48 -13.847
 2 24 148.131 48 -13.847 143.737 48 -1.684
 2 24 143.737 48 -1.684 129.964 48 32.179
 2 24 129.964 48 32.179 113.306 48 66.982
 2 24 113.306 48 66.982 92.352 48 104.308
 2 24 92.352 48 104.308 82.5 48 120
 2 24 160 48 -60 160 48 -51.798
 2 24 78.5 48 120 82.5 48 120
 4 16 160 48 -60 155.04 48 -44.134 157.306 48 -42.245 160 48 -51.798
 4 16 155.04 48 -44.134 150.471 48 -29.529 152.673 48 -27.327 157.306 48 -42.245
 4 16 150.471 48 -29.529 146.001 48 -16.332 148.131 48 -13.847 152.673 48 -27.327
 4 16 146.001 48 -16.332 141.683 48 -4.423 143.737 48 -1.684 148.131 48 -13.847
 4 16 141.683 48 -4.423 128.174 48 28.754 129.964 48 32.179 143.737 48 -1.684
 4 16 128.174 48 28.754 111.862 48 62.905 113.306 48 66.982 129.964 48 32.179
 4 16 111.862 48 62.905 91.347 48 99.62 92.352 48 104.308 113.306 48 66.982
 4 16 91.347 48 99.62 78.5 48 120 82.5 48 120 92.352 48 104.308
0
0 14th trip around base
 4 16 64 48 120 64 40 124 84.8 40 124 82.5 48 120
 2 24 160 48 -59.5 160 40 -46
 2 24 82.5 48 120 84.8 40 124
 3 16 160 48 -59.5 159.745 40 -40.213 160 40 -46
 3 16 160 48 -59.5 160 48 -51.798 159.745 40 -40.213
 3 16 160 48 -51.798 157.306 48 -42.245 159.745 40 -40.213
 3 16 157.306 48 -42.245 155.081 40 -24.919 159.745 40 -40.213
 3 16 157.306 48 -42.245 152.673 48 -27.327 155.081 40 -24.919
 3 16 152.673 48 -27.327 150.491 40 -11.093 155.081 40 -24.919
 3 16 152.673 48 -27.327 148.131 48 -13.847 150.491 40 -11.093
 3 16 148.131 48 -13.847 146.039 40 1.385 150.491 40 -11.093
 3 16 148.131 48 -13.847 143.737 48 -1.684 146.039 40 1.385
 3 16 143.737 48 -1.684 132.028 40 36.13 146.039 40 1.385
 3 16 143.737 48 -1.684 129.964 48 32.179 132.028 40 36.13
 3 16 129.964 48 32.179 115.016 40 71.81 132.028 40 36.13
 3 16 129.964 48 32.179 113.306 48 66.982 115.016 40 71.81
 3 16 113.306 48 66.982 93.572 40 110.003 115.016 40 71.81
 3 16 113.306 48 66.982 92.352 48 104.308 93.572 40 110.003
 3 16 92.352 48 104.308 84.8 40 124 93.572 40 110.003
 3 16 92.352 48 104.308 82.5 48 120 84.8 40 124
0
0 15th trip around base
 4 16 64 40 124 64 32 128 86.4 32 128 84.8 40 124
 2 24 160 40 -46 160 32 -32.5
 2 24 84.8 40 124 86.4 32 128
 3 16 160 40 -46 159.745 40 -40.213 160 32 -32.5
 3 16 159.745 40 -40.213 157.617 32 -22.383 160 32 -32.5
 3 16 159.745 40 -40.213 155.081 40 -24.919 157.617 32 -22.383
 3 16 155.081 40 -24.919 152.924 32 -8.255 157.617 32 -22.383
 3 16 155.081 40 -24.919 150.491 40 -11.093 152.924 32 -8.255
 3 16 150.491 40 -11.093 148.367 32 4.489 152.924 32 -8.255
 3 16 150.491 40 -11.093 146.039 40 1.385 148.367 32 4.489
 3 16 146.039 40 1.385 134.013 32 39.929 148.367 32 4.489
 3 16 146.039 40 1.385 132.028 40 36.13 134.013 32 39.929
 3 16 132.028 40 36.13 116.582 32 76.231 134.013 32 39.929
 3 16 132.028 40 36.13 115.016 40 71.81 116.582 32 76.231
 3 16 115.016 40 71.81 94.635 32 114.965 116.582 32 76.231
 3 16 115.016 40 71.81 93.572 40 110.003 94.635 32 114.965
 3 16 93.572 40 110.003 86.4 32 128 94.635 32 114.965
 3 16 93.572 40 110.003 84.8 40 124 86.4 32 128
0
0 16th trip around base
 4 16 64 32 128 64 24 132 88 24 132 86.4 32 128
 2 24 160 32 -32.5 160 24 -18.829
 2 24 86.4 32 128 88 24 132
 3 16 160 32 -32.5 157.617 32 -22.383 160 24 -18.829
 3 16 157.617 32 -22.383 155.478 24 -5.275 160 24 -18.829
 3 16 157.617 32 -22.383 152.924 32 -8.255 155.478 24 -5.275
 3 16 152.924 32 -8.255 150.8 24 7.733 155.478 24 -5.275
 3 16 152.924 32 -8.255 148.367 32 4.489 150.8 24 7.733
 3 16 148.367 32 4.489 136.06 24 43.846 150.8 24 7.733
 3 16 148.367 32 4.489 134.013 32 39.929 136.06 24 43.846
 3 16 134.013 32 39.929 118.174 24 80.728 136.06 24 43.846
 3 16 134.013 32 39.929 116.582 32 76.231 118.174 24 80.728
 3 16 116.582 32 76.231 95.7 24 119.935 118.174 24 80.728
 3 16 116.582 32 76.231 94.635 32 114.965 95.7 24 119.935
 3 16 94.635 32 114.965 88 24 132 95.7 24 119.935
 3 16 94.635 32 114.965 86.4 32 128 88 24 132
0
0 17th trip around base (horizontal plane)
 4 16 64 24 132 64 16 136 97 16 136 93 24 132
 2 24 160 24 -18.829 160 24 -6.37
 2 24 160 24 -18.829 155.478 24 -5.275
 2 24 155.478 24 -5.275 150.8 24 7.733
 2 24 150.8 24 7.733 136.06 24 43.846
 2 24 136.06 24 43.846 118.174 24 80.728
 2 24 118.174 24 80.728 95.7 24 119.935
 2 24 95.7 24 119.935 88 24 132
 2 24 160 24 -6.37 158.466 24 -1.79
 2 24 158.466 24 -1.79 153.649 24 11.532
 2 24 153.649 24 11.532 138.465 24 48.449
 2 24 138.465 24 48.449 120.05 24 86.025
 2 24 120.05 24 86.025 96.958 24 125.806
 2 24 96.958 24 125.806 93 24 132
 2 24 88 24 132 93 24 132
 4 16 160 24 -18.829 155.478 24 -5.275 158.466 24 -1.79 160 24 -6.37
 4 16 155.478 24 -5.275 150.8 24 7.733 153.649 24 11.532 158.466 24 -1.79
 4 16 150.8 24 7.733 136.06 24 43.846 138.465 24 48.449 153.649 24 11.532
 4 16 136.06 24 43.846 118.174 24 80.728 120.05 24 86.025 138.465 24 48.449
 4 16 118.174 24 80.728 95.7 24 119.935 96.958 24 125.806 120.05 24 86.025
 4 16 95.7 24 119.935 88 24 132 93 24 132 96.958 24 125.806
0
0 18th trip around base
 4 16 64 16 136 64 12 138 98.5 12 138 97 16 136
 2 24 160 24 -18.829 160 16 -5.5
 2 24 93 24 132 97 16 136
 4 16 160 24 -18.829 160 24 -6.37 160 16 7.047 160 16 -5.5
 3 16 160 24 -6.37 158.466 24 -1.79 160 16 7.047
 3 16 158.466 24 -1.79 156.867 16 15.823 160 16 7.047
 3 16 158.466 24 -1.79 153.649 24 11.532 156.867 16 15.823
 3 16 153.649 24 11.532 141.321 16 53.916 156.867 16 15.823
 3 16 153.649 24 11.532 138.465 24 48.449 141.321 16 53.916
 3 16 138.465 24 48.449 122.389 16 92.627 141.321 16 53.916
 3 16 138.465 24 48.449 120.05 24 86.025 122.389 16 92.627
 3 16 120.05 24 86.025 98.604 16 133.484 122.389 16 92.627
 3 16 120.05 24 86.025 96.958 24 125.806 98.604 16 133.484
 3 16 96.958 24 125.806 97 16 136 98.604 16 133.484
 3 16 96.958 24 125.806 93 24 132 97 16 136
0
0 19th trip around base
 2 24 160 8 8 160 8 20
 2 24 160 8 20 143.976 8 58.998
 2 24 143.976 8 58.998 124.466 8 98.493
 2 24 124.466 8 98.493 100 8 140
 2 24 160 16 -5.5 160 8 8
 2 24 97 16 136 100 8 140
 4 16 160 16 -5.5 160 16 7.047 160 8 20 160 8 8
 3 16 160 16 7.047 156.867 16 15.823 160 8 20
 3 16 156.867 16 15.823 143.976 8 58.998 160 8 20
 3 16 156.867 16 15.823 141.321 16 53.916 143.976 8 58.998
 3 16 141.321 16 53.916 124.466 8 98.493 143.976 8 58.998
 3 16 141.321 16 53.916 122.389 16 92.627 124.466 8 98.493
 3 16 122.389 16 92.627 100 8 140 124.466 8 98.493
 3 16 122.389 16 92.627 98.604 16 133.484 100 8 140
 3 16 98.604 16 133.484 97 16 136 100 8 140
 4 16 84 12 138 84 8 140 100 8 140 98.5 12 138
0
0
0 BFC CERTIFY CW
0
 1 16 -80 116 -100 0 0 20 12 0 0 0 1 0 rect.dat
 1 16 -60 116 -120 0 1 0 12 0 0 0 0 20 rect.dat
 1 16 -100 116 -120 0 -1 0 12 0 0 0 0 20 rect.dat
 1 16 -65 116 -40 0 -1 0 12 0 0 0 0 25 rect.dat
0 BFC INVERTNEXT
 1 16 -10 92 132 0 8 0 8 0 0 0 0 4 box5.dat
0 tail piece
 2 24 -10 128 80 -10 128 140
 2 24 -6 128 128 -6 128 136
 4 16 -10 128 128 -6 128 128 -6 128 136 -10 128 140
 4 16 -10 12 138 -10 72 108 -10 72 140 -10 12 140
 4 16 -10 72 108 -10 128 80 -10 128 128 -10 72 128
 4 16 -10 80 128 -10 84 128 -10 84 136 -10 80 140
 4 16 -10 84 136 -10 100 136 -10 104 140 -10 80 140
 4 16 -10 104 140 -10 100 136 -10 100 128 -10 104 128
 4 16 -10 112 128 -10 128 128 -10 128 140 -10 112 140
 4 16 -10 12 138 -16 12 138 -16 52 118 -10 56 116
 4 16 -10 56 116 -16 52 118 -64 52 118 -64 56 116
 2 24 -16 12 138 -10 12 138
 2 24 -16 12 138 -16 52 118
 2 24 -10 12 138 -10 128 80
 2 24 -100 8 140 -84 8 140
 2 24 -84 8 140 -84 12 138
 2 24 -84 12 138 -64 12 138
 2 24 -64 12 138 -64 52 118
 2 24 -64 52 118 -16 52 118
0 end of tail piece
0
0 bottom surfaces
 4 16 -100 128 -127.231 -116.614 128 -127.231 -120 128 -140 -100 128 -140
 4 16 -100 128 -115.577 -113.269 128 -115.577 -116.614 128 -127.231 -100 128 -127.231
 4 16 -100 128 -104.992 -110.017 128 -104.992 -113.269 128 -115.577 -100 128 -115.577
 4 16 -100 128 -100 -106.893 128 -95.405 -110.017 128 -104.992 -100 128 -104.992
 4 16 -100 128 -86.734 -103.919 128 -86.734 -106.893 128 -95.405 -100 128 -100
 4 16 -65 128 -47.178 -88.5 128 -47.178 -95.975 128 -65.367 -65 128 -65
 4 16 -65 128 -27.744 -79.757 128 -27.744 -88.5 128 -47.178 -65 128 -47.178
 4 16 -65 128 -5.601 -68.8 128 -5.601 -79.757 128 -27.744 -65 128 -27.744
 4 16 -100 128 -100 -65 128 -100 -65 128 -86.734 -100 128 -86.734
 4 16 -103.919 128 -86.734 -65 128 -86.734 -65 128 -78.893 -101.107 128 -78.893
 4 16 -101.107 128 -78.893 -65 128 -78.893 -65 128 -71.798 -98.459 128 -71.798
 4 16 -98.459 128 -71.798 -65 128 -71.798 -65 128 -65 -95.975 128 -65.367
 2 24 -68.8 128 -5.601 -57.932 128 14.411
 2 24 -57.932 128 14.411 -47.193 128 32.628
 2 24 -47.193 128 32.628 -25 128 66.363
 2 24 -25 128 66.363 -14 128 80
0
0 outer "curved" surface
0 first trip around base
 2 24 -100 128 -140 -120 128 -140
 4 16 -100 120 -140 -100 128 -140 -120 128 -140 -130 120 -140
 2 24 -130 120 -140 -120 128 -140
 2 24 -120 128 -140 -116.614 128 -127.231
 2 24 -116.614 128 -127.231 -113.269 128 -115.577
 2 24 -113.269 128 -115.577 -110.017 128 -104.992
 2 24 -110.017 128 -104.992 -106.893 128 -95.405
 2 24 -106.893 128 -95.405 -103.919 128 -86.734
 2 24 -103.919 128 -86.734 -101.107 128 -78.893
 2 24 -101.107 128 -78.893 -98.459 128 -71.798
 2 24 -98.459 128 -71.798 -95.975 128 -65.367
 2 24 -95.975 128 -65.367 -88.5 128 -47.178
 2 24 -88.5 128 -47.178 -79.757 128 -27.744
 2 24 -79.757 128 -27.744 -68.8 128 -5.601
 2 24 -57.932 128 14.411 -50 128 28
 2 24 -24 120 84 -14 128 80
 2 24 -10 128 80 -14 128 80
 3 16 -120 128 -140 -126.247 120 -125.626 -130 120 -140
 3 16 -120 128 -140 -116.614 128 -127.231 -126.247 120 -125.626
 3 16 -116.614 128 -127.231 -122.499 120 -112.501 -126.247 120 -125.626
 3 16 -116.614 128 -127.231 -113.269 128 -115.577 -122.499 120 -112.501
 3 16 -113.269 128 -115.577 -118.826 120 -100.587 -122.499 120 -112.501
 3 16 -113.269 128 -115.577 -110.017 128 -104.992 -118.826 120 -100.587
 3 16 -110.017 128 -104.992 -115.278 120 -89.815 -118.826 120 -100.587
 3 16 -110.017 128 -104.992 -106.893 128 -95.405 -115.278 120 -89.815
 3 16 -106.893 128 -95.405 -111.889 120 -80.093 -115.278 120 -89.815
 3 16 -106.893 128 -95.405 -103.919 128 -86.734 -111.889 120 -80.093
 3 16 -103.919 128 -86.734 -108.677 120 -71.324 -111.889 120 -80.093
 3 16 -103.919 128 -86.734 -101.107 128 -78.893 -108.677 120 -71.324
 3 16 -101.107 128 -78.893 -105.649 120 -63.41 -108.677 120 -71.324
 3 16 -101.107 128 -78.893 -98.459 128 -71.798 -105.649 120 -63.41
 3 16 -98.459 128 -71.798 -102.806 120 -56.258 -105.649 120 -63.41
 3 16 -98.459 128 -71.798 -95.975 128 -65.367 -102.806 120 -56.258
 3 16 -95.975 128 -65.367 -94.26 120 -36.154 -102.806 120 -56.258
 3 16 -95.975 128 -65.367 -88.5 128 -47.178 -94.26 120 -36.154
 3 16 -88.5 128 -47.178 -84.304 120 -14.907 -94.26 120 -36.154
 3 16 -88.5 128 -47.178 -79.757 128 -27.744 -84.304 120 -14.907
 3 16 -79.757 128 -27.744 -71.921 120 8.965 -84.304 120 -14.907
 3 16 -79.757 128 -27.744 -68.8 128 -5.601 -71.921 120 8.965
 3 16 -68.8 128 -5.601 -59.767 120 30.213 -71.921 120 8.965
 3 16 -68.8 128 -5.601 -57.932 128 14.411 -59.767 120 30.213
 3 16 -57.932 128 14.411 -47.887 120 49.282 -59.767 120 30.213
 3 16 -57.932 128 14.411 -47.193 128 32.628 -47.887 120 49.282
 3 16 -47.193 128 32.628 -25 120 82.223 -47.887 120 49.282
 3 16 -47.193 128 32.628 -25 128 66.363 -25 120 82.223
 3 16 -25 128 66.363 -24 120 84 -25 120 82.223
 3 16 -25 128 66.363 -14 128 80 -24 120 84
 4 16 -10 128 80 -10 120 84 -24 120 84 -14 128 80
0
0 2nd trip around base
 4 16 -138 112 -140 -100 112 -140 -100 120 -140 -130 120 -140
 2 24 -130 120 -140 -138 112 -140
 2 24 -34 112 88 -24 120 84
 3 16 -130 120 -140 -134.217 112 -124.297 -138 112 -140
 3 16 -130 120 -140 -126.247 120 -125.626 -134.217 112 -124.297
 3 16 -126.247 120 -125.626 -130.361 112 -109.88 -134.217 112 -124.297
 3 16 -126.247 120 -125.626 -122.499 120 -112.501 -130.361 112 -109.88
 3 16 -122.499 120 -112.501 -126.522 112 -96.739 -130.361 112 -109.88
 3 16 -122.499 120 -112.501 -118.826 120 -100.587 -126.522 112 -96.739
 3 16 -118.826 120 -100.587 -122.768 112 -84.821 -126.522 112 -96.739
 3 16 -118.826 120 -100.587 -115.278 120 -89.815 -122.768 112 -84.821
 3 16 -115.278 120 -89.815 -119.146 112 -74.045 -122.768 112 -84.821
 3 16 -115.278 120 -89.815 -111.889 120 -80.093 -119.146 112 -74.045
 3 16 -111.889 120 -80.093 -115.686 112 -64.314 -119.146 112 -74.045
 3 16 -111.889 120 -80.093 -108.677 120 -71.324 -115.686 112 -64.314
 3 16 -108.677 120 -71.324 -112.405 112 -55.528 -115.686 112 -64.314
 3 16 -108.677 120 -71.324 -105.649 120 -63.41 -112.405 112 -55.528
 3 16 -105.649 120 -63.41 -109.31 112 -47.587 -112.405 112 -55.528
 3 16 -105.649 120 -63.41 -102.806 120 -56.258 -109.31 112 -47.587
 3 16 -102.806 120 -56.258 -99.938 112 -25.287 -109.31 112 -47.587
 3 16 -102.806 120 -56.258 -94.26 120 -36.154 -99.938 112 -25.287
 3 16 -94.26 120 -36.154 -88.943 112 -1.809 -99.938 112 -25.287
 3 16 -94.26 120 -36.154 -84.304 120 -14.907 -88.943 112 -1.809
 3 16 -84.304 120 -14.907 -75.226 112 24.387 -88.943 112 -1.809
 3 16 -84.304 120 -14.907 -71.921 120 8.965 -75.226 112 24.387
 3 16 -71.921 120 8.965 -61.773 112 47.486 -75.226 112 24.387
 3 16 -71.921 120 8.965 -59.767 120 30.213 -61.773 112 47.486
 3 16 -59.767 120 30.213 -48.667 112 68.01 -61.773 112 47.486
 3 16 -59.767 120 30.213 -47.887 120 49.282 -48.667 112 68.01
 3 16 -47.887 120 49.282 -34.386 112 88 -48.667 112 68.01
 3 16 -47.887 120 49.282 -25 120 82.223 -34.386 112 88
 3 16 -25 120 82.223 -24 120 84 -34.386 112 88
 4 16 -10 120 84 -10 112 88 -34 112 88 -24 120 84
0
0 3rd trip around base
 4 16 -138 112 -140 -145 104 -140 -100 104 -140 -100 112 -140
 2 24 -100 104 -140 -126 104 -140
 2 24 -138 112 -140 -145 104 -140
 2 24 -42 104 92 -34 112 88
 3 16 -138 112 -140 -141.122 104 -123.146 -145 104 -140
 3 16 -138 112 -140 -134.217 112 -124.297 -141.122 104 -123.146
 3 16 -134.217 112 -124.297 -137.113 104 -107.629 -141.122 104 -123.146
 3 16 -134.217 112 -124.297 -130.361 112 -109.88 -137.113 104 -107.629
 3 16 -130.361 112 -109.88 -133.078 104 -93.461 -137.113 104 -107.629
 3 16 -130.361 112 -109.88 -126.522 112 -96.739 -133.078 104 -93.461
 3 16 -126.522 112 -96.739 -129.1 104 -80.6 -133.078 104 -93.461
 3 16 -126.522 112 -96.739 -122.768 112 -84.821 -129.1 104 -80.6
 3 16 -122.768 112 -84.821 -125.238 104 -68.969 -129.1 104 -80.6
 3 16 -122.768 112 -84.821 -119.146 112 -74.045 -125.238 104 -68.969
 3 16 -119.146 112 -74.045 -121.532 104 -58.468 -125.238 104 -68.969
 3 16 -119.146 112 -74.045 -115.686 112 -64.314 -121.532 104 -58.468
 3 16 -115.686 112 -64.314 -118.006 104 -48.993 -121.532 104 -58.468
 3 16 -115.686 112 -64.314 -112.405 112 -55.528 -118.006 104 -48.993
 3 16 -112.405 112 -55.528 -114.671 104 -40.439 -118.006 104 -48.993
 3 16 -112.405 112 -55.528 -109.31 112 -47.587 -114.671 104 -40.439
 3 16 -109.31 112 -47.587 -104.543 104 -16.474 -114.671 104 -40.439
 3 16 -109.31 112 -47.587 -99.938 112 -25.287 -104.543 104 -16.474
 3 16 -99.938 112 -25.287 -92.638 104 8.624 -104.543 104 -16.474
 3 16 -99.938 112 -25.287 -88.943 112 -1.809 -92.638 104 8.624
 3 16 -88.943 112 -1.809 -77.803 104 36.414 -92.638 104 8.624
 3 16 -88.943 112 -1.809 -75.226 112 24.387 -77.803 104 36.414
 3 16 -75.226 112 24.387 -63.307 104 60.698 -77.803 104 36.414
 3 16 -75.226 112 24.387 -61.773 112 47.486 -63.307 104 60.698
 3 16 -61.773 112 47.486 -49.254 104 82.089 -63.307 104 60.698
 3 16 -61.773 112 47.486 -48.667 112 68.01 -49.254 104 82.089
 3 16 -48.667 112 68.01 -42 104 92 -49.254 104 82.089
 3 16 -48.667 112 68.01 -34 112 88 -42 104 92
 4 16 -10 112 88 -10 104 92 -42 104 92 -34 112 88
0
0 4th trip around base
 4 16 -145 104 -140 -150 96 -140 -138 72 -140 -126 104 -140
 2 24 -129 96 -140 -138 72 -140
 2 24 -145 104 -140 -150 96 -140
 2 24 -47 96 96 -42 104 92
 3 16 -145 104 -140 -146.085 96 -122.319 -150 96 -140
 3 16 -145 104 -140 -141.122 104 -123.146 -146.085 96 -122.319
 3 16 -141.122 104 -123.146 -141.99 96 -106.004 -146.085 96 -122.319
 3 16 -141.122 104 -123.146 -137.113 104 -107.629 -141.99 96 -106.004
 3 16 -137.113 104 -107.629 -137.832 96 -91.084 -141.99 96 -106.004
 3 16 -137.113 104 -107.629 -133.078 104 -93.461 -137.832 96 -91.084
 3 16 -133.078 104 -93.461 -133.707 96 -77.529 -137.832 96 -91.084
 3 16 -133.078 104 -93.461 -129.1 104 -80.6 -133.707 96 -77.529
 3 16 -129.1 104 -80.6 -129.682 96 -65.265 -133.707 96 -77.529
 3 16 -129.1 104 -80.6 -125.238 104 -68.969 -129.682 96 -65.265
 3 16 -125.238 104 -68.969 -125.805 96 -54.195 -129.682 96 -65.265
 3 16 -125.238 104 -68.969 -121.532 104 -58.468 -125.805 96 -54.195
 3 16 -121.532 104 -58.468 -122.106 96 -44.21 -125.805 96 -54.195
 3 16 -121.532 104 -58.468 -118.006 104 -48.993 -122.106 96 -44.21
 3 16 -118.006 104 -48.993 -118.601 96 -35.199 -122.106 96 -44.21
 3 16 -118.006 104 -48.993 -114.671 104 -40.439 -118.601 96 -35.199
 3 16 -114.671 104 -40.439 -107.927 96 -9.997 -118.601 96 -35.199
 3 16 -114.671 104 -40.439 -104.543 104 -16.474 -107.927 96 -9.997
 3 16 -104.543 104 -16.474 -95.357 96 16.303 -107.927 96 -9.997
 3 16 -104.543 104 -16.474 -92.638 104 8.624 -95.357 96 16.303
 3 16 -92.638 104 8.624 -79.701 96 45.27 -95.357 96 16.303
 3 16 -92.638 104 8.624 -77.803 104 36.414 -79.701 96 45.27
 3 16 -77.803 104 36.414 -64.437 96 70.425 -79.701 96 45.27
 3 16 -77.803 104 36.414 -63.307 104 60.698 -64.437 96 70.425
 3 16 -63.307 104 60.698 -49.685 96 92.45 -64.437 96 70.425
 3 16 -63.307 104 60.698 -49.254 104 82.089 -49.685 96 92.45
 3 16 -49.254 104 82.089 -47 96 96 -49.685 96 92.45
 3 16 -49.254 104 82.089 -42 104 92 -47 96 96
 4 16 -10 104 92 -10 96 96 -47 96 96 -42 104 92
0
0 5th trip around base
 4 16 -150 96 -140 -154 96 -140 -157.1 88 -140 -138 72 -140
 2 24 -154 96 -140 -150 96 -140
 2 24 -150 96 -140 -146.085 96 -122.319
 2 24 -146.085 96 -122.319 -141.99 96 -106.004
 2 24 -141.99 96 -106.004 -137.832 96 -91.084
 2 24 -137.832 96 -91.084 -133.707 96 -77.529
 2 24 -133.707 96 -77.529 -129.682 96 -65.265
 2 24 -129.682 96 -65.265 -125.805 96 -54.195
 2 24 -125.805 96 -54.195 -122.106 96 -44.21
 2 24 -122.106 96 -44.21 -118.601 96 -35.199
 2 24 -118.601 96 -35.199 -107.927 96 -9.997
 2 24 -107.927 96 -9.997 -95.357 96 16.303
 2 24 -95.357 96 16.303 -79.701 96 45.27
 2 24 -79.701 96 45.27 -64.437 96 70.425
 2 24 -64.437 96 70.425 -50 96 92
 2 24 -154 96 -140 -149.982 96 -121.67
 2 24 -149.982 96 -121.67 -145.755 96 -104.748
 2 24 -145.755 96 -104.748 -141.447 96 -89.277
 2 24 -141.447 96 -89.277 -137.16 96 -75.227
 2 24 -137.16 96 -75.227 -132.97 96 -62.525
 2 24 -132.97 96 -62.525 -128.93 96 -51.07
 2 24 -128.93 96 -51.07 -125.073 96 -40.748
 2 24 -125.073 96 -40.748 -121.417 96 -31.444
 2 24 -121.417 96 -31.444 -110.287 96 -5.48
 2 24 -110.287 96 -5.48 -97.199 96 21.504
 2 24 -97.199 96 21.504 -80.945 96 51.075
 2 24 -80.945 96 51.075 -65.156 96 76.62
 2 24 -65.156 96 76.62 -52 96 96
 2 24 -50 96 92 -47 96 96
 2 24 -47 96 96 -52 96 96
 4 16 -150 96 -140 -146.085 96 -122.319 -149.982 96 -121.67 -154 96 -140
 4 16 -146.085 96 -122.319 -141.99 96 -106.004 -145.755 96 -104.748 -149.982 96 -121.67
 4 16 -141.99 96 -106.004 -137.832 96 -91.084 -141.447 96 -89.277 -145.755 96 -104.748
 4 16 -137.832 96 -91.084 -133.707 96 -77.529 -137.16 96 -75.227 -141.447 96 -89.277
 4 16 -133.707 96 -77.529 -129.682 96 -65.265 -132.97 96 -62.525 -137.16 96 -75.227
 4 16 -129.682 96 -65.265 -125.805 96 -54.195 -128.93 96 -51.07 -132.97 96 -62.525
 4 16 -125.805 96 -54.195 -122.106 96 -44.21 -125.073 96 -40.748 -128.93 96 -51.07
 4 16 -122.106 96 -44.21 -118.601 96 -35.199 -121.417 96 -31.444 -125.073 96 -40.748
 4 16 -118.601 96 -35.199 -107.927 96 -9.997 -110.287 96 -5.48 -121.417 96 -31.444
 4 16 -107.927 96 -9.997 -95.357 96 16.303 -97.199 96 21.504 -110.287 96 -5.48
 4 16 -95.357 96 16.303 -79.701 96 45.27 -80.945 96 51.075 -97.199 96 21.504
 4 16 -79.701 96 45.27 -64.437 96 70.425 -65.156 96 76.62 -80.945 96 51.075
 3 16 -64.437 96 70.425 -52 96 96 -65.156 96 76.62
 3 16 -64.437 96 70.425 -49.685 96 92.45 -52 96 96
 3 16 -49.685 96 92.45 -47 96 96 -52 96 96
0
0 6th trip around base
 2 24 -154 96 -140 -157.1 88 -140
 2 24 -52 96 96 -57 88 100
 3 16 -154 96 -140 -154 88 -120.839 -157.1 88 -140
 3 16 -154 96 -140 -149.982 96 -121.67 -154 88 -120.839
 3 16 -149.982 96 -121.67 -150.675 88 -103.109 -154 88 -120.839
 3 16 -149.982 96 -121.67 -145.755 96 -104.748 -150.675 88 -103.109
 3 16 -145.755 96 -104.748 -146.256 88 -86.872 -150.675 88 -103.109
 3 16 -145.755 96 -104.748 -141.447 96 -89.277 -146.256 88 -86.872
 3 16 -141.447 96 -89.277 -141.829 88 -72.114 -146.256 88 -86.872
 3 16 -141.447 96 -89.277 -137.16 96 -75.227 -141.829 88 -72.114
 3 16 -137.16 96 -75.227 -137.479 88 -58.768 -141.829 88 -72.114
 3 16 -137.16 96 -75.227 -132.97 96 -62.525 -137.479 88 -58.768
 3 16 -132.97 96 -62.525 -133.269 88 -46.731 -137.479 88 -58.768
 3 16 -132.97 96 -62.525 -128.93 96 -51.07 -133.269 88 -46.731
 3 16 -128.93 96 -51.07 -129.238 88 -35.889 -133.269 88 -46.731
 3 16 -128.93 96 -51.07 -125.073 96 -40.748 -129.238 88 -35.889
 3 16 -125.073 96 -40.748 -125.41 88 -26.121 -129.238 88 -35.889
 3 16 -125.073 96 -40.748 -121.417 96 -31.444 -125.41 88 -26.121
 3 16 -121.417 96 -31.444 -113.722 88 1.094 -125.41 88 -26.121
 3 16 -121.417 96 -31.444 -110.287 96 -5.48 -113.722 88 1.094
 3 16 -110.287 96 -5.48 -99.952 88 29.277 -113.722 88 1.094
 3 16 -110.287 96 -5.48 -97.199 96 21.504 -99.952 88 29.277
 3 16 -97.199 96 21.504 -82.858 88 60.005 -99.952 88 29.277
 3 16 -97.199 96 21.504 -80.945 96 51.075 -82.858 88 60.005
 3 16 -80.945 96 51.075 -66.29 88 86.387 -82.858 88 60.005
 3 16 -80.945 96 51.075 -65.156 96 76.62 -66.29 88 86.387
 3 16 -65.156 96 76.62 -57 88 100 -66.29 88 86.387
 3 16 -65.156 96 76.62 -52 96 96 -57 88 100
 4 16 -10 96 96 -10 88 100 -57 88 100 -52 96 96
0
0 7th trip around base
 4 16 -160 72 -140 -138 72 -140 -157.1 88 -140 -159 80 -140
 2 24 -157.1 88 -140 -159 80 -140
 2 24 -57 88 100 -60.5 80 104
 3 16 -157.1 88 -140 -158 80 -120.022 -159 80 -140
 3 16 -157.1 88 -140 -154 88 -120.839 -158 80 -120.022
 3 16 -154 88 -120.839 -155.433 80 -101.522 -158 80 -120.022
 3 16 -154 88 -120.839 -150.675 88 -103.109 -155.433 80 -101.522
 3 16 -150.675 88 -103.109 -150.842 80 -84.579 -155.433 80 -101.522
 3 16 -150.675 88 -103.109 -146.256 88 -86.872 -150.842 80 -84.579
 3 16 -146.256 88 -86.872 -146.222 80 -69.185 -150.842 80 -84.579
 3 16 -146.256 88 -86.872 -141.829 88 -72.114 -146.222 80 -69.185
 3 16 -141.829 88 -72.114 -141.672 80 -55.274 -146.222 80 -69.185
 3 16 -141.829 88 -72.114 -137.479 88 -58.768 -141.672 80 -55.274
 3 16 -137.479 88 -58.768 -137.26 80 -42.74 -141.672 80 -55.274
 3 16 -137.479 88 -58.768 -133.269 88 -46.731 -137.26 80 -42.74
 3 16 -133.269 88 -46.731 -133.032 80 -31.463 -137.26 80 -42.74
 3 16 -133.269 88 -46.731 -129.238 88 -35.889 -133.032 80 -31.463
 3 16 -129.238 88 -35.889 -129.013 80 -21.316 -133.032 80 -31.463
 3 16 -129.238 88 -35.889 -125.41 88 -26.121 -129.013 80 -21.316
 3 16 -125.41 88 -26.121 -116.744 80 6.879 -129.013 80 -21.316
 3 16 -125.41 88 -26.121 -113.722 88 1.094 -116.744 80 6.879
 3 16 -113.722 88 1.094 -102.312 80 35.938 -116.744 80 6.879
 3 16 -113.722 88 1.094 -99.952 88 29.277 -102.312 80 35.938
 3 16 -99.952 88 29.277 -84.45 80 67.433 -102.312 80 35.938
 3 16 -99.952 88 29.277 -82.858 88 60.005 -84.45 80 67.433
 3 16 -82.858 88 60.005 -67.21 80 94.305 -84.45 80 67.433
 3 16 -82.858 88 60.005 -66.29 88 86.387 -67.21 80 94.305
 3 16 -66.29 88 86.387 -60.5 80 104 -67.21 80 94.305
 3 16 -66.29 88 86.387 -57 88 100 -60.5 80 104
 4 16 -10 88 100 -10 80 104 -60.5 80 104 -57 88 100
0
0 8th trip around base
 2 24 -159 80 -140 -160 72 -140
 2 24 -60.5 80 104 -64 72 108
 3 16 -159 80 -140 -160 72 -120 -160 72 -140
 3 16 -159 80 -140 -158 80 -120.022 -160 72 -120
 3 16 -158 80 -120.022 -160 72 -100 -160 72 -120
 3 16 -158 80 -120.022 -155.433 80 -101.522 -160 72 -100
 3 16 -155.433 80 -101.522 -155.259 72 -82.37 -160 72 -100
 3 16 -155.433 80 -101.522 -150.842 80 -84.579 -155.259 72 -82.37
 3 16 -150.842 80 -84.579 -150.468 72 -66.355 -155.259 72 -82.37
 3 16 -150.842 80 -84.579 -146.222 80 -69.185 -150.468 72 -66.355
 3 16 -146.222 80 -69.185 -145.735 72 -51.888 -150.468 72 -66.355
 3 16 -146.222 80 -69.185 -141.672 80 -55.274 -145.735 72 -51.888
 3 16 -141.672 80 -55.274 -141.136 72 -38.864 -145.735 72 -51.888
 3 16 -141.672 80 -55.274 -137.26 80 -42.74 -141.136 72 -38.864
 3 16 -137.26 80 -42.74 -136.722 72 -27.158 -141.136 72 -38.864
 3 16 -137.26 80 -42.74 -133.032 80 -31.463 -136.722 72 -27.158
 3 16 -133.032 80 -31.463 -132.524 72 -16.635 -136.722 72 -27.158
 3 16 -133.032 80 -31.463 -129.013 80 -21.316 -132.524 72 -16.635
 3 16 -129.013 80 -21.316 -119.701 72 12.537 -132.524 72 -16.635
 3 16 -129.013 80 -21.316 -116.744 80 6.879 -119.701 72 12.537
 3 16 -116.744 80 6.879 -104.627 72 42.475 -119.701 72 12.537
 3 16 -116.744 80 6.879 -102.312 80 35.938 -104.627 72 42.475
 3 16 -102.312 80 35.938 -86.017 72 74.746 -104.627 72 42.475
 3 16 -102.312 80 35.938 -84.45 80 67.433 -86.017 72 74.746
 3 16 -84.45 80 67.433 -68.117 72 102.122 -86.017 72 74.746
 3 16 -84.45 80 67.433 -67.21 80 94.305 -68.117 72 102.122
 3 16 -67.21 80 94.305 -64 72 108 -68.117 72 102.122
 3 16 -67.21 80 94.305 -60.5 80 104 -64 72 108
 4 16 -10 80 104 -10 72 108 -64 72 108 -60.5 80 104
0
0 9th trip around base
 2 24 -160 72 -140 -160 72 -100
 2 24 -138 72 -140 -160 72 -140
 2 24 -138 72 -140 -126 104 -140
 2 24 -160 72 -100 -155.259 72 -82.37
 2 24 -155.259 72 -82.37 -150.468 72 -66.355
 2 24 -150.468 72 -66.355 -145.735 72 -51.888
 2 24 -145.735 72 -51.888 -141.136 72 -38.864
 2 24 -141.136 72 -38.864 -136.722 72 -27.158
 2 24 -136.722 72 -27.158 -132.524 72 -16.635
 2 24 -132.524 72 -16.635 -119.701 72 12.537
 2 24 -119.701 72 12.537 -104.627 72 42.475
 2 24 -104.627 72 42.475 -86.017 72 74.746
 2 24 -86.017 72 74.746 -68.117 72 102.122
 2 24 -68.117 72 102.122 -64 72 108
 2 24 -160 72 -88.573 -158.001 72 -80.999
 2 24 -158.001 72 -80.999 -153.156 72 -64.563
 2 24 -153.156 72 -64.563 -148.35 72 -49.709
 2 24 -148.35 72 -49.709 -143.667 72 -36.333
 2 24 -143.667 72 -36.333 -139.164 72 -24.308
 2 24 -139.164 72 -24.308 -134.874 72 -13.501
 2 24 -134.874 72 -13.501 -121.74 72 16.441
 2 24 -121.74 72 16.441 -106.271 72 47.119
 2 24 -106.271 72 47.119 -87.165 72 80.105
 2 24 -87.165 72 80.105 -68.8 72 108
 2 24 -160 72 -100 -160 72 -88.573
 2 24 -64 72 108 -68.8 72 108
 4 16 -160 72 -100 -155.259 72 -82.37 -158.001 72 -80.999 -160 72 -88.573
 4 16 -155.259 72 -82.37 -150.468 72 -66.355 -153.156 72 -64.563 -158.001 72 -80.999
 4 16 -150.468 72 -66.355 -145.735 72 -51.888 -148.35 72 -49.709 -153.156 72 -64.563
 4 16 -145.735 72 -51.888 -141.136 72 -38.864 -143.667 72 -36.333 -148.35 72 -49.709
 4 16 -141.136 72 -38.864 -136.722 72 -27.158 -139.164 72 -24.308 -143.667 72 -36.333
 4 16 -136.722 72 -27.158 -132.524 72 -16.635 -134.874 72 -13.501 -139.164 72 -24.308
 4 16 -132.524 72 -16.635 -119.701 72 12.537 -121.74 72 16.441 -134.874 72 -13.501
 4 16 -119.701 72 12.537 -104.627 72 42.475 -106.271 72 47.119 -121.74 72 16.441
 4 16 -104.627 72 42.475 -86.017 72 74.746 -87.165 72 80.105 -106.271 72 47.119
 4 16 -86.017 72 74.746 -68.117 72 102.122 -68.8 72 108 -87.165 72 80.105
 3 16 -68.117 72 102.122 -64 72 108 -68.8 72 108
0
0 10th trip around base
 4 16 -10 72 108 -10 64 112 -73 64 112 -68.8 72 108
 2 24 -160 72 -100 -160 64 -86.5
 2 24 -68.8 72 108 -73 64 112
 3 16 -160 72 -100 -160.094 64 -79.953 -160 64 -86.5
 3 16 -160 72 -100 -160 72 -88.573 -160.094 64 -79.953
 3 16 -160 72 -88.573 -158.001 72 -80.999 -160.094 64 -79.953
 3 16 -158.001 72 -80.999 -155.409 64 -63.061 -160.094 64 -79.953
 3 16 -158.001 72 -80.999 -153.156 72 -64.563 -155.409 64 -63.061
 3 16 -153.156 72 -64.563 -150.714 64 -47.739 -155.409 64 -63.061
 3 16 -153.156 72 -64.563 -148.35 72 -49.709 -150.714 64 -47.739
 3 16 -148.35 72 -49.709 -146.099 64 -33.901 -150.714 64 -47.739
 3 16 -148.35 72 -49.709 -143.667 72 -36.333 -146.099 64 -33.901
 3 16 -143.667 72 -36.333 -141.63 64 -21.432 -146.099 64 -33.901
 3 16 -143.667 72 -36.333 -139.164 72 -24.308 -141.63 64 -21.432
 3 16 -139.164 72 -24.308 -137.348 64 -10.203 -141.63 64 -21.432
 3 16 -139.164 72 -24.308 -134.874 72 -13.501 -137.348 64 -10.203
 3 16 -134.874 72 -13.501 -124.119 64 20.993 -137.348 64 -10.203
 3 16 -134.874 72 -13.501 -121.74 72 16.441 -124.119 64 20.993
 3 16 -121.74 72 16.441 -108.369 64 53.043 -124.119 64 20.993
 3 16 -121.74 72 16.441 -106.271 72 47.119 -108.369 64 53.043
 3 16 -106.271 72 47.119 -88.757 64 87.531 -108.369 64 53.043
 3 16 -106.271 72 47.119 -87.165 72 80.105 -88.757 64 87.531
 3 16 -87.165 72 80.105 -73 64 112 -88.757 64 87.531
 3 16 -87.165 72 80.105 -68.8 72 108 -73 64 112
0
0 11th trip around base
 4 16 -10 64 112 -10 56 116 -76 56 116 -73 64 112
 2 24 -160 64 -86.5 -160 56 -73
 2 24 -73 64 112 -76 56 116
 3 16 -160 64 -86.5 -160.094 64 -79.953 -160 56 -73
 3 16 -160.094 64 -79.953 -157.542 56 -61.639 -160 56 -73
 3 16 -160.094 64 -79.953 -155.409 64 -63.061 -157.542 56 -61.639
 3 16 -155.409 64 -63.061 -152.909 56 -45.909 -157.542 56 -61.639
 3 16 -155.409 64 -63.061 -150.714 64 -47.739 -152.909 56 -45.909
 3 16 -150.714 64 -47.739 -148.325 56 -31.675 -152.909 56 -45.909
 3 16 -150.714 64 -47.739 -146.099 64 -33.901 -148.325 56 -31.675
 3 16 -146.099 64 -33.901 -143.862 56 -18.828 -148.325 56 -31.675
 3 16 -146.099 64 -33.901 -141.63 64 -21.432 -143.862 56 -18.828
 3 16 -141.63 64 -21.432 -139.566 56 -7.245 -143.862 56 -18.828
 3 16 -141.63 64 -21.432 -137.348 64 -10.203 -139.566 56 -7.245
 3 16 -137.348 64 -10.203 -126.206 56 24.988 -139.566 56 -7.245
 3 16 -137.348 64 -10.203 -124.119 64 20.993 -126.206 56 24.988
 3 16 -124.119 64 20.993 -110.176 56 58.145 -126.206 56 24.988
 3 16 -124.119 64 20.993 -108.369 64 53.043 -110.176 56 58.145
 3 16 -108.369 64 53.043 -90.104 56 93.817 -110.176 56 58.145
 3 16 -108.369 64 53.043 -88.757 64 87.531 -90.104 56 93.817
 3 16 -88.757 64 87.531 -76 56 116 -90.104 56 93.817
 3 16 -88.757 64 87.531 -73 64 112 -76 56 116
0
0 12th trip around base
 4 16 -64 56 116 -64 48 120 -78.5 48 120 -76 56 116
 2 24 -160 56 -73 -160 48 -60
 2 24 -76 56 116 -78.5 48 120
 3 16 -160 56 -73 -157.542 56 -61.639 -160 48 -60
 3 16 -157.542 56 -61.639 -155.04 48 -44.134 -160 48 -60
 3 16 -157.542 56 -61.639 -152.909 56 -45.909 -155.04 48 -44.134
 3 16 -152.909 56 -45.909 -150.471 48 -29.529 -155.04 48 -44.134
 3 16 -152.909 56 -45.909 -148.325 56 -31.675 -150.471 48 -29.529
 3 16 -148.325 56 -31.675 -146.001 48 -16.332 -150.471 48 -29.529
 3 16 -148.325 56 -31.675 -143.862 56 -18.828 -146.001 48 -16.332
 3 16 -143.862 56 -18.828 -141.683 48 -4.423 -146.001 48 -16.332
 3 16 -143.862 56 -18.828 -139.566 56 -7.245 -141.683 48 -4.423
 3 16 -139.566 56 -7.245 -128.174 48 28.754 -141.683 48 -4.423
 3 16 -139.566 56 -7.245 -126.206 56 24.988 -128.174 48 28.754
 3 16 -126.206 56 24.988 -111.862 48 62.905 -128.174 48 28.754
 3 16 -126.206 56 24.988 -110.176 56 58.145 -111.862 48 62.905
 3 16 -110.176 56 58.145 -91.347 48 99.62 -111.862 48 62.905
 3 16 -110.176 56 58.145 -90.104 56 93.817 -91.347 48 99.62
 3 16 -90.104 56 93.817 -78.5 48 120 -91.347 48 99.62
 3 16 -90.104 56 93.817 -76 56 116 -78.5 48 120
0
0 13th trip around base
 2 24 -160 48 -60 -155.04 48 -44.134
 2 24 -155.04 48 -44.134 -150.471 48 -29.529
 2 24 -150.471 48 -29.529 -146.001 48 -16.332
 2 24 -146.001 48 -16.332 -141.683 48 -4.423
 2 24 -141.683 48 -4.423 -128.174 48 28.754
 2 24 -128.174 48 28.754 -111.862 48 62.905
 2 24 -111.862 48 62.905 -91.347 48 99.62
 2 24 -91.347 48 99.62 -78.5 48 120
 2 24 -160 48 -51.798 -157.306 48 -42.245
 2 24 -157.306 48 -42.245 -152.673 48 -27.327
 2 24 -152.673 48 -27.327 -148.131 48 -13.847
 2 24 -148.131 48 -13.847 -143.737 48 -1.684
 2 24 -143.737 48 -1.684 -129.964 48 32.179
 2 24 -129.964 48 32.179 -113.306 48 66.982
 2 24 -113.306 48 66.982 -92.352 48 104.308
 2 24 -92.352 48 104.308 -82.5 48 120
 2 24 -160 48 -60 -160 48 -51.798
 2 24 -78.5 48 120 -82.5 48 120
 4 16 -160 48 -60 -155.04 48 -44.134 -157.306 48 -42.245 -160 48 -51.798
 4 16 -155.04 48 -44.134 -150.471 48 -29.529 -152.673 48 -27.327 -157.306 48 -42.245
 4 16 -150.471 48 -29.529 -146.001 48 -16.332 -148.131 48 -13.847 -152.673 48 -27.327
 4 16 -146.001 48 -16.332 -141.683 48 -4.423 -143.737 48 -1.684 -148.131 48 -13.847
 4 16 -141.683 48 -4.423 -128.174 48 28.754 -129.964 48 32.179 -143.737 48 -1.684
 4 16 -128.174 48 28.754 -111.862 48 62.905 -113.306 48 66.982 -129.964 48 32.179
 4 16 -111.862 48 62.905 -91.347 48 99.62 -92.352 48 104.308 -113.306 48 66.982
 4 16 -91.347 48 99.62 -78.5 48 120 -82.5 48 120 -92.352 48 104.308
0
0 14th trip around base
 4 16 -64 48 120 -64 40 124 -84.8 40 124 -82.5 48 120
 2 24 -160 48 -59.5 -160 40 -46
 2 24 -82.5 48 120 -84.8 40 124
 3 16 -160 48 -59.5 -159.745 40 -40.213 -160 40 -46
 3 16 -160 48 -59.5 -160 48 -51.798 -159.745 40 -40.213
 3 16 -160 48 -51.798 -157.306 48 -42.245 -159.745 40 -40.213
 3 16 -157.306 48 -42.245 -155.081 40 -24.919 -159.745 40 -40.213
 3 16 -157.306 48 -42.245 -152.673 48 -27.327 -155.081 40 -24.919
 3 16 -152.673 48 -27.327 -150.491 40 -11.093 -155.081 40 -24.919
 3 16 -152.673 48 -27.327 -148.131 48 -13.847 -150.491 40 -11.093
 3 16 -148.131 48 -13.847 -146.039 40 1.385 -150.491 40 -11.093
 3 16 -148.131 48 -13.847 -143.737 48 -1.684 -146.039 40 1.385
 3 16 -143.737 48 -1.684 -132.028 40 36.13 -146.039 40 1.385
 3 16 -143.737 48 -1.684 -129.964 48 32.179 -132.028 40 36.13
 3 16 -129.964 48 32.179 -115.016 40 71.81 -132.028 40 36.13
 3 16 -129.964 48 32.179 -113.306 48 66.982 -115.016 40 71.81
 3 16 -113.306 48 66.982 -93.572 40 110.003 -115.016 40 71.81
 3 16 -113.306 48 66.982 -92.352 48 104.308 -93.572 40 110.003
 3 16 -92.352 48 104.308 -84.8 40 124 -93.572 40 110.003
 3 16 -92.352 48 104.308 -82.5 48 120 -84.8 40 124
0
0 15th trip around base
 4 16 -64 40 124 -64 32 128 -86.4 32 128 -84.8 40 124
 2 24 -160 40 -46 -160 32 -32.5
 2 24 -84.8 40 124 -86.4 32 128
 3 16 -160 40 -46 -159.745 40 -40.213 -160 32 -32.5
 3 16 -159.745 40 -40.213 -157.617 32 -22.383 -160 32 -32.5
 3 16 -159.745 40 -40.213 -155.081 40 -24.919 -157.617 32 -22.383
 3 16 -155.081 40 -24.919 -152.924 32 -8.255 -157.617 32 -22.383
 3 16 -155.081 40 -24.919 -150.491 40 -11.093 -152.924 32 -8.255
 3 16 -150.491 40 -11.093 -148.367 32 4.489 -152.924 32 -8.255
 3 16 -150.491 40 -11.093 -146.039 40 1.385 -148.367 32 4.489
 3 16 -146.039 40 1.385 -134.013 32 39.929 -148.367 32 4.489
 3 16 -146.039 40 1.385 -132.028 40 36.13 -134.013 32 39.929
 3 16 -132.028 40 36.13 -116.582 32 76.231 -134.013 32 39.929
 3 16 -132.028 40 36.13 -115.016 40 71.81 -116.582 32 76.231
 3 16 -115.016 40 71.81 -94.635 32 114.965 -116.582 32 76.231
 3 16 -115.016 40 71.81 -93.572 40 110.003 -94.635 32 114.965
 3 16 -93.572 40 110.003 -86.4 32 128 -94.635 32 114.965
 3 16 -93.572 40 110.003 -84.8 40 124 -86.4 32 128
0
0 16th trip around base
 4 16 -64 32 128 -64 24 132 -88 24 132 -86.4 32 128
 2 24 -160 32 -32.5 -160 24 -18.829
 2 24 -86.4 32 128 -88 24 132
 3 16 -160 32 -32.5 -157.617 32 -22.383 -160 24 -18.829
 3 16 -157.617 32 -22.383 -155.478 24 -5.275 -160 24 -18.829
 3 16 -157.617 32 -22.383 -152.924 32 -8.255 -155.478 24 -5.275
 3 16 -152.924 32 -8.255 -150.8 24 7.733 -155.478 24 -5.275
 3 16 -152.924 32 -8.255 -148.367 32 4.489 -150.8 24 7.733
 3 16 -148.367 32 4.489 -136.06 24 43.846 -150.8 24 7.733
 3 16 -148.367 32 4.489 -134.013 32 39.929 -136.06 24 43.846
 3 16 -134.013 32 39.929 -118.174 24 80.728 -136.06 24 43.846
 3 16 -134.013 32 39.929 -116.582 32 76.231 -118.174 24 80.728
 3 16 -116.582 32 76.231 -95.7 24 119.935 -118.174 24 80.728
 3 16 -116.582 32 76.231 -94.635 32 114.965 -95.7 24 119.935
 3 16 -94.635 32 114.965 -88 24 132 -95.7 24 119.935
 3 16 -94.635 32 114.965 -86.4 32 128 -88 24 132
0
0 17th trip around base (horizontal plane)
 4 16 -64 24 132 -64 16 136 -97 16 136 -93 24 132
 2 24 -160 24 -18.829 -160 24 -6.37
 2 24 -160 24 -18.829 -155.478 24 -5.275
 2 24 -155.478 24 -5.275 -150.8 24 7.733
 2 24 -150.8 24 7.733 -136.06 24 43.846
 2 24 -136.06 24 43.846 -118.174 24 80.728
 2 24 -118.174 24 80.728 -95.7 24 119.935
 2 24 -95.7 24 119.935 -88 24 132
 2 24 -160 24 -6.37 -158.466 24 -1.79
 2 24 -158.466 24 -1.79 -153.649 24 11.532
 2 24 -153.649 24 11.532 -138.465 24 48.449
 2 24 -138.465 24 48.449 -120.05 24 86.025
 2 24 -120.05 24 86.025 -96.958 24 125.806
 2 24 -96.958 24 125.806 -93 24 132
 2 24 -88 24 132 -93 24 132
 4 16 -160 24 -18.829 -155.478 24 -5.275 -158.466 24 -1.79 -160 24 -6.37
 4 16 -155.478 24 -5.275 -150.8 24 7.733 -153.649 24 11.532 -158.466 24 -1.79
 4 16 -150.8 24 7.733 -136.06 24 43.846 -138.465 24 48.449 -153.649 24 11.532
 4 16 -136.06 24 43.846 -118.174 24 80.728 -120.05 24 86.025 -138.465 24 48.449
 4 16 -118.174 24 80.728 -95.7 24 119.935 -96.958 24 125.806 -120.05 24 86.025
 4 16 -95.7 24 119.935 -88 24 132 -93 24 132 -96.958 24 125.806
0
0 18th trip around base
 4 16 -64 16 136 -64 12 138 -98.5 12 138 -97 16 136
 2 24 -160 24 -18.829 -160 16 -5.5
 2 24 -93 24 132 -97 16 136
 4 16 -160 24 -18.829 -160 24 -6.37 -160 16 7.047 -160 16 -5.5
 3 16 -160 24 -6.37 -158.466 24 -1.79 -160 16 7.047
 3 16 -158.466 24 -1.79 -156.867 16 15.823 -160 16 7.047
 3 16 -158.466 24 -1.79 -153.649 24 11.532 -156.867 16 15.823
 3 16 -153.649 24 11.532 -141.321 16 53.916 -156.867 16 15.823
 3 16 -153.649 24 11.532 -138.465 24 48.449 -141.321 16 53.916
 3 16 -138.465 24 48.449 -122.389 16 92.627 -141.321 16 53.916
 3 16 -138.465 24 48.449 -120.05 24 86.025 -122.389 16 92.627
 3 16 -120.05 24 86.025 -98.604 16 133.484 -122.389 16 92.627
 3 16 -120.05 24 86.025 -96.958 24 125.806 -98.604 16 133.484
 3 16 -96.958 24 125.806 -97 16 136 -98.604 16 133.484
 3 16 -96.958 24 125.806 -93 24 132 -97 16 136
0
0 19th trip around base
 2 24 -160 8 8 -160 8 20
 2 24 -160 8 20 -143.976 8 58.998
 2 24 -143.976 8 58.998 -124.466 8 98.493
 2 24 -124.466 8 98.493 -100 8 140
 2 24 -160 16 -5.5 -160 8 8
 2 24 -97 16 136 -100 8 140
 4 16 -160 16 -5.5 -160 16 7.047 -160 8 20 -160 8 8
 3 16 -160 16 7.047 -156.867 16 15.823 -160 8 20
 3 16 -156.867 16 15.823 -143.976 8 58.998 -160 8 20
 3 16 -156.867 16 15.823 -141.321 16 53.916 -143.976 8 58.998
 3 16 -141.321 16 53.916 -124.466 8 98.493 -143.976 8 58.998
 3 16 -141.321 16 53.916 -122.389 16 92.627 -124.466 8 98.493
 3 16 -122.389 16 92.627 -100 8 140 -124.466 8 98.493
 3 16 -122.389 16 92.627 -98.604 16 133.484 -100 8 140
 3 16 -98.604 16 133.484 -97 16 136 -100 8 140
 4 16 -84 12 138 -84 8 140 -100 8 140 -98.5 12 138
0
0 end of file
0
