0 Panel  6 x  6 x  9 with Curved Top
0 Name: 2572.dat
0 Author: James Jessiman
0 !LDRAW_ORG Part ORIGINAL
0 !LICENSE Redistributable under CCAL version 2.0 : see CAreadme.txt

0 !HISTORY 2007-05-17 [PTadmin] Header formatted for Contributor Agreement
0 !HISTORY 2008-07-01 [PTadmin] Official Update 2008-01

 1 16 40 212 -90 1 0 0 0 -1 0 0 0 1 stud3.dat
 1 16 20 212 -90 1 0 0 0 -1 0 0 0 1 stud3.dat
 1 16 0 212 -90 1 0 0 0 -1 0 0 0 1 stud3.dat
 1 16 -20 212 -90 1 0 0 0 -1 0 0 0 1 stud3.dat
 1 16 -40 212 -90 1 0 0 0 -1 0 0 0 1 stud3.dat

 1 16 0 216 -90 56 0 0 0 -4 0 0 0 6 box5.dat

 4 16 60 216 -80 56 216 -84 -56 216 -84 -60 216 -80
 4 16 -60 216 -80 -56 216 -84 -56 216 -96 -60 216 -100
 4 16 -60 216 -100 -56 216 -96 56 216 -96 60 216 -100
 4 16 60 216 -100 56 216 -96 56 216 -84 60 216 -80

 1 16 40 4 0 1 0 0 0 -1 0 0 0 1 stud4.dat
 1 16 20 4 0 1 0 0 0 -1 0 0 0 1 stud4.dat
 1 16 0 4 0 1 0 0 0 -1 0 0 0 1 stud4.dat
 1 16 -20 4 0 1 0 0 0 -1 0 0 0 1 stud4.dat
 1 16 -40 4 0 1 0 0 0 -1 0 0 0 1 stud4.dat
 1 16 0 8 0 56 0 0 0 -4 0 0 0 16 box5.dat
 4 16 60 8 20 56 8 16 -56 8 16 -60 8 20
 4 16 60 8 -20 56 8 -16 -56 8 -16 -60 8 -20
 4 16 60 8 20 56 8 16 56 8 -16 60 8 -20
 4 16 -60 8 20 -56 8 16 -56 8 -16 -60 8 -20

 2 24 60 216 -80 -60 216 -80
 2 24 -60 216 -80 -60 216 -100
 2 24 -60 216 -100 60 216 -100
 2 24 60 216 -100 60 216 -80

 2 24 60 208 -92 56 208 -92
 2 24 56 208 -92 56 208 -96
 2 24 56 208 -96 -56 208 -96
 2 24 -56 208 -96 -56 208 -92
 2 24 -56 208 -92 -60 208 -92
 2 24 -60 208 -92 -60 208 -80
 2 24 -60 208 -80 60 208 -80
 2 24 60 208 -80 60 208 -92

 2 24 60 8 -20 60 8 20
 2 24 60 8 20 -60 8 20
 2 24 -60 8 20 -60 8 -20
 2 24 56 8 -20 -56 8 -20

 2 24 56 4 -20 -56 4 -20

 2 24 60 0 -20 60 0 20
 2 24 60 0 20 -60 0 20
 2 24 -60 0 20 -60 0 -20

 2 24 60 216 -80 60 208 -80
 2 24 -60 216 -80 -60 208 -80
 2 24 60 216 -100 60 80 -100
 2 24 -60 216 -100 -60 80 -100
 2 24 60 208 -92 60 80 -92
 2 24 -60 208 -92 -60 80 -92
 2 24 56 208 -96 56 80 -96
 2 24 -56 208 -96 -56 80 -96
 2 24 56 208 -92 56 80 -92
 2 24 -56 208 -92 -56 80 -92

 2 24 60 8 20 60 0 20
 2 24 -60 8 20 -60 0 20
 2 24 56 8 -20 56 4 -20
 2 24 -56 8 -20 -56 4 -20

 4 16 60 208 -80 60 208 -92 -60 208 -92 -60 208 -80
 4 16 56 208 -92 56 208 -96 -56 208 -96 -56 208 -92
 4 16 60 0 20 60 0 -20 -60 0 -20 -60 0 20

 4 16 60 0 20 60 8 20 -60 8 20 -60 0 20
 4 16 56 4 -20 56 8 -20 -56 8 -20 -56 4 -20
 4 16 60 216 -80 60 208 -80 -60 208 -80 -60 216 -80
 4 16 60 208 -92 60 80 -92 56 80 -92 56 208 -92
 4 16 -60 208 -92 -60 80 -92 -56 80 -92 -56 208 -92
 4 16 56 208 -96 56 80 -96 -56 80 -96 -56 208 -96
 4 16 60 216 -100 60 80 -100 -60 80 -100 -60 216 -100

 4 16 60 216 -80 60 208 -80 60 208 -92 60 216 -100
 4 16 60 216 -100 60 208 -92 60 80 -92 60 80 -100
 4 16 60 8 20 60 0 20 60 0 -20 60 8 -20
 4 16 56 208 -92 56 80 -92 56 80 -96 56 208 -96
 4 16 -56 208 -92 -56 80 -92 -56 80 -96 -56 208 -96
 4 16 -60 216 -80 -60 208 -80 -60 208 -92 -60 216 -100
 4 16 -60 216 -100 -60 208 -92 -60 80 -92 -60 80 -100
 4 16 -60 8 20 -60 0 20 -60 0 -20 -60 8 -20

 2 24 60 8 -20 60 9.38 -34.05
 2 24 -60 8 -20 -60 9.38 -34.05
 2 24 56 8 -20 56 9.38 -34.05
 2 24 -56 8 -20 -56 9.38 -34.05
 2 24 56 4 -20 56 5.46 -34.83
 2 24 -56 4 -20 -56 5.46 -34.83
 2 24 60 0 -20 60 1.54 -35.61
 2 24 -60 0 -20 -60 1.54 -35.61
 4 16 60 8 -20 60 9.38 -34.05 60 1.54 -35.61 60 0 -20
 4 16 56 8 -20 56 9.38 -34.05 56 5.46 -34.83 56 4 -20
 4 16 -56 8 -20 -56 9.38 -34.05 -56 5.46 -34.83 -56 4 -20
 4 16 -60 8 -20 -60 9.38 -34.05 -60 1.54 -35.61 -60 0 -20
 4 16 60 8 -20 60 9.38 -34.05 56 9.38 -34.05 56 8 -20
 5 24 60 8 -20 56 8 -20 60 9.38 -34.05 60 9.38 -5.95
 4 16 -60 8 -20 -60 9.38 -34.05 -56 9.38 -34.05 -56 8 -20
 5 24 -60 8 -20 -56 8 -20 -60 9.38 -34.05 -60 9.38 -5.95
 4 16 56 4 -20 56 5.46 -34.83 -56 5.46 -34.83 -56 4 -20
 5 24 56 4 -20 -56 4 -20 56 5.46 -34.83 56 5.46 -5.17
 4 16 60 0 -20 60 1.54 -35.61 -60 1.54 -35.61 -60 0 -20
 5 24 60 0 -20 -60 0 -20 60 1.54 -35.61 60 1.54 -4.39
 2 24 60 9.38 -34.05 60 13.48 -47.55
 2 24 -60 9.38 -34.05 -60 13.48 -47.55
 2 24 56 9.38 -34.05 56 13.48 -47.55
 2 24 -56 9.38 -34.05 -56 13.48 -47.55
 2 24 56 5.46 -34.83 56 9.79 -49.08
 2 24 -56 5.46 -34.83 -56 9.79 -49.08
 2 24 60 1.54 -35.61 60 6.09 -50.61
 2 24 -60 1.54 -35.61 -60 6.09 -50.61
 4 16 60 9.38 -34.05 60 13.48 -47.55 60 6.09 -50.61 60 1.54 -35.61
 4 16 56 9.38 -34.05 56 13.48 -47.55 56 9.79 -49.08 56 5.46 -34.83
 4 16 -56 9.38 -34.05 -56 13.48 -47.55 -56 9.79 -49.08 -56 5.46 -34.83
 4 16 -60 9.38 -34.05 -60 13.48 -47.55 -60 6.09 -50.61 -60 1.54 -35.61
 4 16 60 9.38 -34.05 60 13.48 -47.55 56 13.48 -47.55 56 9.38 -34.05
 5 24 60 9.38 -34.05 56 9.38 -34.05 60 13.48 -47.55 60 8 -20
 4 16 -60 9.38 -34.05 -60 13.48 -47.55 -56 13.48 -47.55 -56 9.38 -34.05
 5 24 -60 9.38 -34.05 -56 9.38 -34.05 -60 13.48 -47.55 -60 8 -20
 4 16 56 5.46 -34.83 56 9.79 -49.08 -56 9.79 -49.08 -56 5.46 -34.83
 5 24 56 5.46 -34.83 -56 5.46 -34.83 56 9.79 -49.08 56 4 -20
 4 16 60 1.54 -35.61 60 6.09 -50.61 -60 6.09 -50.61 -60 1.54 -35.61
 5 24 60 1.54 -35.61 -60 1.54 -35.61 60 6.09 -50.61 60 0 -20
 2 24 60 13.48 -47.55 60 20.13 -60
 2 24 -60 13.48 -47.55 -60 20.13 -60
 2 24 56 13.48 -47.55 56 20.13 -60
 2 24 -56 13.48 -47.55 -56 20.13 -60
 2 24 56 9.79 -49.08 56 16.81 -62.22
 2 24 -56 9.79 -49.08 -56 16.81 -62.22
 2 24 60 6.09 -50.61 60 13.48 -64.45
 2 24 -60 6.09 -50.61 -60 13.48 -64.45
 4 16 60 13.48 -47.55 60 20.13 -60 60 13.48 -64.45 60 6.09 -50.61
 4 16 56 13.48 -47.55 56 20.13 -60 56 16.81 -62.22 56 9.79 -49.08
 4 16 -56 13.48 -47.55 -56 20.13 -60 -56 16.81 -62.22 -56 9.79 -49.08
 4 16 -60 13.48 -47.55 -60 20.13 -60 -60 13.48 -64.45 -60 6.09 -50.61
 4 16 60 13.48 -47.55 60 20.13 -60 56 20.13 -60 56 13.48 -47.55
 5 24 60 13.48 -47.55 56 13.48 -47.55 60 20.13 -60 60 9.38 -34.05
 4 16 -60 13.48 -47.55 -60 20.13 -60 -56 20.13 -60 -56 13.48 -47.55
 5 24 -60 13.48 -47.55 -56 13.48 -47.55 -60 20.13 -60 -60 9.38 -34.05
 4 16 56 9.79 -49.08 56 16.81 -62.22 -56 16.81 -62.22 -56 9.79 -49.08
 5 24 56 9.79 -49.08 -56 9.79 -49.08 56 16.81 -62.22 56 5.46 -34.83
 4 16 60 6.09 -50.61 60 13.48 -64.45 -60 13.48 -64.45 -60 6.09 -50.61
 5 24 60 6.09 -50.61 -60 6.09 -50.61 60 13.48 -64.45 60 1.54 -35.61
 2 24 60 20.13 -60 60 29.09 -70.91
 2 24 -60 20.13 -60 -60 29.09 -70.91
 2 24 56 20.13 -60 56 29.09 -70.91
 2 24 -56 20.13 -60 -56 29.09 -70.91
 2 24 56 16.81 -62.22 56 26.26 -73.74
 2 24 -56 16.81 -62.22 -56 26.26 -73.74
 2 24 60 13.48 -64.45 60 23.43 -76.57
 2 24 -60 13.48 -64.45 -60 23.43 -76.57
 4 16 60 20.13 -60 60 29.09 -70.91 60 23.43 -76.57 60 13.48 -64.45
 4 16 56 20.13 -60 56 29.09 -70.91 56 26.26 -73.74 56 16.81 -62.22
 4 16 -56 20.13 -60 -56 29.09 -70.91 -56 26.26 -73.74 -56 16.81 -62.22
 4 16 -60 20.13 -60 -60 29.09 -70.91 -60 23.43 -76.57 -60 13.48 -64.45
 4 16 60 20.13 -60 60 29.09 -70.91 56 29.09 -70.91 56 20.13 -60
 5 24 60 20.13 -60 56 20.13 -60 60 29.09 -70.91 60 13.48 -47.55
 4 16 -60 20.13 -60 -60 29.09 -70.91 -56 29.09 -70.91 -56 20.13 -60
 5 24 -60 20.13 -60 -56 20.13 -60 -60 29.09 -70.91 -60 13.48 -47.55
 4 16 56 16.81 -62.22 56 26.26 -73.74 -56 26.26 -73.74 -56 16.81 -62.22
 5 24 56 16.81 -62.22 -56 16.81 -62.22 56 26.26 -73.74 56 9.79 -49.08
 4 16 60 13.48 -64.45 60 23.43 -76.57 -60 23.43 -76.57 -60 13.48 -64.45
 5 24 60 13.48 -64.45 -60 13.48 -64.45 60 23.43 -76.57 60 6.09 -50.61
 2 24 60 29.09 -70.91 60 40 -79.87
 2 24 -60 29.09 -70.91 -60 40 -79.87
 2 24 56 29.09 -70.91 56 40 -79.87
 2 24 -56 29.09 -70.91 -56 40 -79.87
 2 24 56 26.26 -73.74 56 37.78 -83.19
 2 24 -56 26.26 -73.74 -56 37.78 -83.19
 2 24 60 23.43 -76.57 60 35.55 -86.52
 2 24 -60 23.43 -76.57 -60 35.55 -86.52
 4 16 60 29.09 -70.91 60 40 -79.87 60 35.55 -86.52 60 23.43 -76.57
 4 16 56 29.09 -70.91 56 40 -79.87 56 37.78 -83.19 56 26.26 -73.74
 4 16 -56 29.09 -70.91 -56 40 -79.87 -56 37.78 -83.19 -56 26.26 -73.74
 4 16 -60 29.09 -70.91 -60 40 -79.87 -60 35.55 -86.52 -60 23.43 -76.57
 4 16 60 29.09 -70.91 60 40 -79.87 56 40 -79.87 56 29.09 -70.91
 5 24 60 29.09 -70.91 56 29.09 -70.91 60 40 -79.87 60 20.13 -60
 4 16 -60 29.09 -70.91 -60 40 -79.87 -56 40 -79.87 -56 29.09 -70.91
 5 24 -60 29.09 -70.91 -56 29.09 -70.91 -60 40 -79.87 -60 20.13 -60
 4 16 56 26.26 -73.74 56 37.78 -83.19 -56 37.78 -83.19 -56 26.26 -73.74
 5 24 56 26.26 -73.74 -56 26.26 -73.74 56 37.78 -83.19 56 16.81 -62.22
 4 16 60 23.43 -76.57 60 35.55 -86.52 -60 35.55 -86.52 -60 23.43 -76.57
 5 24 60 23.43 -76.57 -60 23.43 -76.57 60 35.55 -86.52 60 13.48 -64.45
 2 24 60 40 -79.87 60 52.45 -86.52
 2 24 -60 40 -79.87 -60 52.45 -86.52
 2 24 56 40 -79.87 56 52.45 -86.52
 2 24 -56 40 -79.87 -56 52.45 -86.52
 2 24 56 37.78 -83.19 56 50.92 -90.21
 2 24 -56 37.78 -83.19 -56 50.92 -90.21
 2 24 60 35.55 -86.52 60 49.39 -93.91
 2 24 -60 35.55 -86.52 -60 49.39 -93.91
 4 16 60 40 -79.87 60 52.45 -86.52 60 49.39 -93.91 60 35.55 -86.52
 4 16 56 40 -79.87 56 52.45 -86.52 56 50.92 -90.21 56 37.78 -83.19
 4 16 -56 40 -79.87 -56 52.45 -86.52 -56 50.92 -90.21 -56 37.78 -83.19
 4 16 -60 40 -79.87 -60 52.45 -86.52 -60 49.39 -93.91 -60 35.55 -86.52
 4 16 60 40 -79.87 60 52.45 -86.52 56 52.45 -86.52 56 40 -79.87
 5 24 60 40 -79.87 56 40 -79.87 60 52.45 -86.52 60 29.09 -70.91
 4 16 -60 40 -79.87 -60 52.45 -86.52 -56 52.45 -86.52 -56 40 -79.87
 5 24 -60 40 -79.87 -56 40 -79.87 -60 52.45 -86.52 -60 29.09 -70.91
 4 16 56 37.78 -83.19 56 50.92 -90.21 -56 50.92 -90.21 -56 37.78 -83.19
 5 24 56 37.78 -83.19 -56 37.78 -83.19 56 50.92 -90.21 56 26.26 -73.74
 4 16 60 35.55 -86.52 60 49.39 -93.91 -60 49.39 -93.91 -60 35.55 -86.52
 5 24 60 35.55 -86.52 -60 35.55 -86.52 60 49.39 -93.91 60 23.43 -76.57
 2 24 60 52.45 -86.52 60 65.95 -90.62
 2 24 -60 52.45 -86.52 -60 65.95 -90.62
 2 24 56 52.45 -86.52 56 65.95 -90.62
 2 24 -56 52.45 -86.52 -56 65.95 -90.62
 2 24 56 50.92 -90.21 56 65.17 -94.54
 2 24 -56 50.92 -90.21 -56 65.17 -94.54
 2 24 60 49.39 -93.91 60 64.39 -98.46
 2 24 -60 49.39 -93.91 -60 64.39 -98.46
 4 16 60 52.45 -86.52 60 65.95 -90.62 60 64.39 -98.46 60 49.39 -93.91
 4 16 56 52.45 -86.52 56 65.95 -90.62 56 65.17 -94.54 56 50.92 -90.21
 4 16 -56 52.45 -86.52 -56 65.95 -90.62 -56 65.17 -94.54 -56 50.92 -90.21
 4 16 -60 52.45 -86.52 -60 65.95 -90.62 -60 64.39 -98.46 -60 49.39 -93.91
 4 16 60 52.45 -86.52 60 65.95 -90.62 56 65.95 -90.62 56 52.45 -86.52
 5 24 60 52.45 -86.52 56 52.45 -86.52 60 65.95 -90.62 60 40 -79.87
 4 16 -60 52.45 -86.52 -60 65.95 -90.62 -56 65.95 -90.62 -56 52.45 -86.52
 5 24 -60 52.45 -86.52 -56 52.45 -86.52 -60 65.95 -90.62 -60 40 -79.87
 4 16 56 50.92 -90.21 56 65.17 -94.54 -56 65.17 -94.54 -56 50.92 -90.21
 5 24 56 50.92 -90.21 -56 50.92 -90.21 56 65.17 -94.54 56 37.78 -83.19
 4 16 60 49.39 -93.91 60 64.39 -98.46 -60 64.39 -98.46 -60 49.39 -93.91
 5 24 60 49.39 -93.91 -60 49.39 -93.91 60 64.39 -98.46 60 35.55 -86.52
 2 24 60 65.95 -90.62 60 80 -92
 2 24 -60 65.95 -90.62 -60 80 -92
 2 24 56 65.95 -90.62 56 80 -92
 2 24 -56 65.95 -90.62 -56 80 -92
 2 24 56 65.17 -94.54 56 80 -96
 2 24 -56 65.17 -94.54 -56 80 -96
 2 24 60 64.39 -98.46 60 80 -100
 2 24 -60 64.39 -98.46 -60 80 -100
 4 16 60 65.95 -90.62 60 80 -92 60 80 -100 60 64.39 -98.46
 4 16 56 65.95 -90.62 56 80 -92 56 80 -96 56 65.17 -94.54
 4 16 -56 65.95 -90.62 -56 80 -92 -56 80 -96 -56 65.17 -94.54
 4 16 -60 65.95 -90.62 -60 80 -92 -60 80 -100 -60 64.39 -98.46
 4 16 60 65.95 -90.62 60 80 -92 56 80 -92 56 65.95 -90.62
 5 24 60 65.95 -90.62 56 65.95 -90.62 60 80 -92 60 52.45 -86.52
 4 16 -60 65.95 -90.62 -60 80 -92 -56 80 -92 -56 65.95 -90.62
 5 24 -60 65.95 -90.62 -56 65.95 -90.62 -60 80 -92 -60 52.45 -86.52
 4 16 56 65.17 -94.54 56 80 -96 -56 80 -96 -56 65.17 -94.54
 5 24 56 65.17 -94.54 -56 65.17 -94.54 56 80 -96 56 50.92 -90.21
 4 16 60 64.39 -98.46 60 80 -100 -60 80 -100 -60 64.39 -98.46
 5 24 60 64.39 -98.46 -60 64.39 -98.46 60 80 -100 60 49.39 -93.91

 1 16 50 0 10 1 0 0 0 1 0 0 0 1 stud.dat
 1 16 30 0 10 1 0 0 0 1 0 0 0 1 stud.dat
 1 16 10 0 10 1 0 0 0 1 0 0 0 1 stud.dat
 1 16 -10 0 10 1 0 0 0 1 0 0 0 1 stud.dat
 1 16 -30 0 10 1 0 0 0 1 0 0 0 1 stud.dat
 1 16 -50 0 10 1 0 0 0 1 0 0 0 1 stud.dat
 1 16 50 0 -10 1 0 0 0 1 0 0 0 1 stud.dat
 1 16 30 0 -10 1 0 0 0 1 0 0 0 1 stud.dat
 1 16 10 0 -10 1 0 0 0 1 0 0 0 1 stud.dat
 1 16 -10 0 -10 1 0 0 0 1 0 0 0 1 stud.dat
 1 16 -30 0 -10 1 0 0 0 1 0 0 0 1 stud.dat
 1 16 -50 0 -10 1 0 0 0 1 0 0 0 1 stud.dat

