0 Wheel Hard-Plastic Giant
0 Name: 2573.dat
0 Author: John Van Zwieten [jvan]
0 !LDRAW_ORG Part UPDATE 1999-03
0 !LICENSE Redistributable under CCAL version 2.0 : see CAreadme.txt

0 !HISTORY 1998-10-15 [PTadmin] Official Update 1998-09
0 !HISTORY 1999-05-17 [PTadmin] Official Update 1999-03
0 !HISTORY 2007-05-17 [PTadmin] Header formatted for Contributor Agreement
0 !HISTORY 2008-07-01 [PTadmin] Official Update 2008-01

0 // Based on Steve Bliss' Space Wheel Medium
0 // Hub
 1 16 60.078 0 0 0 1 0 0 0 -20 20 0 0 4-4edge.DAT
 1 16 46.078 0 0 0 1 0 0 0 -20 20 0 0 4-4edge.DAT
 1 16 46.078 0 0 0 1 0 0 0 -7.5 7.5 0 0 4-4edge.DAT
 1 16 21.078 0 0 0 1 0 0 0 -7.5 7.5 0 0 4-4edge.DAT
 1 16 21.078 0 0 0 1 0 0 0 -6 6 0 0 4-4edge.DAT
 1 16 1.078 0 0 0 1 0 0 0 -6 6 0 0 4-4edge.DAT
 1 16 1.078 0 0 0 1 0 0 0 -10 10 0 0 4-4edge.DAT
 1 16 42.078 0 0 0 1 0 0 0 -10 10 0 0 4-4edge.DAT
 1 16 42.078 0 0 0 1 0 0 0 -18.75 18.75 0 0 4-4edge.DAT
 1 16 1.078 0 0 0 1 0 0 0 -18.75 18.75 0 0 4-4edge.DAT
 1 16 1.078 0 0 0 1 0 0 0 -22.75 22.75 0 0 4-4edge.DAT
 1 16 42.578 0 0 0 1 0 0 0 -22.75 22.75 0 0 4-4edge.DAT
 1 16 42.578 0 0 0 1 0 0 0 -23.75 23.75 0 0 4-4edge.DAT
 1 16 60.078 0 0 0 -14 0 0 0 -20 20 0 0 4-4cyli.DAT
 1 16 46.078 -8 10 0 -1 0 1 0 0 0 0 1 stud.DAT
 1 16 46.078 8 10 0 -1 0 1 0 0 0 0 1 stud.DAT
 1 16 46.078 8 -10 0 -1 0 1 0 0 0 0 1 stud.DAT
 1 16 46.078 -8 -10 0 -1 0 1 0 0 0 0 1 stud.DAT
 1 16 46.078 0 0 0 -1 0 2.5 0 0 0 0 2.5 ring3.DAT
 1 16 46.078 0 0 0 -1 0 10 0 0 0 0 10 ring1.DAT
 1 16 21.078 0 0 0 25 0 -7.5 0 0 0 0 7.5 4-4cyli.DAT
 1 16 21.078 0 0 0 -0.55 0 1.5 0 0 0 0 1.5 ring4.DAT
 1 16 21.078 0 0 0 -20 0 6 0 0 0 0 6 4-4cyli.DAT
 1 16 1.078 0 0 0 -1 0 2 0 0 0 0 2 ring3.DAT
 1 16 1.078 0 0 0 -1 0 2 0 0 0 0 2 ring4.DAT
 1 16 1.078 0 0 0 41 0 -10 0 0 0 0 10 4-4cyli.DAT
 1 16 42.078 0 0 0 -1 0 5 0 0 0 0 5 ring2.DAT
 1 16 42.078 0 0 0 -1 0 3.75 0 0 0 0 3.75 ring4.DAT
 1 16 1.078 0 0 0 41 0 -18.75 0 0 0 0 18.75 4-4cyli.DAT
 4 16 1.078 0 18.75 1.078 -7.125 17.25 1.078 -8.645 20.93 1.078 0 22.75
 4 16 1.078 -7.125 17.25 1.078 -13.125 13.125 1.078 -15.925 15.925 1.078 -8.645 20.93
 4 16 1.078 -13.125 13.125 1.078 -17.25 7.125 1.078 -20.93 8.645 1.078 -15.925 15.925
 4 16 1.078 -17.25 7.125 1.078 -18.75 0 1.078 -22.75 0 1.078 -20.93 8.645
 4 16 1.078 -18.75 0 1.078 -17.25 -7.125 1.078 -20.93 -8.645 1.078 -22.75 0
 4 16 1.078 -17.25 -7.125 1.078 -13.125 -13.125 1.078 -15.925 -15.925 1.078 -20.93 -8.645
 4 16 1.078 -13.125 -13.125 1.078 -7.125 -17.25 1.078 -8.645 -20.93 1.078 -15.925 -15.925
 4 16 1.078 -7.125 -17.25 1.078 0 -18.75 1.078 0 -22.75 1.078 -8.645 -20.93
 4 16 1.078 0 -18.75 1.078 7.125 -17.25 1.078 0 -22.75 1.078 8.645 -20.93
 4 16 1.078 7.125 -17.25 1.078 13.125 -13.125 1.078 15.925 -15.925 1.078 8.645 -20.93
 4 16 1.078 13.125 -13.125 1.078 17.25 -7.125 1.078 20.93 -8.645 1.078 15.925 -15.925
 4 16 1.078 17.25 -7.125 1.078 18.75 0 1.078 22.75 0 1.078 20.93 -8.645
 4 16 1.078 18.75 0 1.078 17.25 7.125 1.078 20.93 8.645 1.078 22.75 0
 4 16 1.078 17.25 7.125 1.078 13.125 13.125 1.078 15.925 15.925 1.078 20.93 8.645
 4 16 1.078 13.125 13.125 1.078 7.125 17.25 1.078 15.925 15.925 1.078 8.645 20.93
 4 16 1.078 7.125 17.25 1.078 0 18.75 1.078 8.645 20.93 1.078 0 22.75
 1 16 1.078 0 0 0 41.5 0 -22.75 0 0 0 0 22.75 4-4cyli.DAT
 4 16 42.578 0 22.75 42.578 -8.645 20.93 42.578 -9.025 21.85 42.578 0 23.75
 4 16 42.578 -8.645 20.93 42.578 -15.925 15.925 42.578 -16.625 16.625 42.578 -9.025 21.85
 4 16 42.578 -15.925 15.925 42.578 -20.93 8.645 42.578 -21.85 9.025 42.578 -16.625 16.625
 4 16 42.578 -20.93 8.645 42.578 -22.75 0 42.578 -23.75 0 42.578 -21.85 9.025
 4 16 42.578 -22.75 0 42.578 -20.93 -8.645 42.578 -21.85 -9.025 42.578 -23.75 0
 4 16 42.578 -20.93 -8.645 42.578 -15.925 -15.925 42.578 -16.625 -16.625 42.578 -21.85 -9.025
 4 16 42.578 -15.925 -15.925 42.578 -8.645 -20.93 42.578 -9.025 -21.85 42.578 -16.625 -16.625
 4 16 42.578 -8.645 -20.93 42.578 0 -22.75 42.578 0 -23.75 42.578 -9.025 -21.85
 4 16 42.578 0 -22.75 42.578 8.645 -20.93 42.578 9.025 -21.85 42.578 0 -23.75
 4 16 42.578 8.645 -20.93 42.578 15.925 -15.925 42.578 16.625 -16.625 42.578 9.025 -21.85
 4 16 42.578 15.925 -15.925 42.578 20.93 -8.645 42.578 21.85 -9.025 42.578 16.625 -16.625
 4 16 42.578 20.93 -8.645 42.578 22.75 0 42.578 23.75 0 42.578 21.85 -9.025
 4 16 42.578 22.75 0 42.578 20.93 8.645 42.578 21.85 9.025 42.578 23.75 0
 4 16 42.578 20.93 8.645 42.578 15.925 15.925 42.578 16.625 16.625 42.578 21.85 9.025
 4 16 42.578 15.925 15.925 42.578 8.645 20.93 42.578 9.025 21.85 42.578 16.625 16.625
 4 16 42.578 8.645 20.93 42.578 0 22.75 42.578 0 23.75 42.578 9.025 21.85
 1 16 42.578 0 0 0 7.587 0 -23.75 0 0 0 0 23.75 4-4cyli.DAT
0 Tread
  1 16 0 0 0 1 0 0 0 1 0 0 0 1 s\2573-12.DAT
  1 16 0 0 0 1 0 0 0 0.87 -0.50 0 0.50 0.87 s\2573-12.DAT
  1 16 0 0 0 1 0 0 0 0.50 -0.87 0 0.87 0.50 s\2573-12.DAT
  1 16 0 0 0 1 0 0 0 0.00 -1 0 1 0.00 s\2573-12.DAT
  1 16 0 0 0 1 0 0 0 -0.50 -0.87 0 0.87 -0.50 s\2573-12.DAT
  1 16 0 0 0 1 0 0 0 -0.87 -0.50 0 0.50 -0.87 s\2573-12.DAT
  1 16 0 0 0 1 0 0 0 -1 -0.00 0 0.00 -1 s\2573-12.DAT
  1 16 0 0 0 1 0 0 0 -0.87 0.50 0 -0.50 -0.87 s\2573-12.DAT
  1 16 0 0 0 1 0 0 0 -0.50 0.87 0 -0.87 -0.50 s\2573-12.DAT
  1 16 0 0 0 1 0 0 0 -0.00 1 0 -1 -0.00 s\2573-12.DAT
  1 16 0 0 0 1 0 0 0 0.50 0.87 0 -0.87 0.50 s\2573-12.DAT
  1 16 0 0 0 1 0 0 0 0.87 0.50 0 -0.50 0.87 s\2573-12.DAT
0