0 Minifig Flippers on Sprue
0 Name: 2599c01.dat
0 Author: Steve Bliss [sbliss]
0 !LDRAW_ORG Shortcut UPDATE 2012-03
0 !LICENSE Redistributable under CCAL version 2.0 : see CAreadme.txt

0 BFC CERTIFY CW
0 !CATEGORY Minifig Footwear
0 !KEYWORDS Divers, Aquazone, composite, runner, pair, scuba

0 !HISTORY 2001-10-26 [PTadmin] Official Update 2001-01
0 !HISTORY 2007-10-12 [PTadmin] Header formatted for Contributor Agreement
0 !HISTORY 2008-07-01 [PTadmin] Official Update 2008-01
0 !HISTORY 2012-12-24 [cwdee] Update category
0 !HISTORY 2012-12-28 [PTadmin] Official Update 2012-03

1 16 0 0 -20 1 0 0 0 1 0 0 0 1 2599.DAT
1 16 0 0 20 -1 0 0 0 1 0 0 0 -1 2599.DAT
1 16 0 0 0 5.5 0 0 0 1 0 0 0 5.5 4-4edge.dat
1 14 0 10 0 5.5 0 0 0 1 0 0 0 5.5 4-4edge.dat

1 16 0 0 0 5.5 0 0 0 1 0 0 0 5.5 4-4disc.dat
1 16 0 10 0 -5.5 0 0 0 -1 0 0 0 5.5 4-4disc.dat
1 16 0 0 0 5.5 0 0 0 10 0 0 0 5.5 4-4cyli.dat

1 16 0 -8 0 4.5 0 0 0 1 0 0 0 4.5 4-4edge.dat
1 16 0 -8 0 4.5 0 0 0 1 0 0 0 4.5 4-4disc.dat
1 16 0 -8 0 4.5 0 0 0 8 0 0 0 4.5 4-4cyli.dat

2 24 -4 0 -12 4 0 -12
2 24 4 0 -12 2 -4 -11
2 24 2 -4 -11 -2 -4 -11
2 24 -2 -4 -11 -4 0 -12

2 24 4 0 12 -4 0 12
2 24 -4 0 12 -2 -4 11
2 24 -2 -4 11 2 -4 11
2 24 2 -4 11 4 0 12

2 24 -4 0 -12 -4 0 12
2 24 4 0 -12 4 0 12
2 24 2 -4 -11 2 -4 11
2 24 -2 -4 -11 -2 -4 11

4 16 4 0 -12 -4 0 12 -4 0 -12 4 0 12
4 16 2 -4 -11 4 0 12 4 0 -12 2 -4 11
4 16 -2 -4 -11 2 -4 11 2 -4 -11 -2 -4 11
4 16 -4 0 -12 -2 -4 11 -2 -4 -11 -4 0 12

4 16 2 -4 -11 4 0 -12 -4 0 -12 -2 -4 -11
4 16 -2 -4 11 -4 0 12 4 0 12 2 -4 11

2 24 -1 0 -12 -1 .75 -12
2 24 1 0 -12 1 .75 -12
2 24 -1 .75 -12 1 .75 -12
2 24 1 .75 -12 3 4 -6.5
2 24 -1 .75 -12 -3 4 -6.5
2 24 3 4 -6.5 -3 4 -6.5
2 24 1 0 -12 3.25 0 -6.5
2 24 -1 0 -12 -3.25 0 -6.5
2 24 3.25 0 -6.5 3 4 -6.5
2 24 -3.25 0 -6.5 -3 4 -6.5

3 16 1 0 -12 3.25 0 -6.5 3 4 -6.5
3 16 3 4 -6.5 1 .75 -12 1 0 -12
4 16 1 .75 -12 -3 4 -6.5 -1 .75 -12 3 4 -6.5
3 16 -1 0 -12 -1 .75 -12 -3 4 -6.5
3 16 -3 4 -6.5 -3.25 0 -6.5 -1 0 -12

2 24 1 0 12 1 .75 12
2 24 -1 0 12 -1 .75 12
2 24 1 .75 12 -1 .75 12
2 24 -1 .75 12 -3 4 6.5
2 24 1 .75 12 3 4 6.5
2 24 -3 4 6.5 3 4 6.5
2 24 -1 0 12 -3.25 0 6.5
2 24 1 0 12 3.25 0 6.5
2 24 -3.25 0 6.5 -3 4 6.5
2 24 3.25 0 6.5 3 4 6.5

3 16 -1 0 12 -3.25 0 6.5 -3 4 6.5
3 16 -3 4 6.5 -1 .75 12 -1 0 12
4 16 -1 .75 12 3 4 6.5 1 .75 12 -3 4 6.5
3 16 1 0 12 1 .75 12 3 4 6.5
3 16 3 4 6.5 3.25 0 6.5 1 0 12

4 16 -3 4 6.5 -3.25 0 6.5 -3.25 0 -6.5 -3 4 -6.5
4 16 3 4 -6.5 3 4 6.5 -3 4 6.5 -3 4 -6.5
4 16 3.25 0 -6.5 3.25 0 6.5 3 4 6.5 3 4 -6.5

0
