0 Crane Harbour Derrick 16
0 Name: 2636.dat
0 Author: Luis E. Fernandez [lfernand]
0 !LDRAW_ORG Part UPDATE 1998-02
0 !LICENSE Redistributable under CCAL version 2.0 : see CAreadme.txt

0 !HISTORY 1998-02-12 [PTadmin] Official Update 1998-02
0 !HISTORY 2007-05-17 [PTadmin] Header formatted for Contributor Agreement
0 !HISTORY 2008-07-01 [PTadmin] Official Update 2008-01

 1 16 0 -10 -150 0 0 0 -10 0 0 0 0 -10 2-4EDGE.DAT
 1 16 -10 -10 -150 0 0 0 -10 0 0 0 0 -10 2-4EDGE.DAT
 1 16 0 -10 -150 0 0 0 7.07 0 -7.07 7.07 0 7.07 1-4EDGE.DAT
 1 16 -6 -10 -150 0 0 0 7.07 0 -7.07 7.07 0 7.07 1-4EDGE.DAT
 1 16 -10 -10 -150 0 10 0 -10 0 0 0 0 -10 4-4CYLI.DAT
 1 16 -10 -10 -150 0 1 0 -1 0 0 0 0 1 peghole.dat
 1 16 0 -10 -150 0 -1 0 -1 0 0 0 0 1 peghole.dat
 1 16 -8 -10 -150 0 6 0 -6 0 0 0 0 6 4-4cyli.dat
 1 16 -10 -10 -150 0 0 0 -2 0 0 0 0 2 RING4.DAT
 1 16 0 -10 -150 0 0 0 -2 0 0 0 0 2 RING4.DAT
 1 16 -10 -10 -150 0 0 0 10 0 0 0 0 10 2-4NDIS.DAT
 1 16 -6 -10 -150 0 0 0 10 0 0 0 0 10 2-4NDIS.DAT
 2 24 -10 -20 -150 -10 -20 -120 
 2 24 -10 0 -150 -10 0 -120 
 2 24 0 -20 -150 0 -20 -120 
 2 24 0 0 -150 0 0 -120 
 2 24 0 -16 -142.25 0 -16 -120 
 2 24 0 -4 -142.25 0 -4 -120 
 2 24 -6 -16 -142.25 -6 -16 -120 
 2 24 -6 -4 -142.25 -6 -4 -120 
 2 24 0 -4 -142.25 -6 -4 -142.25 
 2 24 0 -16 -142.25 -6 -16 -142.25 
 4 16 0 -20 -140 0 -16 -140 0 -16 -120 0 -20 -120 
 4 16 0 0 -140 0 -4 -140 0 -4 -120 0 0 -120 
 3 16 0 0 -149.50 0 0 -140 0 -2 -140 
 3 16 0 -3 -143 0 -0.50 -146.50 0 -2 -140 
 4 16 0 -2 -140 0 -4 -140 0 -4 -142.50 0 -3 -143 
 3 16 0 -20 -149.50 0 -20 -140 0 -18 -140 
 3 16 0 -17 -143 0 -19.50 -146.50 0 -18 -140 
 4 16 0 -18 -140 0 -16 -140 0 -16 -142.50 0 -17 -143 
 4 16 0 -16 -142.50 -6 -16 -142.50 -6 -16 -120 0 -16 -120 
 4 16 0 -4 -142.50 -6 -4 -142.50 -6 -4 -120 0 -4 -120 
 4 16 -6 -16 -140 -6 -4 -140 -6 -4 -120 -6 -16 -120 
 4 16 -10 -20 -150 -10 -20 -120 0 -20 -120 0 -20 -150 
 4 16 -10 0 -150 -10 0 -120 0 0 -120 0 0 -150 
 4 16 -10 -20 -140 -10 -20 -120 -10 0 -120 -10 0 -140 
 1 16 -20 -10 150 0 0 0 10 0 0 0 0 10 2-4EDGE.DAT
 1 16 -30 -10 150 0 0 0 10 0 0 0 0 10 2-4EDGE.DAT
 1 16 -20 -10 150 0 0 0 -7.07 0 7.07 -7.07 0 -7.07 1-4EDGE.DAT
 1 16 -26 -10 150 0 0 0 -7.07 0 7.07 -7.07 0 -7.07 1-4EDGE.DAT
 1 16 -30 -10 150 0 10 0 10 0 0 0 0 10 4-4CYLI.DAT
 1 16 -30 -10 150 0 1 0 1 0 0 0 0 -1 peghole.dat
 1 16 -20 -10 150 0 -1 0 1 0 0 0 0 -1 peghole.dat
 1 16 -28 -10 150 0 6 0 6 0 0 0 0 -6 4-4cyli.dat
 1 16 -30 -10 150 0 0 0 2 0 0 0 0 -2 RING4.DAT
 1 16 -20 -10 150 0 0 0 2 0 0 0 0 -2 RING4.DAT
 1 16 -30 -10 150 0 0 0 -10 0 0 0 0 -10 2-4NDIS.DAT
 1 16 -26 -10 150 0 0 0 -10 0 0 0 0 -10 2-4NDIS.DAT
 2 24 -30 0 150 -30 0 120 
 2 24 -30 -20 150 -30 -20 120 
 2 24 -20 0 150 -20 0 120 
 2 24 -20 -20 150 -20 -20 120 
 2 24 -20 -4 142.25 -20 -4 120 
 2 24 -20 -16 142.25 -20 -16 120 
 2 24 -26 -4 142.25 -26 -4 120 
 2 24 -26 -16 142.25 -26 -16 120 
 2 24 -20 -16 142.25 -26 -16 142.25 
 2 24 -20 -4 142.25 -26 -4 142.25 
 4 16 -20 0 140 -20 -4 140 -20 -4 120 -20 0 120 
 4 16 -20 -20 140 -20 -16 140 -20 -16 120 -20 -20 120 
 3 16 -20 -20 149.50 -20 -20 140 -20 -18 140 
 3 16 -20 -17 143 -20 -19.50 146.50 -20 -18 140 
 4 16 -20 -18 140 -20 -16 140 -20 -16 142.50 -20 -17 143 
 3 16 -20 0 149.50 -20 0 140 -20 -2 140 
 3 16 -20 -3 143 -20 -0.50 146.50 -20 -2 140 
 4 16 -20 -2 140 -20 -4 140 -20 -4 142.50 -20 -3 143 
 4 16 -20 -4 142.50 -26 -4 142.50 -26 -4 120 -20 -4 120 
 4 16 -20 -16 142.50 -26 -16 142.50 -26 -16 120 -20 -16 120 
 4 16 -26 -4 140 -26 -16 140 -26 -16 120 -26 -4 120 
 4 16 -30 0 150 -30 0 120 -20 0 120 -20 0 150 
 4 16 -30 -20 150 -30 -20 120 -20 -20 120 -20 -20 150 
 4 16 -30 0 140 -30 0 120 -30 -20 120 -30 -20 140 
 2 24 -26 -16 120 -26 -4 120 
 2 24 -30 0 120 -30 0 100 
 2 24 -26 -4 100 -26 -16 100 
 2 24 -30 -20 100 -30 -20 120 
 2 24 0 -20 120 0 0 120 
 2 24 0 0 120 0 0 100 
 2 24 0 0 100 0 -20 100 
 2 24 0 -20 100 0 -20 120 
 2 24 0 -20 120 -20 -20 120 
 2 24 0 0 120 -20 0 120 
 2 24 0 -20 100 -20 -20 100 
 2 24 0 0 100 -20 0 100 
 4 16 -30 -20 120 0 -20 120 0 0 120 -30 0 120 
 4 16 -30 0 120 0 0 120 0 0 100 -30 0 100 
 4 16 -30 0 100 0 0 100 0 -20 100 -30 -20 100 
 4 16 -30 -20 100 0 -20 100 0 -20 120 -30 -20 120 
 1 16 -30 -10 110 0 0 0 -8 0 0 0 0 -8 4-4EDGE.DAT
 1 16 0 -10 110 0 0 0 -8 0 0 0 0 -8 4-4EDGE.DAT
 1 16 -30 -10 110 0 9 0 -8 0 0 0 0 -8 4-4CYLI.DAT
 1 16 -21 -10 110 0 1 0 -1 0 0 0 0 1 peghole.dat
 1 16 -19 -10 110 0 18 0 -6 0 0 0 0 6 4-4cyli.dat
 1 16 0 -10 110 0 -1 0 -1 0 0 0 0 1 peghole.dat
 1 16 -30 -10 110 0 0 0 10 0 0 0 0 10 4-4NDIS.DAT
 1 16 0 -10 110 0 0 0 10 0 0 0 0 10 4-4NDIS.DAT
 1 16 -30 -10 110 0 0 0 -2 0 0 0 0 2 RING4.DAT
 1 16 0 -10 110 0 0 0 -2 0 0 0 0 2 RING4.DAT
 2 24 -30 -20 100 -10 -20 -120 
 2 24 -30 0 100 -10 0 -120 
 2 24 -20 -20 100 -11 -20 0 
 2 24 -9 -20 -20 0 -20 -120 
 2 24 -20 0 100 -11 0 0 
 2 24 -9 0 -20 0 0 -120 
 2 24 -9 -16 -20 0 -16 -120 
 2 24 -20 -16 100 -11 -16 0 
 2 24 -9 -4 -20 0 -4 -120 
 2 24 -20 -4 100 -11 -4 0 
 2 24 -15 -16 -20 -6 -16 -120 
 2 24 -26 -16 100 -17 -16 0 
 2 24 -15 -4 -20 -6 -4 -120 
 2 24 -26 -4 100 -17 -4 0 
 2 24 -9 -16 -20 -15 -16 -20 
 2 24 -9 -4 -20 -15 -4 -20 
 2 24 -11 -16 0 -17 -16 0 
 2 24 -11 -4 0 -17 -4 0 
 2 24 0 -16 -120 -6 -16 -120 
 2 24 0 -4 -120 -6 -4 -120 
 2 24 0 -4 -124 -6 -4 -124 
 2 24 0 -16 -124 -6 -16 -124 
 2 24 -6 -16 -124 -6 -4 -124 
 2 24 -6 -16 -120 -6 -4 -120 
 2 24 0 -16 -124 0 -4 -124 
 2 24 0 -16 -120 0 -4 -120 
 4 16 0 -16 -120 0 -4 -120 -6 -4 -120 -6 -16 -120 
 4 16 0 -16 -124 0 -4 -124 -6 -4 -124 -6 -16 -124 
 4 16 0 -4 -120 0 -4 -124 0 -16 -124 0 -16 -120 
 2 24 0 -12 -140 -6 -12 -140 
 2 24 0 -8 -140 -6 -8 -140 
 2 24 0 -12 -136 -6 -12 -136 
 2 24 0 -8 -136 -6 -8 -136 
 2 24 0 -12 -140 0 -8 -140 
 2 24 0 -12 -136 0 -8 -136 
 2 24 -6 -12 -140 -6 -8 -140 
 2 24 -6 -12 -136 -6 -8 -136 
 2 24 0 -12 -140 0 -12 -136 
 2 24 0 -8 -140 0 -8 -136 
 2 24 -6 -12 -140 -6 -12 -136 
 2 24 -6 -8 -140 -6 -8 -136 
 4 16 0 -12 -140 0 -8 -140 0 -8 -136 0 -12 -136 
 4 16 0 -12 -136 0 -8 -136 -6 -8 -136 -6 -12 -136 
 4 16 -6 -12 -140 0 -12 -140 0 -12 -136 -6 -12 -136 
 4 16 -6 -8 -140 0 -8 -140 0 -8 -136 -6 -8 -136 
 2 24 -20 -16 100 -26 -16 100 
 2 24 -20 -4 100 -26 -4 100 
 2 24 -20 -16 120 -26 -16 120 
 2 24 -20 -4 120 -26 -4 120 
 2 24 -9 -16 -20 -15 -16 -20 
 2 24 -9 -16 -20 -15 -16 -20 
 2 24 -9 -16 -20 -15 -16 -20 
 2 24 -9 -16 -20 -15 -16 -20 
 2 24 -9 -16 -20 -15 -16 -20 
 2 24 -20 -16 100 -20 -20 100 
 2 24 -20 0 100 -20 -4 100 
 2 24 -11 -16 0 -11 -20 0 
 2 24 -11 0 0 -11 -4 0 
 2 24 -9 -16 -20 -9 -20 -20 
 2 24 -9 0 -20 -9 -4 -20 
 2 24 -20 -16 120 -20 -20 120 
 2 24 -20 0 120 -20 -4 120 
 2 24 -20 -16 100 -20 -20 100 
 4 16 -9 -16 -20 -15 -16 -20 -6 -16 -120 0 -16 -120 
 4 16 -20 -16 100 -26 -16 100 -17 -16 0 -11 -16 0 
 4 16 -9 -4 -20 -15 -4 -20 -6 -4 -120 0 -4 -120 
 4 16 -20 -4 100 -26 -4 100 -17 -4 0 -11 -4 0 
 4 16 -30 -20 100 -20 -20 100 0 -20 -120 -10 -20 -120 
 4 16 -30 0 100 -20 0 100 0 0 -120 -10 0 -120 
 4 16 -9 -16 -20 -9 -20 -20 0 -20 -120 0 -16 -120 
 4 16 -20 -16 100 -20 -20 100 -11 -20 0 -11 -16 0 
 4 16 -9 -4 -20 -9 0 -20 0 0 -120 0 -4 -120 
 4 16 -20 -4 100 -20 0 100 -11 0 0 -11 -4 0 
 4 16 -15 -16 -20 -15 -4 -20 -6 -4 -120 -6 -16 -120 
 4 16 -26 -16 100 -26 -4 100 -17 -4 0 -17 -16 0 
 4 16 -19 -20 -20 -19 0 -20 -10 0 -120 -10 -20 -120 
 4 16 -30 -20 100 -30 0 100 -21 0 0 -21 -20 0 
 2 24 -15 -16 0 -15 -4 0 
 2 24 -15 -4 -20 -15 -16 -20 
 2 24 0 -20 0 0 0 0 
 2 24 0 0 0 0 0 -20 
 2 24 0 0 -20 0 -20 -20 
 2 24 0 -20 -20 0 -20 0 
 2 24 0 -20 0 -10 -20 0 
 2 24 0 0 0 -10 0 0 
 2 24 0 -20 -20 -10 -20 -20 
 2 24 0 0 -20 -10 0 -20 
 4 16 -20 -20 0 0 -20 0 0 0 0 -20 0 0 
 4 16 -19 0 0 0 0 0 0 0 -20 -19 0 -20 
 4 16 -19 0 -20 0 0 -20 0 -20 -20 -19 -20 -20 
 4 16 -19 -20 -20 0 -20 -20 0 -20 0 -19 -20 0 
 1 16 -20 -10 -10 0 0 0.70 -8 0 0 0 0 -7.97 4-4EDGE.DAT
 1 16 0 -10 -10 0 0 0 -8 0 0 0 0 -8 4-4EDGE.DAT
 1 16 -19 -10 -10 0 1 0 -1 0 0 0 0 1 peghole.dat
 1 16 -18 -10 -10 0 16 0 -6 0 0 0 0 6 4-4cyli.dat
 1 16 0 -10 -10 0 -1 0 -1 0 0 0 0 1 peghole.dat
 1 16 -20 -10 -10 0 0 -0.70 10 0 0 0 0 9.98 4-4NDIS.DAT
 1 16 0 -10 -10 0 0 0 10 0 0 0 0 10 4-4NDIS.DAT
 1 16 -20 -10 -10 0 0 -0.14 -2 0 0 0 0 2 RING4.DAT
 1 16 0 -10 -10 0 0 0 -2 0 0 0 0 2 RING4.DAT
0

