0 Crane Harbour Derrick 10 (Top Part)
0 Name: 2638.dat
0 Author: Luis E. Fernandez [lfernand]
0 !LDRAW_ORG Part UPDATE 1998-02
0 !LICENSE Redistributable under CCAL version 2.0 : see CAreadme.txt

0 !HISTORY 1998-02-12 [PTadmin] Official Update 1998-02
0 !HISTORY 2007-05-17 [PTadmin] Header formatted for Contributor Agreement
0 !HISTORY 2008-07-01 [PTadmin] Official Update 2008-01

2 24 10 2 60 -10 2 60
2 24 6 2 -60 -6 2 -60
2 24 10 2 60 10 2 0
2 24 10 2 0 6 2 -60
2 24 -10 2 60 -10 2 0
2 24 -10 2 0 -6 2 -60
4 16 10 2 60 -10 2 60 -10 2 0 10 2 0
4 16 10 2 0 -10 2 0 -6 2 -60 6 2 -60
2 24 10 0 60 -10 0 60
2 24 6 0 -60 -6 0 -60
4 16 10 0 60 -10 0 60 -10 0 0 10 0 0
4 16 10 0 0 -10 0 0 -6 0 -60 6 0 -60
2 24 10 2 60 10 0 60
2 24 -10 2 60 -10 0 60
2 24 6 2 -60 6 0 -60
2 24 -6 2 -60 -6 0 -60
4 16 10 2 60 -10 2 60 -10 0 60 10 0 60
4 16 6 2 -60 -6 2 -60 -6 0 -60 6 0 -60
4 16 10 2 60 10 2 0 10 0 0 10 0 60
4 16 -10 2 60 -10 2 0 -10 0 0 -10 0 60
4 16 10 2 0 6 2 -60 6 0 -60 10 0 0
4 16 -10 2 0 -6 2 -60 -6 0 -60 -10 0 0
1 16 0 0 -50 -1 0 0 0 1 0 0 0 -1 stud2.dat
1 16 0 0 -30 -1 0 0 0 1 0 0 0 -1 stud2.dat
1 16 0 0 -10 -1 0 0 0 1 0 0 0 -1 stud2.dat
1 16 0 0 10 -1 0 0 0 1 0 0 0 -1 stud2.dat
1 16 0 0 30 -1 0 0 0 1 0 0 0 -1 stud2.dat
1 16 0 0 50 -1 0 0 0 1 0 0 0 -1 stud2.dat
1 16 14 10 90 0 0 0 10 0 0 0 0 10 2-4edge.dat
1 16 14 10 90 0 0 0 10 0 0 0 0 10 4-4disc.dat
1 16 14 10 90 0 0 0 -10 0 0 0 0 -10 2-4ndis.dat
1 16 14 10 90 0 -5 0 8 0 0 0 0 8 4-4cyli.dat
1 16 9 10 90 0 0 0 8 0 0 0 0 8 4-4disc.dat
1 16 9 10 90 0 0 0 8 0 0 0 0 8 4-4edge.dat
1 16 10 10 90 0 0 0 8 0 0 0 0 8 4-4edge.dat
1 16 10 10 90 0 0 0 10 0 0 0 0 10 2-4edge.dat
1 16 10 10 90 0 0 0 10 0 0 0 0 10 4-4disc.dat
1 16 10 10 90 0 0 0 -10 0 0 0 0 -10 2-4ndis.dat
1 16 14 10 90 0 -4 0 10 0 0 0 0 10 2-4cyli.dat
2 24 14 0 0 14 0 90
2 24 14 20 90 14 27 20
2 24 14 27 20 14 26 0
4 16 14 20 90 14 27 20 14 26 0 14 20 0
4 16 14 0 0 14 0 80 14 20 80 14 20 0
2 24 10 0 60 10 0 90
2 24 10 20 90 10 24.50 44
2 24 10 24.50 44 10.50 27 20
2 24 10.50 27 20 10 26 0
3 16 10 20 90 10 20 44 10 24.50 44
4 16 10 24.50 44 10.50 27 20 10.50 26 0 10 24.50 0
4 16 10 20 44 10 24.50 44 10 24.50 0 10 20 0
4 16 10 0 0 10 0 80 10 20 80 10 20 0
4 16 14 0 0 10 0 0 10 0 90 14 0 90
4 16 14 20 90 10 20 90 10 24.50 44 14 24.50 44
4 16 14 24.50 44 10 24.50 44 10.50 27 20 14 27 20
4 16 14 27 20 10.50 27 20 10 26 0 14 26 0
1 16 9.50 13 45 0 0 -0.50 0 11 0 1 0 0 box.dat
1 16 9.50 6 20 0 0 0.25 0 2 0 -2 0 0 box.dat
1 16 14 18 20 0 -5 0 0 0 -8 8 0 0 2-4cyli.dat
1 16 14 18 20 0 -4.30 0 0 0 8 -8 0 0 2-4cyli.dat
1 16 9 18 20 0 0.50 0.64 0 0 7.99 -8 0 0 2-4cyli.dat
1 16 9 18 20 0 0 0 0 0 -8 8 0 0 2-4disc.dat
1 16 9 18 20 0 0 0.56 0 0 7.98 -8 0 0 2-4disc.dat
1 16 9 18 20 0 0 0 0 0 -8 8 0 0 2-4edge.dat
1 16 9 18 20 0 0 0.56 0 0 7.98 -8 0 0 2-4edge.dat
1 16 10 18 20 0 0 0 0 0 -8 8 0 0 4-4edge.dat
1 16 8 10 -90 0 0 0 -10 0 0 0 0 -10 2-4edge.dat
1 16 8 10 -90 0 0 0 -10 0 0 0 0 -10 4-4disc.dat
1 16 8 10 -90 0 0 0 10 0 0 0 0 10 2-4ndis.dat
1 16 4 10 -90 0 0 0 -10 0 0 0 0 -10 1-8edge.dat
1 16 4 10 -90 0 0 0 -9.24 0 3.83 -3.83 0 -9.24 1-8edge.dat
1 16 0.25 10 -90 0 0 0 -3.83 0 9.24 -9.24 0 -3.83 1-8edge.dat
1 16 0.25 10 -88 0 0 0 -3.83 0 9.24 -9.24 0 -3.83 1-8edge.dat
1 16 4 10 -88 0 0 0 -3.83 0 9.24 -9.24 0 -3.83 1-8edge.dat
1 16 4 10 -90 0 -3.75 0 -3.83 0 9.24 -9.24 0 -3.83 1-8cyli.dat
1 16 4 10 -88 0 -3.75 0 -3.83 0 9.24 -9.24 0 -3.83 1-8cyli.dat
4 16 0.25 13.80 -97.25 0.25 10.15 -100 0.25 10.15 -98 0.25 13.80 -99.25
4 16 0.25 10.15 -100 0.25 6.25 -97.25 0.25 6.25 -99.25 0.25 10.15 -98
2 24 4 13.80 -97.25 4 13.80 -99.25
2 24 4 6.25 -97.25 4 6.25 -99.25
2 24 0.25 13.80 -97.25 0.25 13.80 -99.25
2 24 0.25 6.25 -97.25 0.25 6.25 -99.25
4 16 4 13.80 -97.25 0.25 13.80 -97.25 0.25 13.80 -99.25 4 13.80 -99.25
4 16 4 6.25 -97.25 0.25 6.25 -97.25 0.25 6.25 -99.25 4 6.25 -99.25
1 16 4 10 -90 0 0 0 3.83 0 9.24 -9.24 0 3.83 1-8edge.dat
1 16 4 10 -90 0 0 0 7.07 0 7.07 -7.07 0 7.07 1-8edge.dat
1 16 4 10 -90 0 0 0 -10 0 0 0 0 -10 4-4disc.dat
1 16 4 10 -90 0 0 0 10 0 0 0 0 10 2-4ndis.dat
1 16 8 10 -90 0 -4 0 -10 0 0 0 0 -10 2-4cyli.dat
2 24 8 0 -80 8 0 -90
2 24 4 0 -80 4 0 -90
2 24 8 20 -80 8 20 -90
2 24 4 20 -80 4 20 -90
2 24 14 0 0 8 0 -80
2 24 14 26 0 8 20 -80
4 16 14 0 0 14 26 0 8 20 -80 8 0 -80
2 24 6 0 -60 4 0 -80
2 24 10 26 0 4 20 -80
4 16 10 0 0 10 26 0 4 20 -80 4 0 -80
4 16 14 0 0 10 0 0 4 0 -80 8 0 -80
4 16 14 26 0 10 26 0 4 20 -80 8 20 -80
4 16 8 0 -90 4 0 -90 4 0 -80 8 0 -80
4 16 8 20 -90 4 20 -90 4 20 -80 8 20 -80
1 16 -14 10 90 0 0 0 10 0 0 0 0 10 2-4edge.dat
1 16 -14 10 90 0 0 0 10 0 0 0 0 10 4-4disc.dat
1 16 -14 10 90 0 0 0 -10 0 0 0 0 -10 2-4ndis.dat
1 16 -14 10 90 0 5 0 8 0 0 0 0 8 4-4cyli.dat
1 16 -9 10 90 0 0 0 8 0 0 0 0 8 4-4disc.dat
1 16 -9 10 90 0 0 0 8 0 0 0 0 8 4-4edge.dat
1 16 -10 10 90 0 0 0 8 0 0 0 0 8 4-4edge.dat
1 16 -10 10 90 0 0 0 10 0 0 0 0 10 2-4edge.dat
1 16 -10 10 90 0 0 0 10 0 0 0 0 10 4-4disc.dat
1 16 -10 10 90 0 0 0 -10 0 0 0 0 -10 2-4ndis.dat
1 16 -14 10 90 0 4 0 10 0 0 0 0 10 2-4cyli.dat
2 24 -14 0 0 -14 0 90
2 24 -14 20 90 -14 27 20
2 24 -14 27 20 -14 26 0
4 16 -14 20 90 -14 27 20 -14 26 0 -14 20 0
4 16 -14 0 0 -14 0 80 -14 20 80 -14 20 0
2 24 -10 0 60 -10 0 90
2 24 -10 20 90 -10 24.50 44
2 24 -10 24.50 44 -10.50 27 20
2 24 -10.50 27 20 -10 26 0
3 16 -10 20 90 -10 20 44 -10 24.50 44
4 16 -10 24.50 44 -10.50 27 20 -10.50 26 0 -10 24.50 0
4 16 -10 20 44 -10 24.50 44 -10 24.50 0 -10 20 0
4 16 -10 0 0 -10 0 80 -10 20 80 -10 20 0
4 16 -14 0 0 -10 0 0 -10 0 90 -14 0 90
4 16 -14 20 90 -10 20 90 -10 24.50 44 -14 24.50 44
4 16 -14 24.50 44 -10 24.50 44 -10.50 27 20 -14 27 20
4 16 -14 27 20 -10.50 27 20 -10 26 0 -14 26 0
1 16 -9.50 13 45 0 0 0.50 0 11 0 1 0 0 box.dat
1 16 -9.50 6 20 0 0 -0.25 0 2 0 -2 0 0 box.dat
1 16 -14 18 20 0 5 0 0 0 -8 8 0 0 2-4cyli.dat
1 16 -14 18 20 0 4.30 0 0 0 8 -8 0 0 2-4cyli.dat
1 16 -9 18 20 0 -0.50 -0.64 0 0 7.99 -8 0 0 2-4cyli.dat
1 16 -9 18 20 0 0 0 0 0 -8 8 0 0 2-4disc.dat
1 16 -9 18 20 0 0 -0.56 0 0 7.98 -8 0 0 2-4disc.dat
1 16 -9 18 20 0 0 0 0 0 -8 8 0 0 2-4edge.dat
1 16 -9 18 20 0 0 -0.56 0 0 7.98 -8 0 0 2-4edge.dat
1 16 -10 18 20 0 0 0 0 0 -8 8 0 0 4-4edge.dat
1 16 -8 10 -90 0 0 0 -10 0 0 0 0 -10 2-4edge.dat
1 16 -8 10 -90 0 0 0 -10 0 0 0 0 -10 4-4disc.dat
1 16 -8 10 -90 0 0 0 10 0 0 0 0 10 2-4ndis.dat
1 16 -4 10 -90 0 0 0 -10 0 0 0 0 -10 1-8edge.dat
1 16 -4 10 -90 0 0 0 -9.24 0 3.83 -3.83 0 -9.24 1-8edge.dat
1 16 -0.25 10 -90 0 0 0 -3.83 0 9.24 -9.24 0 -3.83 1-8edge.dat
1 16 -0.25 10 -88 0 0 0 -3.83 0 9.24 -9.24 0 -3.83 1-8edge.dat
1 16 -4 10 -88 0 0 0 -3.83 0 9.24 -9.24 0 -3.83 1-8edge.dat
1 16 -4 10 -90 0 3.75 0 -3.83 0 9.24 -9.24 0 -3.83 1-8cyli.dat
1 16 -4 10 -88 0 3.75 0 -3.83 0 9.24 -9.24 0 -3.83 1-8cyli.dat
4 16 -0.25 13.80 -97.25 -0.25 10.15 -100 -0.25 10.15 -98 -0.25 13.80 -99.25
4 16 -0.25 10.15 -100 -0.25 6.25 -97.25 -0.25 6.25 -99.25 -0.25 10.15 -98
2 24 -4 13.80 -97.25 -4 13.80 -99.25
2 24 -4 6.25 -97.25 -4 6.25 -99.25
2 24 -0.25 13.80 -97.25 -0.25 13.80 -99.25
2 24 -0.25 6.25 -97.25 -0.25 6.25 -99.25
4 16 -4 13.80 -97.25 -0.25 13.80 -97.25 -0.25 13.80 -99.25 -4 13.80 -99.25
4 16 -4 6.25 -97.25 -0.25 6.25 -97.25 -0.25 6.25 -99.25 -4 6.25 -99.25
1 16 -4 10 -90 0 0 0 3.83 0 9.24 -9.24 0 3.83 1-8edge.dat
1 16 -4 10 -90 0 0 0 7.07 0 7.07 -7.07 0 7.07 1-8edge.dat
1 16 -4 10 -90 0 0 0 -10 0 0 0 0 -10 4-4disc.dat
1 16 -4 10 -90 0 0 0 10 0 0 0 0 10 2-4ndis.dat
1 16 -8 10 -90 0 4 0 -10 0 0 0 0 -10 2-4cyli.dat
2 24 -8 0 -80 -8 0 -90
2 24 -4 0 -80 -4 0 -90
2 24 -8 20 -80 -8 20 -90
2 24 -4 20 -80 -4 20 -90
2 24 -14 0 0 -8 0 -80
2 24 -14 26 0 -8 20 -80
4 16 -14 0 0 -14 26 0 -8 20 -80 -8 0 -80
2 24 -6 0 -60 -4 0 -80
2 24 -10 26 0 -4 20 -80
4 16 -10 0 0 -10 26 0 -4 20 -80 -4 0 -80
4 16 -14 0 0 -10 0 0 -4 0 -80 -8 0 -80
4 16 -14 26 0 -10 26 0 -4 20 -80 -8 20 -80
4 16 -8 0 -90 -4 0 -90 -4 0 -80 -8 0 -80
4 16 -8 20 -90 -4 20 -90 -4 20 -80 -8 20 -80
2 24 -10 17 70 10 17 70
2 24 10 17 70 10 17 74
2 24 10 17 74 -10 17 74
2 24 -10 17 74 -10 17 70
2 24 -10 9 70 -10 17 70
2 24 10 9 70 10 17 70
2 24 -10 9 74 -10 17 74
2 24 10 9 74 10 17 74
4 16 -10 17 70 -10 17 74 10 17 74 10 17 70
4 16 -10 9 70 -10 9 74 10 9 74 10 9 70
4 16 -10 17 70 -10 9 70 10 9 70 10 17 70
4 16 10 17 70 10 9 70 10 9 74 10 17 74
4 16 10 17 74 10 9 74 -10 9 74 -10 17 74
4 16 -10 17 74 -10 9 74 -10 9 70 -10 17 70
2 24 0 9 74 -10 5 74
2 24 -10 5 74 -10 9 74
2 24 0 9 70 -10 5 70
2 24 -10 5 70 -10 9 70
2 24 0 9 70 0 9 74
2 24 -10 5 70 -10 5 74
4 16 0 9 74 -10 5 74 -10 5 70 0 9 70
4 16 -10 5 74 -10 9 74 -10 9 70 -10 5 70
4 16 -10 9 74 0 9 74 0 9 70 -10 9 70
2 24 10 5 74 0 9 74
2 24 10 9 74 10 5 74
2 24 10 5 70 0 9 70
2 24 10 9 70 10 5 70
2 24 10 5 70 10 5 74
2 24 0 9 70 0 9 74
4 16 10 5 74 0 9 74 0 9 70 10 5 70
4 16 0 9 74 10 9 74 10 9 70 0 9 70
4 16 10 9 74 10 5 74 10 5 70 10 9 70
3 16 10 9 70 0 9 70 10 5 70
3 16 -10 9 70 0 9 70 -10 5 70
3 16 10 9 74 0 9 74 10 5 74
3 16 -10 9 74 0 9 74 -10 5 74
2 24 -4 17 -94 4 17 -94
2 24 4 17 -94 4 17 -90
2 24 4 17 -90 -4 17 -90
2 24 -4 17 -90 -4 17 -94
2 24 -4 9 -94 -4 17 -94
2 24 4 9 -94 4 17 -94
2 24 -4 9 -90 -4 17 -90
2 24 4 9 -90 4 17 -90
4 16 -4 17 -94 -4 17 -90 4 17 -90 4 17 -94
4 16 -4 9 -94 -4 9 -90 4 9 -90 4 9 -94
4 16 -4 17 -94 -4 9 -94 4 9 -94 4 17 -94
4 16 4 17 -94 4 9 -94 4 9 -90 4 17 -90
4 16 4 17 -90 4 9 -90 -4 9 -90 -4 17 -90
4 16 -4 17 -90 -4 9 -90 -4 9 -94 -4 17 -94
2 24 0 9 -90 -4 5 -90
2 24 -4 5 -90 -4 9 -90
2 24 0 9 -94 -4 5 -94
2 24 -4 5 -94 -4 9 -94
2 24 0 9 -94 0 9 -90
2 24 -4 5 -94 -4 5 -90
4 16 0 9 -90 -4 5 -90 -4 5 -94 0 9 -94
4 16 -4 5 -90 -4 9 -90 -4 9 -94 -4 5 -94
4 16 -4 9 -90 0 9 -90 0 9 -94 -4 9 -94
2 24 4 5 -90 0 9 -90
2 24 4 9 -90 4 5 -90
2 24 4 5 -94 0 9 -94
2 24 4 9 -94 4 5 -94
2 24 4 5 -94 4 5 -90
2 24 0 9 -94 0 9 -90
4 16 4 5 -90 0 9 -90 0 9 -94 4 5 -94
4 16 0 9 -90 4 9 -90 4 9 -94 0 9 -94
4 16 4 9 -90 4 5 -90 4 5 -94 4 9 -94
3 16 4 9 -94 0 9 -94 4 5 -94
3 16 -4 9 -94 0 9 -94 -4 5 -94
3 16 4 9 -90 0 9 -90 4 5 -90
3 16 -4 9 -90 0 9 -90 -4 5 -90
2 24 -4 17 -82 4 17 -82
2 24 4 17 -82 4 17 -78
2 24 4 17 -78 -4 17 -78
2 24 -4 17 -78 -4 17 -82
2 24 -4 9 -82 -4 17 -82
2 24 4 9 -82 4 17 -82
2 24 -4 9 -78 -4 17 -78
2 24 4 9 -78 4 17 -78
4 16 -4 17 -82 -4 17 -78 4 17 -78 4 17 -82
4 16 -4 9 -82 -4 9 -78 4 9 -78 4 9 -82
4 16 -4 17 -82 -4 9 -82 4 9 -82 4 17 -82
4 16 4 17 -82 4 9 -82 4 9 -78 4 17 -78
4 16 4 17 -78 4 9 -78 -4 9 -78 -4 17 -78
4 16 -4 17 -78 -4 9 -78 -4 9 -82 -4 17 -82
2 24 0 9 -78 -4 5 -78
2 24 -4 5 -78 -4 9 -78
2 24 0 9 -82 -4 5 -82
2 24 -4 5 -82 -4 9 -82
2 24 0 9 -82 0 9 -78
2 24 -4 5 -82 -4 5 -78
4 16 0 9 -78 -4 5 -78 -4 5 -82 0 9 -82
4 16 -4 5 -78 -4 9 -78 -4 9 -82 -4 5 -82
4 16 -4 9 -78 0 9 -78 0 9 -82 -4 9 -82
2 24 4 5 -78 0 9 -78
2 24 4 9 -78 4 5 -78
2 24 4 5 -82 0 9 -82
2 24 4 9 -82 4 5 -82
2 24 4 5 -82 4 5 -78
2 24 0 9 -82 0 9 -78
4 16 4 5 -78 0 9 -78 0 9 -82 4 5 -82
4 16 0 9 -78 4 9 -78 4 9 -82 0 9 -82
4 16 4 9 -78 4 5 -78 4 5 -82 4 9 -82
3 16 4 9 -82 0 9 -82 4 5 -82
3 16 -4 9 -82 0 9 -82 -4 5 -82
3 16 4 9 -78 0 9 -78 4 5 -78
3 16 -4 9 -78 0 9 -78 -4 5 -78
1 16 0 14 -86 2 0 0 0 3 0 0 0 4 box.dat
1 16 -9.50 14 1 0.50 0 0 0 12 0 0 0 1 box.dat
1 16 9.50 14 1 0.50 0 0 0 12 0 0 0 1 box.dat
0
