0 Window  1 x  4 x  5 Curved Top 
0 Name: 264.dat
0 Author: Niels Karsdorp [nielsk]
0 !LDRAW_ORG Part UPDATE 2004-03
0 !LICENSE Redistributable under CCAL version 2.0 : see CAreadme.txt

0 BFC CERTIFY CW
0 !KEYWORDS Car, Airplane, Fabuland

0 !HISTORY 2004-09-15 [PTadmin] Official Update 2004-03
0 !HISTORY 2007-05-17 [PTadmin] Header formatted for Contributor Agreement
0 !HISTORY 2008-07-01 [PTadmin] Official Update 2008-01

0 BFC INVERTNEXT
1 16 0 120 0 36 0 0 0 -45 0 0 0 6 box5.dat
1 16 0 75 0 0 0 1.25 0 40 0 6 0 0 box3u2p.dat
2 24 -40 120 -10 40 120 -10
2 24 40 120 -10 40 120 10
2 24 40 120 10 -40 120 10
2 24 -40 120 10 -40 120 -10
2 24 -40 120 -10 -40 65 -10
2 24 -40 65 -10 -40 30 -5.1538
2 24 -40 120 10 -40 30 10
2 24 40 120 10 40 30 10
2 24 40 120 -10 40 65 -10
2 24 40 65 -10 40 30 -5.1538
2 24 -40 65 -10 -32.5 65 -10
2 24 40 65 -10 32.5 65 -10
2 24 -10 0 -1 10 0 -1
2 24 -10 0 10 10 0 10
2 24 -30.5 72 -10 30.5 72 -10
2 24 -30.5 72  10 30.5 72  10
2 24 -32.5 70 10 -32.5 30 10
2 24 32.5 70 10 32.5 30 10
2 24 -32.5 70 -10 -32.5 65 -10
2 24 -32.5 65 -10 -32.5 30 -5.1538
2 24 32.5 70 -10 32.5 65 -10
2 24 32.5 65 -10 32.5 30 -5.1538
2 24 -10 7.5 -2.0385 10 7.5 -2.0385
2 24 -10 7.5 10 10 7.5 10
1 16 -30.5 70 -10 -2 0 0 0 0 2 0 1 0 1-4edge.dat
1 16 30.5 70 -10 0 0 2 2 0 0 0 1 0 1-4edge.dat
1 16 -30.5 70 10 -2 0 0 0 0 2 0 1 0 1-4edge.dat
1 16 30.5 70 10 0 0 2 2 0 0 0 1 0 1-4edge.dat
1 16 -10 30 10 0 0 -30 -30 0 0 0 1 0 1-4edge.dat
1 16 10 30 10 0 0 30 -30 0 0 0 1 0 1-4edge.dat
1 16 -10 30 10 0 0 -22.5 -22.5 0 0 0 1 0 1-4edge.dat
1 16 10 30 10 0 0 22.5 -22.5 0 0 0 1 0 1-4edge.dat
1 16 -10 30 -5.1538 0 0 -30 -30 0.137152 0 4.15381 0.99055 0 1-4edge.dat
1 16 10 30 -5.1538 0 0 30 -30 0.137152 0 4.15381 0.99055 0 1-4edge.dat
1 16 -10 30 -5.1538 0 0 -22.5 -22.5 0.137152 0 3.11535 0.99055 0 1-4edge.dat
1 16 10 30 -5.1538 0 0 22.5 -22.5 0.137152 0 3.11535 0.99055 0 1-4edge.dat
4 16 -40 120 -10  40 120 -10  36 120 -6 -36 120 -6
4 16  40 120 -10  40 120  10  36 120  6  36 120 -6
4 16  40 120  10 -40 120  10 -36 120  6  36 120  6
4 16 -40 120  10 -40 120 -10 -36 120 -6 -36 120  6
1 16 -10 30 -1 0 0 -30 -30 0 0 0 11 0 1-4cyli.dat
1 16 -10 30 -1 0 0 -30 -30 0 0 0 -4.1538 0 1-4cyls.dat 
1 16 10 30 -1 0 0 30 -30 0 0 0 11 0 1-4cyli.dat
1 16 10 30 -1 0 0 30 -30 0 0 0 -4.1538 0 1-4cyls.dat 
4 16 -40 120 10 -40 65 10 -40 65 -10 -40 120 -10 
4 16 -40 65 10 -40 30 10 -40 30 -5.1538 -40 65 -10 
4 16 40 120 -10 40 65 -10 40 65 10 40 120 10  
4 16 40 65 -10 40 30 -5.1538 40 30 10 40 65 10  
4 16 10 0 10 10 0 -1 -10 0 -1 -10 0 10
1 16 -10 30 -5.1538 -7.5 0 0 0 0.137152 -7.5 0 0.99055 1.03845 1-4ring3.dat
1 16 10 30 -5.1538 7.5 0 0 0 0.137152 -7.5 0 0.99055 1.03845 1-4ring3.dat 
1 16 -30.5 70 -10 -2 0 0 0 0 2 0 1 0 1-4ndis.dat
1 16 30.5 70 -10 0 0 2 2 0 0 0 1 0 1-4ndis.dat
4 16 -40 120 -10 -40 72 -10 40 72 -10 40 120 -10  
4 16 -40 72 -10 -40 65 -10 -32.5 65 -10 -32.5 72 -10  
4 16 -40 65 -10 -40 30 -5.1538 -32.5 30 -5.1538 -32.5 65 -10  
4 16 32.5 72 -10 32.5 65 -10 40 65 -10 40 72 -10 
4 16 32.5 65 -10 32.5 30 -5.1538 40 30 -5.1538 40 65 -10 
4 16 10 0 -1 10 7.5 -2.0385 -10 7.5 -2.0385 -10 0 -1
1 16 -30.5 70 10 -2 0 0 0 0 2 0 -1 0 1-4ndis.dat
1 16 30.5 70 10 0 0 2 2 0 0 0 -1 0 1-4ndis.dat
1 16 -10 30 10 -7.5 0 0 0 0 -7.5 0 -1 0 1-4ring3.dat
1 16 10 30 10 7.5 0 0 0 0 -7.5 0 -1 0 1-4ring3.dat 
4 16 40 120 10 40 72 10 -40 72 10 -40 120 10 
4 16 -32.5 72 10 -32.5 30 10 -40 30 10 -40 72 10 
4 16 40 72 10 40 30 10 32.5 30 10 32.5 72 10
4 16 -10 0 10 -10 7.5 10 10 7.5 10 10 0 10
0 BFC INVERTNEXT
1 16 -10 30 -2.0385 0 0 -22.5 -22.5 0 0 0 12.0385 0 1-4cyli.dat
0 BFC INVERTNEXT
1 16 -10 30 -2.0385 0 0 -22.5 -22.5 0 0 0 -3.1153 0 1-4cyls.dat 
0 BFC INVERTNEXT
1 16 10 30 -2.0385 0 0 22.5 -22.5 0 0 0 12.0385 0 1-4cyli.dat
0 BFC INVERTNEXT
1 16 10 30 -2.0385 0 0 22.5 -22.5 0 0 0 -3.1153 0 1-4cyls.dat 
0 BFC INVERTNEXT
1 16 -30.5 70 -10  -2 0 0  0 0 2  0 20 0  1-4cyli.dat
0 BFC INVERTNEXT
1 16  30.5 70 -10  0 0 2  2 0 0  0 20 0  1-4cyli.dat
4 16 -32.5 70 -10 -32.5 65 -10 -32.5 65 10 -32.5 70 10
4 16 -32.5 65 -10 -32.5 30 -5.1538 -32.5 30 10 -32.5 65 10     
4 16 32.5 70 10 32.5 65 10 32.5 65 -10 32.5 70 -10 
4 16 32.5 65 10 32.5 30 10 32.5 30 -5.1538 32.5 65 -10 
4 16 10 7.5 -2.0385 10 7.5 10 -10 7.5 10 -10 7.5 -2.0385 
4 16 -30.5 72 -10 -30.5 72 10 30.5 72 10 30.5 72 -10  
0
