0 Technic Steering Gear Holder
0 Name: 2791a.dat
0 Author: James Jessiman
0 !LDRAW_ORG Part UPDATE 2009-03
0 !LICENSE Redistributable under CCAL version 2.0 : see CAreadme.txt

0 !HISTORY 2007-05-18 [PTadmin] Header formatted for Contributor Agreement
0 !HISTORY 2008-07-01 [PTadmin] Official Update 2008-01
0 !HISTORY 2008-07-07 [PTadmin] Renamed from 2790 (incorrect number) (2007-03-15)
0 !HISTORY 2009-12-29 [PTadmin] Official Update 2009-03

 1 16 0 -18 14 6 0 0 0 0 6 0 0 0 4-4edge.dat
 1 16 0 -18 10 6 0 0 0 0 6 0 0 0 4-4edge.dat
 1 16 0 -18 -10 6 0 0 0 0 6 0 0 0 4-4edge.dat
 1 16 0 -18 -14 6 0 0 0 0 6 0 0 0 4-4edge.dat

 1 16 0 -18 14 16 0 0 0 0 -16 0 0 0 2-4edge.dat
 1 16 0 -18 10 16 0 0 0 0 -16 0 0 0 2-4edge.dat
 1 16 0 -18 -10 16 0 0 0 0 -16 0 0 0 2-4edge.dat
 1 16 0 -18 -14 16 0 0 0 0 -16 0 0 0 2-4edge.dat

 1 16 15 -18 0 1 0 0 0 0 0 0 0 10 rect.dat
 1 16 -15 -18 0 1 0 0 0 0 0 0 0 10 rect.dat

 1 16 16 0 0 0 0 0 13 0 0 0 0 13 4-4edge.dat
 1 16 -16 0 0 0 0 0 13 0 0 0 0 13 4-4edge.dat
 1 16 18 0 0 -2 0 0 13 0 0 0 0 13 4-4edge.dat
 1 16 -18 0 0 2 0 0 13 0 0 0 0 13 4-4edge.dat
 1 16 18 0 0 -2 0 0 11 0 0 0 0 11 4-4edge.dat
 1 16 -18 0 0 2 0 0 11 0 0 0 0 11 4-4edge.dat

 1 16 0 -10 9 8 0 0 0 0 0 0 0 1 rect.dat
 1 16 0 -10 -9 8 0 0 0 0 0 0 0 1 rect.dat
 1 16 12 -10 9 2 0 0 0 0 0 0 0 1 rect.dat
 1 16 12 -10 -9 2 0 0 0 0 0 0 0 1 rect.dat
 1 16 -12 -10 9 2 0 0 0 0 0 0 0 1 rect.dat
 1 16 -12 -10 -9 2 0 0 0 0 0 0 0 1 rect.dat

 2 24 16 -18 14 16 -11 14
 2 24 -16 -18 14 -16 -11 14
 2 24 16 -18 -14 16 -11 -14
 2 24 -16 -18 -14 -16 -11 -14
 2 24 16 -11 14 -16 -11 14
 2 24 16 -11 -14 -16 -11 -14

 2 24 14 -18 10 14 -10 10
 2 24 -14 -18 10 -14 -10 10
 2 24 14 -18 -10 14 -10 -10
 2 24 -14 -18 -10 -14 -10 -10

 1 16 9 -29 10 1 0 0 0 0 -1 0 0 0 2-4edge.dat
 1 16 -9 -29 10 1 0 0 0 0 -1 0 0 0 2-4edge.dat
 1 16 9 -29 8 1 0 0 0 0 -1 0 0 0 2-4edge.dat
 1 16 -9 -29 8 1 0 0 0 0 -1 0 0 0 2-4edge.dat
 1 16 9 -29 -8 1 0 0 0 0 -1 0 0 0 2-4edge.dat
 1 16 -9 -29 -8 1 0 0 0 0 -1 0 0 0 2-4edge.dat
 1 16 9 -29 -10 1 0 0 0 0 -1 0 0 0 2-4edge.dat
 1 16 -9 -29 -10 1 0 0 0 0 -1 0 0 0 2-4edge.dat

 2 24 10 -29 10 10 -10 10
 2 24 -10 -29 10 -10 -10 10
 2 24 8 -29 10 8 -10 10
 2 24 -8 -29 10 -8 -10 10
 2 24 10 -29 8 10 -10 8
 2 24 -10 -29 8 -10 -10 8
 2 24 8 -29 8 8 -10 8
 2 24 -8 -29 8 -8 -10 8
 2 24 10 -29 -8 10 -10 -8
 2 24 -10 -29 -8 -10 -10 -8
 2 24 8 -29 -8 8 -10 -8
 2 24 -8 -29 -8 -8 -10 -8
 2 24 10 -29 -10 10 -10 -10
 2 24 -10 -29 -10 -10 -10 -10
 2 24 8 -29 -10 8 -10 -10
 2 24 -8 -29 -10 -8 -10 -10

 1 16 18 0 0 -2 -4 0 13 0 0 0 0 13 4-4cyli.dat
 1 16 -18 0 0 2 4 0 13 0 0 0 0 13 4-4cyli.dat
 1 16 18 0 0 -2 -4 0 11 0 0 0 0 11 4-4cyli.dat
 1 16 -18 0 0 2 4 0 11 0 0 0 0 11 4-4cyli.dat
 1 16 14 0 0 0 2 0 11 0 0 0 0 11 4-4cyli.dat
 1 16 -14 0 0 0 -2 0 11 0 0 0 0 11 4-4cyli.dat
 1 16 14 0 0 0 -28 0 0 0 11 11 0 0 2-4cyli.dat
 1 16 16 0 0 0 -32 0 0 0 13 13 0 0 2-4cyli.dat

 2 24 14 -10 8 14 -7.45 8
 2 24 -14 -10 8 -14 -7.45 8
 2 24 14 -10 -8 14 -7.45 -8
 2 24 -14 -10 -8 -14 -7.45 -8
 2 24 14 -7.45 8 -14 -7.45 8
 2 24 14 -7.45 -8 -14 -7.45 -8

 2 24 14 -7.45 8 14 -7.78 7.78
 2 24 -14 -7.45 8 -14 -7.78 7.78
 2 24 14 -7.45 -8 14 -7.78 -7.78
 2 24 -14 -7.45 -8 -14 -7.78 -7.78
 2 24 14 -7.78 7.78 14 -10.6 4.21
 2 24 -14 -7.78 7.78 -14 -10.6 4.21
 2 24 14 -7.78 -7.78 14 -10.6 -4.21
 2 24 -14 -7.78 -7.78 -14 -10.6 -4.21
 2 24 14 -10.6 4.21 14 -11 0
 2 24 -14 -10.6 4.21 -14 -11 0
 2 24 14 -10.6 -4.21 14 -11 0
 2 24 -14 -10.6 -4.21 -14 -11 0

 2 24 16 -11 14 16 -4.98 12.01
 2 24 -16 -11 14 -16 -4.98 12.01
 2 24 16 -11 -14 16 -4.98 -12.01
 2 24 -16 -11 -14 -16 -4.98 -12.01
 2 24 16 -4.98 12.01 -16 -4.98 12.01
 2 24 16 -4.98 -12.01 -16 -4.98 -12.01

 4 16 16 11 0 16.15 10.16 -4.21 16.15 12.01 -4.97 16 13 0
 4 16 -16 11 0 -16.15 10.16 -4.21 -16.15 12.01 -4.97 -16 13 0
 4 16 16.15 10.16 -4.21 16.59 7.78 -7.78 16.59 9.19 -9.19 16.15 12.01 -4.97
 4 16 -16.15 10.16 -4.21 -16.59 7.78 -7.78 -16.59 9.19 -9.19 -16.15 12.01 -4.97
 4 16 16.59 7.78 -7.78 17.23 4.21 -10.16 17.23 4.97 -12.01 16.59 9.19 -9.19
 4 16 -16.59 7.78 -7.78 -17.23 4.21 -10.16 -17.23 4.97 -12.01 -16.59 9.19 -9.19
 4 16 17.23 4.21 -10.16 18 0 -11 18 0 -13 17.23 4.97 -12.01
 4 16 -17.23 4.21 -10.16 -18 0 -11 -18 0 -13 -17.23 4.97 -12.01
 4 16 18 0 -11 18.77 -4.21 -10.16 18.77 -4.97 -12.01 18 0 -13
 4 16 -18 0 -11 -18.77 -4.21 -10.16 -18.77 -4.97 -12.01 -18 0 -13
 4 16 18.77 -4.21 -10.16 19.41 -7.78 -7.78 19.41 -9.19 -9.19 18.77 -4.97 -12.01
 4 16 -18.77 -4.21 -10.16 -19.41 -7.78 -7.78 -19.41 -9.19 -9.19 -18.77 -4.97 -12.01
 4 16 19.41 -7.78 -7.78 19.85 -10.16 -4.21 19.85 -12.01 -4.97 19.41 -9.19 -9.19
 4 16 -19.41 -7.78 -7.78 -19.85 -10.16 -4.21 -19.85 -12.01 -4.97 -19.41 -9.19 -9.19
 4 16 19.85 -10.16 -4.21 20 -11 0 20 -13 0 19.85 -12.01 -4.97
 4 16 -19.85 -10.16 -4.21 -20 -11 0 -20 -13 0 -19.85 -12.01 -4.97
 4 16 20 -11 0 19.85 -10.16 4.21 19.85 -12.01 4.97 20 -13 0
 4 16 -20 -11 0 -19.85 -10.16 4.21 -19.85 -12.01 4.97 -20 -13 0
 4 16 19.85 -10.16 4.21 19.41 -7.78 7.78 19.41 -9.19 9.19 19.85 -12.01 4.97
 4 16 -19.85 -10.16 4.21 -19.41 -7.78 7.78 -19.41 -9.19 9.19 -19.85 -12.01 4.97
 4 16 19.41 -7.78 7.78 18.77 -4.21 10.16 18.77 -4.97 12.01 19.41 -9.19 9.19
 4 16 -19.41 -7.78 7.78 -18.77 -4.21 10.16 -18.77 -4.97 12.01 -19.41 -9.19 9.19
 4 16 18.77 -4.21 10.16 18 0 11 18 0 13 18.77 -4.97 12.01
 4 16 -18.77 -4.21 10.16 -18 0 11 -18 0 13 -18.77 -4.97 12.01
 4 16 18 0 11 17.23 4.21 10.16 17.23 4.97 12.01 18 0 13
 4 16 -18 0 11 -17.23 4.21 10.16 -17.23 4.97 12.01 -18 0 13
 4 16 17.23 4.21 10.16 16.59 7.78 7.78 16.59 9.19 9.19 17.23 4.97 12.01
 4 16 -17.23 4.21 10.16 -16.59 7.78 7.78 -16.59 9.19 9.19 -17.23 4.97 12.01
 4 16 16.59 7.78 7.78 16.15 10.16 4.21 16.15 12.01 4.97 16.59 9.19 9.19
 4 16 -16.59 7.78 7.78 -16.15 10.16 4.21 -16.15 12.01 4.97 -16.59 9.19 9.19
 4 16 16.15 10.16 4.21 16 11 0 16 13 0 16.15 12.01 4.97
 4 16 -16.15 10.16 4.21 -16 11 0 -16 13 0 -16.15 12.01 4.97

 1 16 9 -29 10 1 0 0 0 0 -1 0 -2 0 2-4cyli.dat
 1 16 -9 -29 10 1 0 0 0 0 -1 0 -2 0 2-4cyli.dat
 1 16 9 -29 8 1 0 0 0 0 -1 0 0 0 2-4disc.dat
 1 16 -9 -29 8 1 0 0 0 0 -1 0 0 0 2-4disc.dat
 1 16 9 -29 -8 1 0 0 0 0 -1 0 0 0 2-4disc.dat
 1 16 -9 -29 -8 1 0 0 0 0 -1 0 0 0 2-4disc.dat
 1 16 9 -29 -10 1 0 0 0 0 -1 0 2 0 2-4cyli.dat
 1 16 -9 -29 -10 1 0 0 0 0 -1 0 2 0 2-4cyli.dat

 4 16 14 0 11 14 -4.21 10.16 -14 -4.21 10.16 -14 0 11
 4 16 14 0 -11 14 -4.21 -10.16 -14 -4.21 -10.16 -14 0 -11
 4 16 14 -4.21 10.16 14 -7.45 8 -14 -7.45 8 -14 -4.21 10.16
 4 16 14 -4.21 -10.16 14 -7.45 -8 -14 -7.45 -8 -14 -4.21 -10.16
 4 16 14 0 13 14 -4.98 12.01 -14 -4.98 12.01 -14 0 13
 4 16 14 0 -13 14 -4.98 -12.01 -14 -4.98 -12.01 -14 0 -13

 4 16 -6.00 -18.00 14.00 -5.54 -20.30 14.00 -14.78 -24.12 14.00 -16.00 -18.00 14.00
 4 16 -6.00 -18.00 10.00 -5.54 -20.30 10.00 -14.78 -24.12 10.00 -16.00 -18.00 10.00
 4 16 -6.00 -18.00 -10.00 -5.54 -20.30 -10.00 -14.78 -24.12 -10.00 -16.00 -18.00 -10.00
 4 16 -6.00 -18.00 -14.00 -5.54 -20.30 -14.00 -14.78 -24.12 -14.00 -16.00 -18.00 -14.00
 4 16 -5.54 -20.30 14.00 -4.24 -22.24 14.00 -11.31 -29.31 14.00 -14.78 -24.12 14.00
 4 16 -5.54 -20.30 10.00 -4.24 -22.24 10.00 -11.31 -29.31 10.00 -14.78 -24.12 10.00
 4 16 -5.54 -20.30 -10.00 -4.24 -22.24 -10.00 -11.31 -29.31 -10.00 -14.78 -24.12 -10.00
 4 16 -5.54 -20.30 -14.00 -4.24 -22.24 -14.00 -11.31 -29.31 -14.00 -14.78 -24.12 -14.00
 4 16 -4.24 -22.24 14.00 -2.30 -23.54 14.00 -6.12 -32.78 14.00 -11.31 -29.31 14.00
 4 16 -4.24 -22.24 10.00 -2.30 -23.54 10.00 -6.12 -32.78 10.00 -11.31 -29.31 10.00
 4 16 -4.24 -22.24 -10.00 -2.30 -23.54 -10.00 -6.12 -32.78 -10.00 -11.31 -29.31 -10.00
 4 16 -4.24 -22.24 -14.00 -2.30 -23.54 -14.00 -6.12 -32.78 -14.00 -11.31 -29.31 -14.00
 4 16 -2.30 -23.54 14.00 0.00 -24.00 14.00 0.00 -34.00 14.00 -6.12 -32.78 14.00
 4 16 -2.30 -23.54 10.00 0.00 -24.00 10.00 0.00 -34.00 10.00 -6.12 -32.78 10.00
 4 16 -2.30 -23.54 -10.00 0.00 -24.00 -10.00 0.00 -34.00 -10.00 -6.12 -32.78 -10.00
 4 16 -2.30 -23.54 -14.00 0.00 -24.00 -14.00 0.00 -34.00 -14.00 -6.12 -32.78 -14.00
 4 16 0.00 -24.00 14.00 2.30 -23.54 14.00 6.12 -32.78 14.00 0.00 -34.00 14.00
 4 16 0.00 -24.00 10.00 2.30 -23.54 10.00 6.12 -32.78 10.00 0.00 -34.00 10.00
 4 16 0.00 -24.00 -10.00 2.30 -23.54 -10.00 6.12 -32.78 -10.00 0.00 -34.00 -10.00
 4 16 0.00 -24.00 -14.00 2.30 -23.54 -14.00 6.12 -32.78 -14.00 0.00 -34.00 -14.00
 4 16 2.30 -23.54 14.00 4.24 -22.24 14.00 11.31 -29.31 14.00 6.12 -32.78 14.00
 4 16 2.30 -23.54 10.00 4.24 -22.24 10.00 11.31 -29.31 10.00 6.12 -32.78 10.00
 4 16 2.30 -23.54 -10.00 4.24 -22.24 -10.00 11.31 -29.31 -10.00 6.12 -32.78 -10.00
 4 16 2.30 -23.54 -14.00 4.24 -22.24 -14.00 11.31 -29.31 -14.00 6.12 -32.78 -14.00
 4 16 4.24 -22.24 14.00 5.54 -20.30 14.00 14.78 -24.12 14.00 11.31 -29.31 14.00
 4 16 4.24 -22.24 10.00 5.54 -20.30 10.00 14.78 -24.12 10.00 11.31 -29.31 10.00
 4 16 4.24 -22.24 -10.00 5.54 -20.30 -10.00 14.78 -24.12 -10.00 11.31 -29.31 -10.00
 4 16 4.24 -22.24 -14.00 5.54 -20.30 -14.00 14.78 -24.12 -14.00 11.31 -29.31 -14.00
 4 16 5.54 -20.30 14.00 6.00 -18.00 14.00 16.00 -18.00 14.00 14.78 -24.12 14.00
 4 16 5.54 -20.30 10.00 6.00 -18.00 10.00 16.00 -18.00 10.00 14.78 -24.12 10.00
 4 16 5.54 -20.30 -10.00 6.00 -18.00 -10.00 16.00 -18.00 -10.00 14.78 -24.12 -10.00
 4 16 5.54 -20.30 -14.00 6.00 -18.00 -14.00 16.00 -18.00 -14.00 14.78 -24.12 -14.00

 1 16 0 -18 14 16 0 0 0 0 -16 0 -4 0 2-4cyli.dat
 1 16 0 -18 -14 16 0 0 0 0 -16 0 4 0 2-4cyli.dat
 1 16 0 -18 14 6 0 0 0 0 6 0 -4 0 4-4cyli.dat
 1 16 0 -18 -14 6 0 0 0 0 6 0 4 0 4-4cyli.dat
 1 16 0 -18 14 6 0 0 0 0 6 0 0 0 2-4ndis.dat
 1 16 0 -18 10 6 0 0 0 0 6 0 0 0 2-4ndis.dat
 1 16 0 -18 -10 6 0 0 0 0 6 0 0 0 2-4ndis.dat
 1 16 0 -18 -14 6 0 0 0 0 6 0 0 0 2-4ndis.dat

 4 16 16 -4.98 12.01 16 -11 14 16 -18 14 16 -9.19 9.19
 3 16 16 -9.19 9.19 16 -18 14 16 -12.01 4.98
 3 16 16 -12.01 4.98 16 -18 14 16 -13 0
 3 16 16 -18 14 16 -13 0 16 -18 -14
 3 16 16 -12.01 -4.98 16 -18 -14 16 -13 0
 3 16 16 -9.19 -9.19 16 -18 -14 16 -12.01 -4.98
 4 16 16 -4.98 -12.01 16 -11 -14 16 -18 -14 16 -9.19 -9.19

 3 16 14 -7.45 8 14 -7.78 7.78 14 -10 8
 4 16 14 -7.78 7.78 14 -10 10 14 -18 10 14 -10.16 4.21
 3 16 14 -10.16 4.21 14 -18 10 14 -11 0
 3 16 14 -18 10 14 -11 0 14 -18 -10
 3 16 14 -10.16 -4.21 14 -18 -10 14 -11 0
 4 16 14 -7.78 -7.78 14 -10 -10 14 -18 -10 14 -10.16 -4.21
 3 16 14 -7.45 -8 14 -7.78 -7.78 14 -10 -8

 4 16 10 -10 10 10 -29 10 10 -29 8 10 -10 8
 4 16 10 -10 -10 10 -29 -10 10 -29 -8 10 -10 -8
 4 16 8 -10 10 8 -29 10 8 -29 8 8 -10 8
 4 16 8 -10 -10 8 -29 -10 8 -29 -8 8 -10 -8
 4 16 -8 -10 10 -8 -29 10 -8 -29 8 -8 -10 8
 4 16 -8 -10 -10 -8 -29 -10 -8 -29 -8 -8 -10 -8
 4 16 -10 -10 10 -10 -29 10 -10 -29 8 -10 -10 8
 4 16 -10 -10 -10 -10 -29 -10 -10 -29 -8 -10 -10 -8

 3 16 -14 -7.45 8 -14 -7.78 7.78 -14 -10 8
 4 16 -14 -7.78 7.78 -14 -10 10 -14 -18 10 -14 -10.16 4.21
 3 16 -14 -10.16 4.21 -14 -18 10 -14 -11 0
 3 16 -14 -18 10 -14 -11 0 -14 -18 -10
 3 16 -14 -10.16 -4.21 -14 -18 -10 -14 -11 0
 4 16 -14 -7.78 -7.78 -14 -10 -10 -14 -18 -10 -14 -10.16 -4.21
 3 16 -14 -7.45 -8 -14 -7.78 -7.78 -14 -10 -8

 4 16 -16 -4.98 12.01 -16 -11 14 -16 -18 14 -16 -9.19 9.19
 3 16 -16 -9.19 9.19 -16 -18 14 -16 -12.01 4.98
 3 16 -16 -12.01 4.98 -16 -18 14 -16 -13 0
 3 16 -16 -18 14 -16 -13 0 -16 -18 -14
 3 16 -16 -12.01 -4.98 -16 -18 -14 -16 -13 0
 3 16 -16 -9.19 -9.19 -16 -18 -14 -16 -12.01 -4.98
 4 16 -16 -4.98 -12.01 -16 -11 -14 -16 -18 -14 -16 -9.19 -9.19

 4 16 16 -4.98 12.01 16 -11 14 -16 -11 14 -16 -4.98 12.01
 4 16 16 -4.98 -12.01 16 -11 -14 -16 -11 -14 -16 -4.98 -12.01

 4 16 16 -11 14 6 -12 14 -6 -12 14 -16 -11 14
 4 16 16 -11 14 16 -18 14 6 -18 14 6 -12 14
 4 16 -16 -11 14 -16 -18 14 -6 -18 14 -6 -12 14

 4 16 14 -10 10 6 -12 10 -6 -12 10 -14 -10 10
 4 16 14 -10 10 14 -18 10 6 -18 10 6 -12 10
 4 16 -14 -10 10 -14 -18 10 -6 -18 10 -6 -12 10

 4 16 14 -7.45 8 14 -10 8 -14 -10 8 -14 -7.45 8
 4 16 10 -10 8 10 -29 8 8 -29 8 8 -10 8
 4 16 -10 -10 8 -10 -29 8 -8 -29 8 -8 -10 8

 4 16 14 -7.45 -8 14 -10 -8 -14 -10 -8 -14 -7.45 -8
 4 16 10 -10 -8 10 -29 -8 8 -29 -8 8 -10 -8
 4 16 -10 -10 -8 -10 -29 -8 -8 -29 -8 -8 -10 -8

 4 16 14 -10 -10 6 -12 -10 -6 -12 -10 -14 -10 -10
 4 16 14 -10 -10 14 -18 -10 6 -18 -10 6 -12 -10
 4 16 -14 -10 -10 -14 -18 -10 -6 -18 -10 -6 -12 -10

 4 16 16 -11 -14 6 -12 -14 -6 -12 -14 -16 -11 -14
 4 16 16 -11 -14 16 -18 -14 6 -18 -14 6 -12 -14
 4 16 -16 -11 -14 -16 -18 -14 -6 -18 -14 -6 -12 -14
0
 1 16 16 -2.54 12.75 0 0 0 -0.98 0 -0.39 -0.20 0 1.96 2-4edge.dat
 1 16 -16 -2.54 12.75 0 0 0 -0.98 0 -0.39 -0.20 0 1.96 2-4edge.dat
 1 16 16 -2.54 12.75 0 0 0 -0.98 0 -0.39 -0.20 0 1.96 2-4disc.dat
 1 16 -16 -2.54 12.75 0 0 0 -0.98 0 -0.39 -0.20 0 1.96 2-4disc.dat
 1 16 16 -2.54 12.75 0 -32 0 -0.98 0 -0.39 -0.20 0 1.96 2-4cyli.dat
0
 1 16 16 2.54 12.75 0 0 0 -0.98 0 0.39 0.20 0 1.96 2-4edge.dat
 1 16 -16 2.54 12.75 0 0 0 -0.98 0 0.39 0.20 0 1.96 2-4edge.dat
 1 16 16 2.54 12.75 0 0 0 -0.98 0 0.39 0.20 0 1.96 2-4disc.dat
 1 16 -16 2.54 12.75 0 0 0 -0.98 0 0.39 0.20 0 1.96 2-4disc.dat
 1 16 16 2.54 12.75 0 -32 0 -0.98 0 0.39 0.20 0 1.96 2-4cyli.dat
0
 1 16 16 7.22 10.81 0 0 0 -0.83 0 1.11 0.56 0 1.66 2-4edge.dat
 1 16 -16 7.22 10.81 0 0 0 -0.83 0 1.11 0.56 0 1.66 2-4edge.dat
 1 16 16 7.22 10.81 0 0 0 -0.83 0 1.11 0.56 0 1.66 2-4disc.dat
 1 16 -16 7.22 10.81 0 0 0 -0.83 0 1.11 0.56 0 1.66 2-4disc.dat
 1 16 16 7.22 10.81 0 -32 0 -0.83 0 1.11 0.56 0 1.66 2-4cyli.dat
0
 1 16 16 10.81 7.22 0 0 0 -0.56 0 1.66 0.83 0 1.11 2-4edge.dat
 1 16 -16 10.81 7.22 0 0 0 -0.56 0 1.66 0.83 0 1.11 2-4edge.dat
 1 16 16 10.81 7.22 0 0 0 -0.56 0 1.66 0.83 0 1.11 2-4disc.dat
 1 16 -16 10.81 7.22 0 0 0 -0.56 0 1.66 0.83 0 1.11 2-4disc.dat
 1 16 16 10.81 7.22 0 -32 0 -0.56 0 1.66 0.83 0 1.11 2-4cyli.dat
0
 1 16 16 12.75 2.54 0 0 0 -0.20 0 1.96 0.98 0 0.39 2-4edge.dat
 1 16 -16 12.75 2.54 0 0 0 -0.20 0 1.96 0.98 0 0.39 2-4edge.dat
 1 16 16 12.75 2.54 0 0 0 -0.20 0 1.96 0.98 0 0.39 2-4disc.dat
 1 16 -16 12.75 2.54 0 0 0 -0.20 0 1.96 0.98 0 0.39 2-4disc.dat
 1 16 16 12.75 2.54 0 -32 0 -0.20 0 1.96 0.98 0 0.39 2-4cyli.dat
0
 1 16 16 12.75 -2.54 0 0 0 0.20 0 1.96 0.98 0 -0.39 2-4edge.dat
 1 16 -16 12.75 -2.54 0 0 0 0.20 0 1.96 0.98 0 -0.39 2-4edge.dat
 1 16 16 12.75 -2.54 0 0 0 0.20 0 1.96 0.98 0 -0.39 2-4disc.dat
 1 16 -16 12.75 -2.54 0 0 0 0.20 0 1.96 0.98 0 -0.39 2-4disc.dat
 1 16 16 12.75 -2.54 0 -32 0 0.20 0 1.96 0.98 0 -0.39 2-4cyli.dat
0
 1 16 16 10.81 -7.22 0 0 0 0.56 0 1.66 0.83 0 -1.11 2-4edge.dat
 1 16 -16 10.81 -7.22 0 0 0 0.56 0 1.66 0.83 0 -1.11 2-4edge.dat
 1 16 16 10.81 -7.22 0 0 0 0.56 0 1.66 0.83 0 -1.11 2-4disc.dat
 1 16 -16 10.81 -7.22 0 0 0 0.56 0 1.66 0.83 0 -1.11 2-4disc.dat
 1 16 16 10.81 -7.22 0 -32 0 0.56 0 1.66 0.83 0 -1.11 2-4cyli.dat
0
 1 16 16 7.22 -10.81 0 0 0 0.83 0 1.11 0.56 0 -1.66 2-4edge.dat
 1 16 -16 7.22 -10.81 0 0 0 0.83 0 1.11 0.56 0 -1.66 2-4edge.dat
 1 16 16 7.22 -10.81 0 0 0 0.83 0 1.11 0.56 0 -1.66 2-4disc.dat
 1 16 -16 7.22 -10.81 0 0 0 0.83 0 1.11 0.56 0 -1.66 2-4disc.dat
 1 16 16 7.22 -10.81 0 -32 0 0.83 0 1.11 0.56 0 -1.66 2-4cyli.dat
0
 1 16 16 2.54 -12.75 0 0 0 0.98 0 0.39 0.20 0 -1.96 2-4edge.dat
 1 16 -16 2.54 -12.75 0 0 0 0.98 0 0.39 0.20 0 -1.96 2-4edge.dat
 1 16 16 2.54 -12.75 0 0 0 0.98 0 0.39 0.20 0 -1.96 2-4disc.dat
 1 16 -16 2.54 -12.75 0 0 0 0.98 0 0.39 0.20 0 -1.96 2-4disc.dat
 1 16 16 2.54 -12.75 0 -32 0 0.98 0 0.39 0.20 0 -1.96 2-4cyli.dat
0
 1 16 16 -2.54 -12.75 0 0 0 0.98 0 -0.39 -0.20 0 -1.96 2-4edge.dat
 1 16 -16 -2.54 -12.75 0 0 0 0.98 0 -0.39 -0.20 0 -1.96 2-4edge.dat
 1 16 16 -2.54 -12.75 0 0 0 0.98 0 -0.39 -0.20 0 -1.96 2-4disc.dat
 1 16 -16 -2.54 -12.75 0 0 0 0.98 0 -0.39 -0.20 0 -1.96 2-4disc.dat
 1 16 16 -2.54 -12.75 0 -32 0 0.98 0 -0.39 -0.20 0 -1.96 2-4cyli.dat
0
0
