0 Technic Engine Cylinder Head
0 Name: 2850.dat
0 Author: Jeff Boen
0 !LDRAW_ORG Part UPDATE 2004-04
0 !LICENSE Redistributable under CCAL version 2.0 : see CAreadme.txt

0 BFC CERTIFY CCW

0 !HISTORY 1998-03-23 [PTadmin] Official Update 1998-03
0 !HISTORY 1999-05-24 [PTadmin] Official Update 1999-04
0 !HISTORY 2004-06-23 [guyvivan] Made BFC Compliant, added missing lines and quads, Corrected error engine block, Corrected bad vertex sequence
0 !HISTORY 2004-11-06 [PTadmin] Official Update 2004-04
0 !HISTORY 2007-05-20 [PTadmin] Header formatted for Contributor Agreement
0 !HISTORY 2008-07-01 [PTadmin] Official Update 2008-01

0 BFC INVERTNEXT
1 16 0 0 0 0 0 -12 0 43 0 12 0 0 4-4cyli.dat
1 16 0 20 0 10.6066 0 -10.6066 0 4 0 10.6066 0 10.6066 1-4cyli.dat
1 16 0 20 0 -10.6066 0 10.6066 0 4 0 -10.6066 0 -10.6066 1-4cyli.dat
1 16 0 20 0 10.6066 0 -10.6066 0 4 0 10.6066 0 10.6066 1-4edge.dat
1 16 0 24 0 10.6066 0 -10.6066 0 4 0 10.6066 0 10.6066 1-4edge.dat
1 16 0 28 0 10.6066 0 -10.6066 0 4 0 10.6066 0 10.6066 1-4edge.dat
1 16 0 32 0 10.6066 0 -10.6066 0 4 0 10.6066 0 10.6066 1-4edge.dat
1 16 0 20 0 -10.6066 0 10.6066 0 4 0 -10.6066 0 -10.6066 1-4edge.dat
1 16 0 24 0 -10.6066 0 10.6066 0 4 0 -10.6066 0 -10.6066 1-4edge.dat
1 16 0 28 0 -10.6066 0 10.6066 0 4 0 -10.6066 0 -10.6066 1-4edge.dat
1 16 0 32 0 -10.6066 0 10.6066 0 4 0 -10.6066 0 -10.6066 1-4edge.dat
1 16 0 28 0 10.6066 0 -10.6066 0 4 0 10.6066 0 10.6066 1-4cyli.dat
1 16 0 28 0 -10.6066 0 10.6066 0 4 0 -10.6066 0 -10.6066 1-4cyli.dat
0 Engine block frame
0 Engine block surface
1 16 0 4 0 0 0 -15 0 1 0 15 0 0 4-4edge.dat
0 Engine block frame
0 Engine block surface
1 16 0 12 0 0 0 -15 0 1 0 15 0 0 4-4edge.dat
0 Heat sink merges to pegholes
4 16 -20 16 20 20 16 20 12.213 20 20 -12.213 20 20
0 Merger sink surface
4 16 0 20 15 0 20 20 12.213 20 20 5.745 20 13.86
4 16 0 20 20 0 20 15 -5.745 20 13.86 -12.213 20 20
3 16 12.213 20 20 10.605 20 10.605 5.745 20 13.86
3 16 -12.213 20 20 -5.745 20 13.86 -10.605 20 10.605
3 16 12.213 20 20 12.213 20 10.605 10.605 20 10.605
3 16 -12.213 20 10.605 -12.213 20 20 -10.605 20 10.605
3 16 10.605 20 10.605 12.213 20 10.605 10.605 24 10.605
3 16 -12.213 20 10.605 -10.605 20 10.605 -10.605 24 10.605
4 16 0 20 -15 0 20 -20 -12.213 20 -20 -5.745 20 -13.86
4 16 0 20 -20 0 20 -15 5.745 20 -13.86 12.213 20 -20
3 16 -12.213 20 -20 -10.605 20 -10.605 -5.745 20 -13.86
3 16 12.213 20 -20 5.745 20 -13.86 10.605 20 -10.605
3 16 -12.213 20 -20 -12.213 20 -10.605 -10.605 20 -10.605
3 16 12.213 20 -10.605 12.213 20 -20 10.605 20 -10.605
3 16 -10.605 20 -10.605 -12.213 20 -10.605 -10.605 24 -10.605
3 16 12.213 20 -10.605 10.605 20 -10.605 10.605 24 -10.605
4 16 0 32 15 0 32 20 -12.213 32 20 -5.745 32 13.86
4 16 0 32 20 0 32 15 5.745 32 13.86 12.213 32 20
3 16 -12.213 32 20 -10.605 32 10.605 -5.745 32 13.86
3 16 12.213 32 20 5.745 32 13.86 10.605 32 10.605
3 16 -12.213 32 20 -12.213 32 10.605 -10.605 32 10.605
3 16 12.213 32 10.605 12.213 32 20 10.605 32 10.605
3 16 -10.605 32 10.605 -12.213 32 10.605 -10.605 28 10.605
3 16 12.213 32 10.605 10.605 32 10.605 10.605 28 10.605
4 16 0 32 -15 0 32 -20 12.213 32 -20 5.745 32 -13.86
4 16 0 32 -20 0 32 -15 -5.745 32 -13.86 -12.213 32 -20
3 16 12.213 32 -20 10.605 32 -10.605 5.745 32 -13.86
3 16 -12.213 32 -20 -5.745 32 -13.86 -10.605 32 -10.605
3 16 12.213 32 -20 12.213 32 -10.605 10.605 32 -10.605
3 16 -12.213 32 -10.605 -12.213 32 -20 -10.605 32 -10.605
3 16 10.605 32 -10.605 12.213 32 -10.605 10.605 28 -10.605
3 16 -12.213 32 -10.605 -10.605 32 -10.605 -10.605 28 -10.605
2 24 12.213 20 10.605 12.213 20 20
2 24 -12.213 20 10.605 -12.213 20 20
2 24 -12.213 20 -10.605 -12.213 20 -20
2 24 12.213 20 -10.605 12.213 20 -20
2 24 12.213 32 10.605 12.213 32 20
2 24 -12.213 32 10.605 -12.213 32 20
2 24 -12.213 32 -10.605 -12.213 32 -20
2 24 12.213 32 -10.605 12.213 32 -20
2 24 12.213 20 10.605 10.605 20 10.605
2 24 -12.213 20 10.605 -10.605 20 10.605
2 24 -12.213 20 -10.605 -10.605 20 -10.605
2 24 12.213 20 -10.605 10.605 20 -10.605
2 24 12.213 32 10.605 10.605 32 10.605
2 24 -12.213 32 10.605 -10.605 32 10.605
2 24 -12.213 32 -10.605 -10.605 32 -10.605
2 24 12.213 32 -10.605 10.605 32 -10.605
2 24 10.605 32 -10.605 10.605 28 -10.605
2 24 -10.605 32 -10.605 -10.605 28 -10.605
2 24 -10.605 32 10.605 -10.605 28 10.605
2 24 10.605 32 10.605 10.605 28 10.605
2 24 10.605 24 -10.605 10.605 20 -10.605
2 24 -10.605 24 -10.605 -10.605 20 -10.605
2 24 -10.605 24 10.605 -10.605 20 10.605
2 24 10.605 24 10.605 10.605 20 10.605
2 24 -20 16 20 20 16 20
2 24 -20 16 -20 0 16 -20
2 24 -12.213 20 20 12.213 20 20
0 Heat sink between pegholes
4 16 10.397 24 20 10.397 28 20 -10.397 28 20 -10.397 24 20
4 16 0 24 20 -10.397 24 20 -10.397 24 10.605 0 24 15
4 16 -10.397 28 20 0 28 20 0 28 15 -10.397 28 10.605
2 24 -10.397 24 20 10.397 24 20
2 24 -10.397 28 20 10.397 28 20
4 16 -10.397 24 -20 0 24 -20 0 24 -15 -10.397 24 -10.605
4 16 0 28 -20 -10.397 28 -20 -10.397 28 -10.605 0 28 -15
0 Heat sink merges to pegholes
4 16 -20 36 -20 20 36 -20 12.213 32 -20 -12.213 32 -20
4 16 20 36 20 -20 36 20 -12.213 32 20 12.213 32 20
0 Merger sink surface
2 24 -12.213 32 20 12.213 32 20
0 Peghole cylinders on the side
0 BFC INVERTNEXT
1 16 -20 26 2 6 0 0 0 0 -6 0 16 0 4-4cyli.dat
0 BFC INVERTNEXT
1 16 -20 26 -18 6 0 0 0 0 -6 0 16 0 4-4cyli.dat
0 Center gap 1/2 cylinder
4 16 -20 19 2 -20 19 -2 -20 16 -2 -20 16 2
4 16 -20 36 2 -20 36 -2 -20 33 -2 -20 33 2
0 BFC INVERTNEXT
1 16 -20 26 2 0 0 7 -7 0 0 0 -4 0 2-4cyli.dat
0 edges of gap
2 24 -20 16 2 -20 16 -2
2 24 -20 19 2 -20 19 -2
2 24 -20 16 2 -20 19 2
2 24 -20 16 -2 -20 19 -2
2 24 -20 33 2 -20 33 -2
2 24 -20 33 2 -20 36 2
2 24 -20 33 -2 -20 36 -2
0 Pegholes
1 16 -20 26 20 1 0 0 0 0 1 0 -1 0 peghole.dat
1 16 -20 26 -20 1 0 0 0 0 -1 0 1 0 peghole.dat
1 16 -20 26 -20 -2 0 0 0 0 2 0 1 0 ring4.dat
1 16 -20 26 -20 -10 0 0 0 0 10 0 1 0 1-4ndis.dat
0 Peghole outer curves
1 16 -20 26 20 -10 0 0 0 0 -10 0 -18 0 1-4cyli.dat
1 16 -20 26 -2 -10 0 0 0 0 -10 0 -18 0 1-4cyli.dat
1 16 -20 26 20 0 0 10 -10 0 0 0 -10 0 2-4cyli.dat
1 16 -20 26 -10 0 0 10 -10 0 0 0 -10 0 2-4cyli.dat
0 Peghole endcaps
0 Upper outer
1 16 -20 26 20 10 0 0 0 0 10 0 -1 0 4-4edge.dat
1 16 -20 26 10.605 7.07107 0 7.07107 -7.07107 0 7.07107 0 -1 0 1-4edge.dat
1 16 -20 26 -10.605 7.07107 0 7.07107 -7.07107 0 7.07107 0 -1 0 1-4edge.dat
1 16 20 26 -10.605 -7.07107 0 -7.07107 -7.07107 0 7.07107 0 1 0 1-4edge.dat
1 16 20 26 10.605 -7.07107 0 -7.07107 -7.07107 0 7.07107 0 1 0 1-4edge.dat
0 Upper inner
1 16 -20 26 2 -10 0 0 0 0 -10 0 -1 0 1-4edge.dat
1 16 -20 26 2 -6 0 0 0 0 -6 0 -1 0 4-4edge.dat
1 16 -20 26 2 0 0 7 -7 0 0 0 -4 0 2-4edge.dat
0 Lower inner
1 16 -20 26 -2 -10 0 0 0 0 -10 0 -1 0 1-4edge.dat
1 16 -20 26 -2 -6 0 0 0 0 -6 0 -1 0 4-4edge.dat
1 16 -20 26 -2 0 0 7 -7 0 0 0 -4 0 2-4edge.dat
0 Lower outer
4 16 -20 40 -20 -20 36 -20 -30 36 -20 -30 40 -20
4 16 20 36 -20 20 40 -20 30 40 -20 30 36 -20
4 16 20 40 20 20 36 20 30 36 20 30 40 20
4 16 -20 36 20 -20 40 20 -30 40 20 -30 36 20
1 16 -20 26 -20 10 0 0 0 0 10 0 -1 0 4-4edge.dat
0 Peghole outer flat surfaces
4 16 -30 36 20 -30 36 2 -30 26 2 -30 26 20
4 16 -30 40 20 -30 40 16 -30 36 16 -30 36 20
4 16 -30 36 -2 -30 36 -20 -30 26 -20 -30 26 -2
4 16 -30 40 -16 -30 40 -20 -30 36 -20 -30 36 -16
2 24 -30 26 20 -30 40 20
2 24 -30 26 2 -30 36 2
2 24 -30 26 -20 -30 40 -20
2 24 -30 26 -2 -30 36 -2
0 Peghole bottom surfaces
4 16 -30 40 20 -20 40 20 -20 40 16 -30 40 16
4 16 -30 40 16 -20 40 16 -20 36 16 -30 36 16
4 16 -30 36 16 -20 36 16 -20 36 2 -30 36 2
4 16 -30 36 -2 -20 36 -2 -20 36 -16 -30 36 -16
4 16 -30 36 -16 -20 36 -16 -20 40 -16 -30 40 -16
4 16 -30 40 -16 -20 40 -16 -20 40 -20 -30 40 -20
4 16 30 40 16 20 40 16 20 40 20 30 40 20
2 24 -20 40 20 -30 40 20
2 24 -30 40 20 -30 40 16
2 24 -30 40 16 -20 40 16
2 24 -30 36 16 -30 36 2
2 24 -20 36 16 -20 36 2
2 24 -30 36 2 -20 36 2
2 24 -20 36 16 -20 40 16
2 24 -30 36 16 -30 40 16
2 24 -20 40 -20 -30 40 -20
2 24 -30 40 -20 -30 40 -16
2 24 -30 40 -16 -20 40 -16
2 24 -30 36 -16 -30 36 -2
2 24 -20 36 -16 -20 36 -2
2 24 -30 36 -2 -20 36 -2
2 24 -20 36 -16 -20 40 -16
2 24 -30 36 -16 -30 40 -16
0 Block side surfaces
4 16 0 44 20 0 45 20 -3.41 45.35 20 -3.41 44 20
4 16 0 45 16 0 36 16 -3.41 36 16 -3.41 45.35 16
4 16 -3.41 44 20 -3.41 45.35 20 -6.79 46.37 20 -6.79 44 20
4 16 -3.41 45.35 16 -3.41 36 16 -6.79 36 16 -6.79 46.37 16
4 16 -6.79 44 20 -6.79 46.37 20 -9.9 48 20 -9.9 44 20
4 16 -6.79 46.37 16 -6.79 36 16 -9.9 36 16 -9.9 48 16
4 16 -9.9 44 20 -9.9 48 20 -16 48 20 -16 44 20
4 16 -9.9 48 16 -9.9 36 16 -16 36 16 -16 48 16
4 16 -20 36 20 -16 36 20 -16 48 20 -20 48 20
4 16 -20 36 20 -20 48 20 -20 48 10 -20 36 10
4 16 -16 48 16 -16 36 16 -16 36 10 -16 48 10
4 16 -20 36 10 -20 48 10 -20 46.37 6.89 -20 36 6.89
4 16 -16 48 10 -16 36 10 -16 36 6.89 -16 46.37 6.89
4 16 -20 36 6.89 -20 46.37 6.89 -20 45.35 3.51 -20 36 3.51
4 16 -16 46.37 6.89 -16 36 6.89 -16 36 3.51 -16 45.35 3.51
4 16 -20 36 3.51 -20 45.35 3.51 -20 45 0 -20 36 0
4 16 -16 45.35 3.51 -16 36 3.51 -16 36 0 -16 45 0
4 16 -20 36 0 -20 45 0 -20 45.35 -3.51 -20 36 -3.51
4 16 -16 45 0 -16 36 0 -16 36 -3.51 -16 45.35 -3.51
4 16 -20 36 -3.51 -20 45.35 -3.51 -20 46.37 -6.89 -20 36 -6.89
4 16 -16 45.35 -3.51 -16 36 -3.51 -16 36 -6.89 -16 46.37 -6.89
4 16 -20 36 -6.89 -20 46.37 -6.89 -20 48 -10 -20 36 -10
4 16 -16 46.37 -6.89 -16 36 -6.89 -16 36 -10 -16 48 -10
4 16 -16 36 -16 -16 48 -16 -16 48 -10 -16 36 -10
4 16 -20 48 -20 -20 36 -20 -20 36 -10 -20 48 -10
4 16 -16 36 -20 -20 36 -20 -20 48 -20 -16 48 -20
4 16 -9.9 36 -16 -9.9 48 -16 -16 48 -16 -16 36 -16
4 16 -6.79 46.37 -20 -6.79 44 -20 -9.9 44 -20 -9.9 48 -20
4 16 -6.79 36 -16 -6.79 46.37 -16 -9.9 48 -16 -9.9 36 -16
4 16 -3.41 45.35 -20 -3.41 44 -20 -6.79 44 -20 -6.79 46.37 -20
4 16 -3.41 36 -16 -3.41 45.35 -16 -6.79 46.37 -16 -6.79 36 -16
4 16 0 45 -20 0 44 -20 -3.41 44 -20 -3.41 45.35 -20
4 16 0 36 -16 0 45 -16 -3.41 45.35 -16 -3.41 36 -16
2 24 -20 40 20 -20 48 20
2 24 -20 40 -20 -20 48 -20
0 Lego Group Inset
0 BFC INVERTNEXT
1 16 0 40 20 16 0 0 0 0 4 0 -0.5 0 box5.dat
0 Engine block bottom surfaces
0 Blocks around bottom of Main Cylinder
4 16 -2 36 16 -2 43 16 -2 43 14.6 -2 36 14.6
4 16 -16 43 2 -14.6 43 2 -14.6 43 -2 -16 43 -2
4 16 -16 43 2 -16 36 2 -14.6 36 2 -14.6 43 2
4 16 -16 36 -2 -16 43 -2 -14.6 43 -2 -14.6 36 -2
4 16 -2 43 -16 -2 36 -16 -2 36 -14.6 -2 43 -14.6
0 Edges of bottom blocks and corners
2 24 -2 43 16 -2 43 14.6
2 24 -2 36 16 -2 36 14.6
2 24 -2 43 16 -2 36 16
2 24 -2 43 14.6 -2 36 14.6
2 24 -2 36 16 -16 36 16
2 24 -16 36 16 -16 36 2
2 24 -16 43 2 -14.6 43 2
2 24 -16 36 2 -14.6 36 2
2 24 -16 43 -2 -14.6 43 -2
2 24 -16 36 -2 -14.6 36 -2
2 24 -16 43 2 -16 36 2
2 24 -14.6 43 2 -14.6 36 2
2 24 -16 43 -2 -16 36 -2
2 24 -14.6 43 -2 -14.6 36 -2
2 24 -2 36 -16 -16 36 -16
2 24 -16 36 -16 -16 36 -2
2 24 -2 43 -16 -2 43 -14.6
2 24 -2 36 -16 -2 36 -14.6
2 24 -2 43 -16 -2 36 -16
2 24 -2 43 -14.6 -2 36 -14.6
0 Bottom arcs and corners
4 16 -20 48 20 -10 48 20 -10 48 16 -16 48 16
4 16 -16 48 10 -16 46.37 6.89 -20 46.37 6.89 -20 48 10
4 16 -16 46.37 6.89 -16 45.35 3.51 -20 45.35 3.51 -20 46.37 6.89
4 16 -16 45.35 3.51 -16 45 0 -20 45 0 -20 45.35 3.51
4 16 -16 45 0 -16 45.35 -3.51 -20 45.35 -3.51 -20 45 0
4 16 -16 45.35 -3.51 -16 46.37 -6.89 -20 46.37 -6.89 -20 45.35 -3.51
4 16 -16 46.37 -6.89 -16 48 -10 -20 48 -10 -20 46.37 -6.89
4 16 -20 48 -20 -20 48 -10 -16 48 -10 -16 48 -16
0 Edges of bottom
2 24 -3.41 45.35 16 0 45 16
2 24 0 45 20 -3.41 45.35 20
2 24 -6.79 46.37 16 -3.41 45.35 16
2 24 -3.41 45.35 20 -6.79 46.37 20
2 24 -9.9 48 16 -6.79 46.37 16
2 24 -6.79 46.37 20 -9.9 48 20
2 24 -20 48 20 -10 48 20
2 24 -10 48 16 -16 48 16
2 24 -20 48 20 -20 48 10
2 24 -16 48 10 -16 48 16
2 24 -16 48 10 -16 46.37 6.89
2 24 -20 46.37 6.89 -20 48 10
2 24 -16 46.37 6.89 -16 45.35 3.51
2 24 -20 45.35 3.51 -20 46.37 6.89
2 24 -16 45.35 3.51 -16 45 0
2 24 -20 45 0 -20 45.35 3.51
2 24 -16 45 0 -16 45.35 -3.51
2 24 -20 45.35 -3.51 -20 45 0
2 24 -16 45.35 -3.51 -16 46.37 -6.89
2 24 -20 46.37 -6.89 -20 45.35 -3.51
2 24 -16 46.37 -6.89 -16 48 -10
2 24 -20 48 -10 -20 46.37 -6.89
2 24 -3.41 45.35 -16 0 45 -16
2 24 0 45 -20 -3.41 45.35 -20
2 24 -6.79 46.37 -16 -3.41 45.35 -16
2 24 -3.41 45.35 -20 -6.79 46.37 -20
2 24 -9.9 48 -16 -6.79 46.37 -16
2 24 -6.79 46.37 -20 -9.9 48 -20
2 24 -20 48 -20 -10 48 -20
2 24 -10 48 -16 -16 48 -16
2 24 -20 48 -20 -20 48 -10
2 24 -16 48 -10 -16 48 -16
0 Edges around cylinder bottom
2 24 -2 43 14.6 -5.74 43 13.85
2 24 -5.74 43 13.85 -10.6 43 10.6
2 24 -10.6 43 10.6 -13.85 43 5.74
2 24 -13.85 43 5.74 -14.6 43 2
2 24 -14.6 43 -2 -13.85 43 -5.74
2 24 -13.85 43 -5.74 -10.6 43 -10.6
2 24 -10.6 43 -10.6 -5.74 43 -13.85
2 24 -5.74 43 -13.85 -2 43 -14.6
0 Main Cylinder
1 16 0 4 0 0 0 15 0 4 0 -15 0 0 4-4cyli.dat
1 16 0 0 0 0 0 20 0 4 0 -20 0 0 box4.dat
1 16 0 0 0 0 0 6 0 1 0 -6 0 0 ring2.dat
1 16 0 0 0 0 0 2 0 1 0 -2 0 0 4-4ring9.dat
1 16 0 0 0 0 0 20 0 1 0 -20 0 0 4-4ndis.dat
1 16 0 4 0 0 0 5 0 -1 0 -5 0 0 ring3.dat
1 16 0 4 0 0 0 20 0 -1 0 -20 0 0 4-4ndis.dat
1 16 0 8 0 0 0 5 0 1 0 -5 0 0 ring3.dat
1 16 0 8 0 0 0 20 0 1 0 -20 0 0 4-4ndis.dat
1 16 0 12 0 0 0 5 0 -1 0 -5 0 0 ring3.dat
1 16 0 12 0 0 0 20 0 -1 0 -20 0 0 4-4ndis.dat
1 16 0 16 0 0 0 5 0 1 0 -5 0 0 ring3.dat
1 16 0 16 0 0 0 20 0 1 0 -20 0 0 4-4ndis.dat
1 16 0 8 0 0 0 20 0 4 0 -20 0 0 box4.dat
1 16 0 12 0 0 0 15 0 4 0 -15 0 0 4-4cyli.dat
1 16 0 36 0 0 0 15 0 7 0 -15 0 0 4-4cyli.dat
1 16 0 36 0 0 0 15 0 7 0 -15 0 0 4-4edge.dat
1 16 0 0 0 0 0 12 0 1 0 -12 0 0 4-4edge.dat
1 16 0 43 0 0 0 12 0 1 0 -12 0 0 4-4edge.dat
1 16 0 43 0 0 0 3 0 -1 0 -3 0 0 ring4.dat
1 16 0 36 0 0 0 16 0 -1 0 -16 0 0 4-4ndis.dat
1 16 0 36 0 0 0 1 0 -1 0 -1 0 0 4-4rin15.dat
0 Engine block frame
0 Engine block surface
1 16 0 8 0 0 0 15 0 1 0 -15 0 0 4-4edge.dat
0 Heat sink merges to pegholes
4 16 20 16 -20 -20 16 -20 -12.213 20 -20 12.213 20 -20
0 Merger sink surface
1 16 0 16 0 0 0 15 0 1 0 -15 0 0 4-4edge.dat
2 24 20 16 -20 0 16 -20
2 24 12.213 20 -20 -12.213 20 -20
0 Heat sink between pegholes
4 16 -10.397 24 -20 -10.397 28 -20 10.397 28 -20 10.397 24 -20
4 16 0 24 -20 10.397 24 -20 10.397 24 -10.605 0 24 -15
4 16 10.397 28 -20 0 28 -20 0 28 -15 10.397 28 -10.605
2 24 10.397 24 -20 10.397 24 -10.397
2 24 -10.397 24 -20 -10.397 24 -10.397
2 24 -10.397 24 20 -10.397 24 10.397
2 24 10.397 24 20 10.397 24 10.397
2 24 10.397 28 -20 10.397 28 -10.397
2 24 -10.397 28 -20 -10.397 28 -10.397
2 24 -10.397 28 20 -10.397 28 10.397
2 24 10.397 28 20 10.397 28 10.397
2 24 10.397 24 -20 -10.397 24 -20
2 24 10.397 28 -20 -10.397 28 -20
4 16 10.397 24 20 0 24 20 0 24 15 10.397 24 10.605
4 16 0 28 20 10.397 28 20 10.397 28 10.605 0 28 15
0 Bottom heat sink
0 Heat sink merges to pegholes
0 Merger sink surface
2 24 12.213 32 -20 -12.213 32 -20
0 Peghole cylinders on the side
0 BFC INVERTNEXT
1 16 20 26 -2 -6 0 0 0 0 -6 0 -16 0 4-4cyli.dat
0 BFC INVERTNEXT
1 16 20 26 18 -6 0 0 0 0 -6 0 -16 0 4-4cyli.dat
0 Center gap 1/2 cylinder
4 16 20 19 -2 20 19 2 20 16 2 20 16 -2
4 16 20 36 -2 20 36 2 20 33 2 20 33 -2
0 BFC INVERTNEXT
1 16 20 26 -2 0 0 -7 -7 0 0 0 4 0 2-4cyli.dat
0 edges of gap
2 24 20 16 -2 20 16 2
2 24 20 19 -2 20 19 2
2 24 20 16 -2 20 19 -2
2 24 20 16 2 20 19 2
2 24 20 33 -2 20 33 2
2 24 20 33 -2 20 36 -2
2 24 20 33 2 20 36 2
0 Pegholes
1 16 20 26 -20 -1 0 0 0 0 1 0 1 0 peghole.dat
1 16 20 26 -20 -2 0 0 0 0 2 0 1 0 ring4.dat
1 16 20 26 20 2 0 0 0 0 2 0 -1 0 ring4.dat
1 16 20 26 -2 0 0 3 -3 0 0 0 -1 0 1-4ring2.dat
1 16 20 26 -2 0 0 -1 1 0 0 0 -1 0 2-4ring6.dat
1 16 20 26 2 0 0 -1 1 0 0 0 1 0 2-4ring6.dat
1 16 -20 26 2 0 0 1 1 0 0 0 1 0 2-4ring6.dat
1 16 -20 26 -2 0 0 1 1 0 0 0 -1 0 2-4ring6.dat
1 16 20 26 -2 0 0 1 -1 0 0 0 -1 0 1-4ring9.dat
1 16 20 26 2 0 0 3 -3 0 0 0 1 0 1-4ring2.dat
1 16 20 26 2 0 0 1 -1 0 0 0 1 0 1-4ring9.dat
1 16 -20 26 2 0 0 -3 -3 0 0 0 1 0 1-4ring2.dat
1 16 -20 26 2 0 0 -1 -1 0 0 0 1 0 1-4ring9.dat
1 16 -20 26 -2 0 0 -3 -3 0 0 0 -1 0 1-4ring2.dat
1 16 -20 26 -2 0 0 -1 -1 0 0 0 -1 0 1-4ring9.dat
1 16 -20 26 20 2 0 0 0 0 2 0 -1 0 ring4.dat
1 16 20 26 -20 0 0 10 10 0 0 0 1 0 1-4ndis.dat
1 16 20 26 20 10 0 0 0 0 10 0 -1 0 1-4ndis.dat
1 16 -20 26 20 0 0 -10 10 0 0 0 -1 0 1-4ndis.dat
1 16 20 26 20 -1 0 0 0 0 -1 0 -1 0 peghole.dat
0 Peghole outer curves
1 16 20 26 -20 10 0 0 0 0 -10 0 18 0 1-4cyli.dat
1 16 20 26 2 10 0 0 0 0 -10 0 18 0 1-4cyli.dat
1 16 20 26 -20 0 0 -10 -10 0 0 0 10 0 2-4cyli.dat
1 16 20 26 10 0 0 -10 -10 0 0 0 10 0 2-4cyli.dat
0 Peghole endcaps
0 Upper outer
1 16 20 26 -20 -10 0 0 0 0 10 0 1 0 4-4edge.dat
0 Upper inner
4 16 20 36 -2 20 32 -2 26 32 -2 26 36 -2
4 16 20 32 2 20 36 2 26 36 2 26 32 2
4 16 30 26 -2 30 36 -2 26 36 -2 26 26 -2
4 16 26 26 2 26 36 2 30 36 2 30 26 2
4 16 -20 36 2 -20 32 2 -26 32 2 -26 36 2
4 16 -20 32 -2 -20 36 -2 -26 36 -2 -26 32 -2
4 16 -30 26 2 -30 36 2 -26 36 2 -26 26 2
4 16 -26 26 -2 -26 36 -2 -30 36 -2 -30 26 -2
1 16 20 26 -2 10 0 0 0 0 -10 0 1 0 1-4edge.dat
1 16 20 26 -2 6 0 0 0 0 -6 0 1 0 4-4edge.dat
1 16 20 26 -2 0 0 6 6 0 0 0 -1 0 1-4ndis.dat
1 16 20 26 2 0 0 6 6 0 0 0 1 0 1-4ndis.dat
1 16 -20 26 2 0 0 -6 6 0 0 0 1 0 1-4ndis.dat
1 16 -20 26 -2 0 0 -6 6 0 0 0 -1 0 1-4ndis.dat
1 16 20 26 -2 0 0 -7 -7 0 0 0 4 0 2-4edge.dat
0 Lower inner
1 16 20 26 2 10 0 0 0 0 -10 0 1 0 1-4edge.dat
1 16 20 26 2 6 0 0 0 0 -6 0 1 0 4-4edge.dat
1 16 20 26 2 0 0 -7 -7 0 0 0 4 0 2-4edge.dat
0 Lower outer
1 16 20 26 20 -10 0 0 0 0 10 0 1 0 4-4edge.dat
0 Peghole outer flat surfaces
4 16 30 36 -20 30 36 -2 30 26 -2 30 26 -20
4 16 30 40 -20 30 40 -16 30 36 -16 30 36 -20
4 16 30 36 2 30 36 20 30 26 20 30 26 2
4 16 30 40 16 30 40 20 30 36 20 30 36 16
2 24 30 26 -20 30 40 -20
2 24 30 26 -2 30 36 -2
2 24 30 26 20 30 40 20
2 24 30 26 2 30 36 2
0 Peghole bottom surfaces
4 16 30 40 -20 20 40 -20 20 40 -16 30 40 -16
2 24 20 40 -16 20 40 -20
2 24 20 40 16 20 40 20
2 24 -20 40 16 -20 40 20
2 24 -20 40 -16 -20 40 -20
4 16 30 40 -16 20 40 -16 20 36 -16 30 36 -16
4 16 30 36 -16 20 36 -16 20 36 -2 30 36 -2
2 24 30 36 -16 20 36 -16
2 24 30 36 16 20 36 16
2 24 -30 36 16 -20 36 16
2 24 -30 36 -16 -20 36 -16
4 16 30 36 2 20 36 2 20 36 16 30 36 16
4 16 30 36 16 20 36 16 20 40 16 30 40 16
2 24 20 40 -20 30 40 -20
2 24 30 40 -20 30 40 -16
2 24 30 40 -16 20 40 -16
2 24 30 36 -16 30 36 -2
2 24 20 36 -16 20 36 -2
2 24 30 36 -2 20 36 -2
2 24 20 36 -16 20 40 -16
2 24 30 36 -16 30 40 -16
2 24 20 40 20 30 40 20
2 24 30 40 20 30 40 16
2 24 30 40 16 20 40 16
2 24 30 36 16 30 36 2
2 24 20 36 16 20 36 2
2 24 30 36 2 20 36 2
2 24 20 36 16 20 40 16
2 24 30 36 16 30 40 16
0 Block side surfaces
4 16 0 44 -20 0 45 -20 3.41 45.35 -20 3.41 44 -20
4 16 0 45 -16 0 36 -16 3.41 36 -16 3.41 45.35 -16
4 16 3.41 44 -20 3.41 45.35 -20 6.79 46.37 -20 6.79 44 -20
4 16 3.41 45.35 -16 3.41 36 -16 6.79 36 -16 6.79 46.37 -16
4 16 6.79 44 -20 6.79 46.37 -20 9.9 48 -20 9.9 44 -20
4 16 6.79 46.37 -16 6.79 36 -16 9.9 36 -16 9.9 48 -16
4 16 9.9 44 -20 9.9 48 -20 16 48 -20 16 44 -20
4 16 -16 44 -20 -16 48 -20 -9.9 48 -20 -9.9 44 -20
4 16 9.9 48 -16 9.9 36 -16 16 36 -16 16 48 -16
4 16 20 36 -20 16 36 -20 16 48 -20 20 48 -20
4 16 20 36 -20 20 48 -20 20 48 -10 20 36 -10
4 16 16 48 -16 16 36 -16 16 36 -10 16 48 -10
4 16 20 36 -10 20 48 -10 20 46.37 -6.89 20 36 -6.89
4 16 16 48 -10 16 36 -10 16 36 -6.89 16 46.37 -6.89
4 16 20 36 -6.89 20 46.37 -6.89 20 45.35 -3.51 20 36 -3.51
4 16 16 46.37 -6.89 16 36 -6.89 16 36 -3.51 16 45.35 -3.51
4 16 20 36 -3.51 20 45.35 -3.51 20 45 0 20 36 0
4 16 16 45.35 -3.51 16 36 -3.51 16 36 0 16 45 0
4 16 20 36 0 20 45 0 20 45.35 3.51 20 36 3.51
4 16 16 45 0 16 36 0 16 36 3.51 16 45.35 3.51
4 16 20 36 3.51 20 45.35 3.51 20 46.37 6.89 20 36 6.89
4 16 16 45.35 3.51 16 36 3.51 16 36 6.89 16 46.37 6.89
4 16 20 36 6.89 20 46.37 6.89 20 48 10 20 36 10
4 16 16 46.37 6.89 16 36 6.89 16 36 10 16 48 10
4 16 16 36 16 16 48 16 16 48 10 16 36 10
4 16 20 48 20 20 36 20 20 36 10 20 48 10
4 16 16 36 20 20 36 20 20 48 20 16 48 20
4 16 9.9 48 20 9.9 44 20 16 44 20 16 48 20
4 16 9.9 36 16 9.9 48 16 16 48 16 16 36 16
4 16 6.79 46.37 20 6.79 44 20 9.9 44 20 9.9 48 20
4 16 6.79 36 16 6.79 46.37 16 9.9 48 16 9.9 36 16
4 16 3.41 45.35 20 3.41 44 20 6.79 44 20 6.79 46.37 20
4 16 3.41 36 16 3.41 45.35 16 6.79 46.37 16 6.79 36 16
4 16 0 45 20 0 44 20 3.41 44 20 3.41 45.35 20
4 16 0 36 16 0 45 16 3.41 45.35 16 3.41 36 16
2 24 20 40 -20 20 48 -20
2 24 20 40 20 20 48 20
0 Lego Group Inset
0 BFC INVERTNEXT
1 16 0 40 -20 -16 0 0 0 0 4 0 0.5 0 box5.dat
0 Engine block bottom surfaces
0 Blocks around bottom of Main Cylinder
4 16 2 36 -16 2 43 -16 2 43 -14.6 2 36 -14.6
4 16 16 43 -2 14.6 43 -2 14.6 43 2 16 43 2
4 16 2 43 16 2 43 14.6 -2 43 14.6 -2 43 16
4 16 -2 43 -16 -2 43 -14.6 2 43 -14.6 2 43 -16
4 16 16 43 -2 16 36 -2 14.6 36 -2 14.6 43 -2
4 16 16 36 2 16 43 2 14.6 43 2 14.6 36 2
4 16 2 43 16 2 36 16 2 36 14.6 2 43 14.6
0 Edges of bottom blocks and corners
2 24 2 43 -16 2 43 -14.6
2 24 2 36 -16 2 36 -14.6
2 24 2 43 -16 2 36 -16
2 24 2 43 -14.6 2 36 -14.6
2 24 2 36 -16 16 36 -16
2 24 16 36 -16 16 36 -2
2 24 16 43 -2 14.6 43 -2
2 24 16 43 -2 16 43 2
2 24 2 43 16 -2 43 16
2 24 -16 43 2 -16 43 -2
2 24 -2 43 -16 2 43 -16
2 24 16 36 -2 14.6 36 -2
2 24 16 43 2 14.6 43 2
2 24 16 36 2 14.6 36 2
2 24 16 43 -2 16 36 -2
2 24 14.6 43 -2 14.6 36 -2
2 24 16 43 2 16 36 2
2 24 14.6 43 2 14.6 36 2
2 24 2 36 16 16 36 16
2 24 16 36 16 16 36 2
2 24 2 43 16 2 43 14.6
2 24 2 36 16 2 36 14.6
2 24 2 43 16 2 36 16
2 24 2 43 14.6 2 36 14.6
0 Bottom arcs and corners
4 16 20 48 -20 10 48 -20 10 48 -16 16 48 -16
2 24 10 48 -16 10 48 -20
2 24 -10 48 -16 -10 48 -20
2 24 16 48 10 20 48 10
2 24 16 48 -10 20 48 -10
2 24 -10 48 16 -10 48 20
2 24 10 48 16 10 48 20
2 24 -16 48 -10 -20 48 -10
2 24 -16 48 10 -20 48 10
4 16 20 48 -10 20 48 -20 16 48 -16 16 48 -10
4 16 10 48 20 20 48 20 16 48 16 10 48 16
4 16 -20 48 10 -20 48 20 -16 48 16 -16 48 10
4 16 -10 48 -20 -20 48 -20 -16 48 -16 -10 48 -16
4 16 16 48 -10 16 46.37 -6.89 20 46.37 -6.89 20 48 -10
4 16 16 46.37 -6.89 16 45.35 -3.51 20 45.35 -3.51 20 46.37 -6.89
4 16 16 45.35 -3.51 16 45 0 20 45 0 20 45.35 -3.51
4 16 16 45 0 16 45.35 3.51 20 45.35 3.51 20 45 0
4 16 16 45.35 3.51 16 46.37 6.89 20 46.37 6.89 20 45.35 3.51
4 16 16 46.37 6.89 16 48 10 20 48 10 20 46.37 6.89
4 16 10 48 16 6.89 46.37 16 6.89 46.37 20 10 48 20
4 16 6.89 46.37 16 3.51 45.35 16 3.51 45.35 20 6.89 46.37 20
4 16 3.51 45.35 16 0 45 16 0 45 20 3.51 45.35 20
4 16 0 45 16 -3.51 45.35 16 -3.51 45.35 20 0 45 20
4 16 -3.51 45.35 16 -6.89 46.37 16 -6.89 46.37 20 -3.51 45.35 20
4 16 -6.89 46.37 16 -10 48 16 -10 48 20 -6.89 46.37 20
4 16 -10 48 -16 -6.89 46.37 -16 -6.89 46.37 -20 -10 48 -20
4 16 -6.89 46.37 -16 -3.51 45.35 -16 -3.51 45.35 -20 -6.89 46.37 -20
4 16 -3.51 45.35 -16 0 45 -16 0 45 -20 -3.51 45.35 -20
4 16 0 45 -16 3.51 45.35 -16 3.51 45.35 -20 0 45 -20
4 16 3.51 45.35 -16 6.89 46.37 -16 6.89 46.37 -20 3.51 45.35 -20
4 16 6.89 46.37 -16 10 48 -16 10 48 -20 6.89 46.37 -20
5 24 0 45 -16 0 45 -20 3.51 45.35 -20 -3.51 45.35 -20
5 24 3.51 45.35 -16 3.51 45.35 -20 0 45 -20 6.89 46.37 -20
5 24 -3.51 45.35 -16 -3.51 45.35 -20 0 45 -20 -6.89 46.37 -20
5 24 6.89 46.37 -16 6.89 46.37 -20 3.51 45.35 -20 10 48 -20
5 24 -6.89 46.37 -16 -6.89 46.37 -20 -3.51 45.35 -20 -10 48 -20
5 24 16 45 0 20 45 0 20 45.35 3.51 20 45.35 -3.51
5 24 16 45.35 3.51 20 45.35 3.51 20 45 0 20 46.37 6.89
5 24 16 45.35 -3.51 20 45.35 -3.51 20 45 0 20 46.37 -6.89
5 24 16 46.37 6.89 20 46.37 6.89 20 45.35 3.51 20 48 10
5 24 16 46.37 -6.89 20 46.37 -6.89 20 45.35 -3.51 20 48 -10
5 24 0 45 16 0 45 20 -3.51 45.35 20 3.51 45.35 20
5 24 -3.51 45.35 16 -3.51 45.35 20 0 45 20 -6.89 46.37 20
5 24 3.51 45.35 16 3.51 45.35 20 0 45 20 6.89 46.37 20
5 24 -6.89 46.37 16 -6.89 46.37 20 -3.51 45.35 20 -10 48 20
5 24 6.89 46.37 16 6.89 46.37 20 3.51 45.35 20 10 48 20
5 24 -16 45 0 -20 45 0 -20 45.35 -3.51 -20 45.35 3.51
5 24 -16 45.35 -3.51 -20 45.35 -3.51 -20 45 0 -20 46.37 -6.89
5 24 -16 45.35 3.51 -20 45.35 3.51 -20 45 0 -20 46.37 6.89
5 24 -16 46.37 -6.89 -20 46.37 -6.89 -20 45.35 -3.51 -20 48 -10
5 24 -16 46.37 6.89 -20 46.37 6.89 -20 45.35 3.51 -20 48 10
4 16 20 48 20 20 48 10 16 48 10 16 48 16
0 Edges of bottom
2 24 3.41 45.35 -16 0 45 -16
2 24 0 45 -20 3.41 45.35 -20
2 24 6.79 46.37 -16 3.41 45.35 -16
2 24 3.41 45.35 -20 6.79 46.37 -20
2 24 9.9 48 -16 6.79 46.37 -16
2 24 6.79 46.37 -20 9.9 48 -20
2 24 20 48 -20 10 48 -20
2 24 10 48 -16 16 48 -16
2 24 20 48 -20 20 48 -10
2 24 16 48 -10 16 48 -16
2 24 16 36 -16 16 48 -16
2 24 16 36 16 16 48 16
2 24 -16 36 -16 -16 48 -16
2 24 -16 36 16 -16 48 16
2 24 16 48 -10 16 46.37 -6.89
2 24 20 46.37 -6.89 20 48 -10
2 24 16 46.37 -6.89 16 45.35 -3.51
2 24 20 45.35 -3.51 20 46.37 -6.89
2 24 16 45.35 -3.51 16 45 0
2 24 20 45 0 20 45.35 -3.51
2 24 16 45 0 16 45.35 3.51
2 24 20 45.35 3.51 20 45 0
2 24 16 45.35 3.51 16 46.37 6.89
2 24 20 46.37 6.89 20 45.35 3.51
2 24 16 46.37 6.89 16 48 10
2 24 20 48 10 20 46.37 6.89
2 24 3.41 45.35 16 0 45 16
2 24 0 45 20 3.41 45.35 20
2 24 6.79 46.37 16 3.41 45.35 16
2 24 3.41 45.35 20 6.79 46.37 20
2 24 9.9 48 16 6.79 46.37 16
2 24 6.79 46.37 20 9.9 48 20
2 24 20 48 20 10 48 20
2 24 10 48 16 16 48 16
2 24 20 48 20 20 48 10
2 24 16 48 10 16 48 16
0 Edges around cylinder bottom
2 24 2 43 -14.6 5.74 43 -13.85
2 24 5.74 43 -13.85 10.6 43 -10.6
2 24 10.6 43 -10.6 13.85 43 -5.74
2 24 13.85 43 -5.74 14.6 43 -2
2 24 14.6 43 2 13.85 43 5.74
2 24 13.85 43 5.74 10.6 43 10.6
2 24 10.6 43 10.6 5.74 43 13.85
2 24 5.74 43 13.85 2 43 14.6
0 Stud 1
4 16 10.15 0 6 11.33 0 4.24 11.33 -4 4.24 10.15 -4 6
4 16 6.05 -4 10.15 4.27 -4 11.3 4.27 0 11.3 6.05 0 10.15
4 16 11.33 0 4.24 12.3 0 4.46 12.3 -4 4.46 11.33 -4 4.24
4 16 4.27 -4 11.3 4.46 -4 12.3 4.46 0 12.3 4.27 0 11.3
5 24 12.3 0 4.46 12.3 -4 4.46 11.33 -4 4.24 14.24 -4 5.76
5 24 4.46 0 12.3 4.46 -4 12.3 5.76 -4 14.24 4.27 -4 11.3
4 16 10.15 0 6 10.15 -4 6 11.53 -4 6.3 11.53 0 6.3
4 16 6.3 -4 11.53 6.05 -4 10.15 6.05 0 10.15 6.3 0 11.53
1 16 10 -4 10 -1.84776 0 0.765367 0 1 0 0.765367 0 1.84776 2-4ring2.dat
1 16 10 -4 10 -1.53073 0 3.69552 0 -1 0 3.69552 0 1.53073 2-4edge.dat
0 BFC INVERTNEXT
1 16 10 0 10 -1.53073 0 3.69552 0 -4 0 3.69552 0 1.53073 2-4cyli.dat
0 BFC INVERTNEXT
1 16 10 0 10 -3.69552 0 1.53074 0 -4 0 1.53074 0 3.69552 1-8cyli.dat
1 16 10 -4 10 -2.2961 0 5.54328 0 -1 0 5.54328 0 2.2961 2-4edge.dat
1 16 10 0 10 -2.2961 0 5.54328 0 -4 0 5.54328 0 2.2961 2-4cyli.dat
1 16 10 0 10 -5.54328 0 2.2961 0 -4 0 2.2961 0 5.54328 1-8cyli.dat
1 16 10 0 10 -2.2961 0 5.54328 0 -1 0 5.54328 0 2.2961 2-4edge.dat
1 16 10 0 10 -5.54328 0 2.2961 0 -1 0 2.2961 0 5.54328 1-8edge.dat
1 16 10 -4 10 -5.54328 0 2.2961 0 -1 0 2.2961 0 5.54328 1-8edge.dat
1 16 10 -4 10 -3.69552 0 1.53073 0 -1 0 1.53073 0 3.69552 1-8edge.dat
1 16 10 0 10 -3.69552 0 1.53073 0 -1 0 1.53073 0 3.69552 1-8edge.dat
1 16 10 0 10 -1.53073 0 3.69552 0 -1 0 3.69552 0 1.53073 2-4edge.dat
1 16 10 -4 10 1.84776 0 -0.765367 0 1 0 -0.765367 0 -1.84776 1-8ring2.dat
4 16 11.33 -4 4.24 12.3 -4 4.46 11.53 -4 6.3 10.15 -4 6
4 16 4.46 -4 12.3 4.27 -4 11.3 6.05 -4 10.15 6.3 -4 11.53
2 24 11.33 -4 4.24 10.15 -4 6
2 24 11.33 -4 4.24 12.3 -4 4.46
2 24 4.46 -4 12.3 4.27 -4 11.3
2 24 4.27 -4 11.3 6.05 -4 10.15
2 24 10.15 -4 6 11.53 -4 6.3
2 24 6.3 -4 11.53 6.05 -4 10.15
2 24 11.33 0 4.24 10.15 0 6
2 24 11.33 0 4.24 12.3 0 4.46
2 24 4.46 0 12.3 4.27 0 11.3
2 24 4.27 0 11.3 6.05 0 10.15
2 24 10.15 0 6 11.53 0 6.3
2 24 6.3 0 11.53 6.05 0 10.15
2 24 11.33 -4 4.24 11.33 0 4.24
2 24 4.27 -4 11.3 4.27 0 11.3
2 24 10.15 -4 6 10.15 0 6
2 24 6.05 -4 10.15 6.05 0 10.15
0 Stud 2
4 16 -6 0 10.15 -4.24 0 11.33 -4.24 -4 11.33 -6 -4 10.15
4 16 -10.15 -4 6.05 -11.3 -4 4.27 -11.3 0 4.27 -10.15 0 6.05
4 16 -4.24 0 11.33 -4.46 0 12.3 -4.46 -4 12.3 -4.24 -4 11.33
4 16 -11.3 -4 4.27 -12.3 -4 4.46 -12.3 0 4.46 -11.3 0 4.27
5 24 -4.46 0 12.3 -4.46 -4 12.3 -4.24 -4 11.33 -5.76 -4 14.24
5 24 -12.3 0 4.46 -12.3 -4 4.46 -14.24 -4 5.76 -11.3 -4 4.27
4 16 -6 0 10.15 -6 -4 10.15 -6.3 -4 11.53 -6.3 0 11.53
4 16 -11.53 -4 6.3 -10.15 -4 6.05 -10.15 0 6.05 -11.53 0 6.3
1 16 -10 -4 10 -0.765367 0 -1.84776 0 1 0 -1.84776 0 0.765367 2-4ring2.dat
1 16 -10 -4 10 -3.69552 0 -1.53073 0 -1 0 -1.53073 0 3.69552 2-4edge.dat
0 BFC INVERTNEXT
1 16 -10 0 10 -3.69552 0 -1.53073 0 -4 0 -1.53073 0 3.69552 2-4cyli.dat
0 BFC INVERTNEXT
1 16 -10 0 10 -1.53074 0 -3.69552 0 -4 0 -3.69552 0 1.53074 1-8cyli.dat
1 16 -10 -4 10 -5.54328 0 -2.2961 0 -1 0 -2.2961 0 5.54328 2-4edge.dat
1 16 -10 0 10 -5.54328 0 -2.2961 0 -4 0 -2.2961 0 5.54328 2-4cyli.dat
1 16 -10 0 10 -2.2961 0 -5.54328 0 -4 0 -5.54328 0 2.2961 1-8cyli.dat
1 16 -10 0 10 -5.54328 0 -2.2961 0 -1 0 -2.2961 0 5.54328 2-4edge.dat
1 16 -10 0 10 -2.2961 0 -5.54328 0 -1 0 -5.54328 0 2.2961 1-8edge.dat
1 16 -10 -4 10 -2.2961 0 -5.54328 0 -1 0 -5.54328 0 2.2961 1-8edge.dat
1 16 -10 -4 10 -1.53073 0 -3.69552 0 -1 0 -3.69552 0 1.53073 1-8edge.dat
1 16 -10 0 10 -1.53073 0 -3.69552 0 -1 0 -3.69552 0 1.53073 1-8edge.dat
1 16 -10 0 10 -3.69552 0 -1.53073 0 -1 0 -1.53073 0 3.69552 2-4edge.dat
1 16 -10 -4 10 0.765367 0 1.84776 0 1 0 1.84776 0 -0.765367 1-8ring2.dat
4 16 -4.24 -4 11.33 -4.46 -4 12.3 -6.3 -4 11.53 -6 -4 10.15
4 16 -12.3 -4 4.46 -11.3 -4 4.27 -10.15 -4 6.05 -11.53 -4 6.3
2 24 -4.24 -4 11.33 -6 -4 10.15
2 24 -4.24 -4 11.33 -4.46 -4 12.3
2 24 -12.3 -4 4.46 -11.3 -4 4.27
2 24 -11.3 -4 4.27 -10.15 -4 6.05
2 24 -6 -4 10.15 -6.3 -4 11.53
2 24 -11.53 -4 6.3 -10.15 -4 6.05
2 24 -4.24 0 11.33 -6 0 10.15
2 24 -4.24 0 11.33 -4.46 0 12.3
2 24 -12.3 0 4.46 -11.3 0 4.27
2 24 -11.3 0 4.27 -10.15 0 6.05
2 24 -6 0 10.15 -6.3 0 11.53
2 24 -11.53 0 6.3 -10.15 0 6.05
2 24 -4.24 -4 11.33 -4.24 0 11.33
2 24 -11.3 -4 4.27 -11.3 0 4.27
2 24 -6 -4 10.15 -6 0 10.15
2 24 -10.15 -4 6.05 -10.15 0 6.05
0 Stud 3
4 16 -10.15 0 -6 -11.33 0 -4.24 -11.33 -4 -4.24 -10.15 -4 -6
4 16 -6.05 -4 -10.15 -4.27 -4 -11.3 -4.27 0 -11.3 -6.05 0 -10.15
4 16 -11.33 0 -4.24 -12.3 0 -4.46 -12.3 -4 -4.46 -11.33 -4 -4.24
4 16 -4.27 -4 -11.3 -4.46 -4 -12.3 -4.46 0 -12.3 -4.27 0 -11.3
5 24 -12.3 0 -4.46 -12.3 -4 -4.46 -11.33 -4 -4.24 -14.24 -4 -5.76
5 24 -4.46 0 -12.3 -4.46 -4 -12.3 -5.76 -4 -14.24 -4.27 -4 -11.3
4 16 -10.15 0 -6 -10.15 -4 -6 -11.53 -4 -6.3 -11.53 0 -6.3
4 16 -6.3 -4 -11.53 -6.05 -4 -10.15 -6.05 0 -10.15 -6.3 0 -11.53
1 16 -10 -4 -10 1.84776 0 -0.765367 0 1 0 -0.765367 0 -1.84776 2-4ring2.dat
1 16 -10 -4 -10 1.53073 0 -3.69552 0 -1 0 -3.69552 0 -1.53073 2-4edge.dat
0 BFC INVERTNEXT
1 16 -10 0 -10 1.53073 0 -3.69552 0 -4 0 -3.69552 0 -1.53073 2-4cyli.dat
0 BFC INVERTNEXT
1 16 -10 0 -10 3.69552 0 -1.53074 0 -4 0 -1.53074 0 -3.69552 1-8cyli.dat
1 16 -10 -4 -10 2.2961 0 -5.54328 0 -1 0 -5.54328 0 -2.2961 2-4edge.dat
1 16 -10 0 -10 2.2961 0 -5.54328 0 -4 0 -5.54328 0 -2.2961 2-4cyli.dat
1 16 -10 0 -10 5.54328 0 -2.2961 0 -4 0 -2.2961 0 -5.54328 1-8cyli.dat
1 16 -10 0 -10 2.2961 0 -5.54328 0 -1 0 -5.54328 0 -2.2961 2-4edge.dat
1 16 -10 0 -10 5.54328 0 -2.2961 0 -1 0 -2.2961 0 -5.54328 1-8edge.dat
1 16 -10 -4 -10 5.54328 0 -2.2961 0 -1 0 -2.2961 0 -5.54328 1-8edge.dat
1 16 -10 -4 -10 3.69552 0 -1.53073 0 -1 0 -1.53073 0 -3.69552 1-8edge.dat
1 16 -10 0 -10 3.69552 0 -1.53073 0 -1 0 -1.53073 0 -3.69552 1-8edge.dat
1 16 -10 0 -10 1.53073 0 -3.69552 0 -1 0 -3.69552 0 -1.53073 2-4edge.dat
1 16 -10 -4 -10 -1.84776 0 0.765367 0 1 0 0.765367 0 1.84776 1-8ring2.dat
4 16 -11.33 -4 -4.24 -12.3 -4 -4.46 -11.53 -4 -6.3 -10.15 -4 -6
4 16 -4.46 -4 -12.3 -4.27 -4 -11.3 -6.05 -4 -10.15 -6.3 -4 -11.53
2 24 -11.33 -4 -4.24 -10.15 -4 -6
2 24 -11.33 -4 -4.24 -12.3 -4 -4.46
2 24 -4.46 -4 -12.3 -4.27 -4 -11.3
2 24 -4.27 -4 -11.3 -6.05 -4 -10.15
2 24 -10.15 -4 -6 -11.53 -4 -6.3
2 24 -6.3 -4 -11.53 -6.05 -4 -10.15
2 24 -11.33 0 -4.24 -10.15 0 -6
2 24 -11.33 0 -4.24 -12.3 0 -4.46
2 24 -4.46 0 -12.3 -4.27 0 -11.3
2 24 -4.27 0 -11.3 -6.05 0 -10.15
2 24 -10.15 0 -6 -11.53 0 -6.3
2 24 -6.3 0 -11.53 -6.05 0 -10.15
2 24 -11.33 -4 -4.24 -11.33 0 -4.24
2 24 -4.27 -4 -11.3 -4.27 0 -11.3
2 24 -10.15 -4 -6 -10.15 0 -6
2 24 -6.05 -4 -10.15 -6.05 0 -10.15
0 Stud 4
4 16 6 0 -10.15 4.24 0 -11.33 4.24 -4 -11.33 6 -4 -10.15
4 16 10.15 -4 -6.05 11.3 -4 -4.27 11.3 0 -4.27 10.15 0 -6.05
4 16 4.24 0 -11.33 4.46 0 -12.3 4.46 -4 -12.3 4.24 -4 -11.33
4 16 11.3 -4 -4.27 12.3 -4 -4.46 12.3 0 -4.46 11.3 0 -4.27
5 24 4.46 0 -12.3 4.46 -4 -12.3 4.24 -4 -11.33 5.76 -4 -14.24
5 24 12.3 0 -4.46 12.3 -4 -4.46 14.24 -4 -5.76 11.3 -4 -4.27
4 16 6 0 -10.15 6 -4 -10.15 6.3 -4 -11.53 6.3 0 -11.53
4 16 11.53 -4 -6.3 10.15 -4 -6.05 10.15 0 -6.05 11.53 0 -6.3
1 16 10 -4 -10 0.765367 0 1.84776 0 1 0 1.84776 0 -0.765367 2-4ring2.dat
1 16 10 -4 -10 3.69552 0 1.53073 0 -1 0 1.53073 0 -3.69552 2-4edge.dat
0 BFC INVERTNEXT
1 16 10 0 -10 3.69552 0 1.53073 0 -4 0 1.53073 0 -3.69552 2-4cyli.dat
0 BFC INVERTNEXT
1 16 10 0 -10 1.53074 0 3.69552 0 -4 0 3.69552 0 -1.53074 1-8cyli.dat
1 16 10 -4 -10 5.54328 0 2.2961 0 -1 0 2.2961 0 -5.54328 2-4edge.dat
1 16 10 0 -10 5.54328 0 2.2961 0 -4 0 2.2961 0 -5.54328 2-4cyli.dat
1 16 10 0 -10 2.2961 0 5.54328 0 -4 0 5.54328 0 -2.2961 1-8cyli.dat
1 16 10 0 -10 5.54328 0 2.2961 0 -1 0 2.2961 0 -5.54328 2-4edge.dat
1 16 10 0 -10 2.2961 0 5.54328 0 -1 0 5.54328 0 -2.2961 1-8edge.dat
1 16 10 -4 -10 2.2961 0 5.54328 0 -1 0 5.54328 0 -2.2961 1-8edge.dat
1 16 10 -4 -10 1.53073 0 3.69552 0 -1 0 3.69552 0 -1.53073 1-8edge.dat
1 16 10 0 -10 1.53073 0 3.69552 0 -1 0 3.69552 0 -1.53073 1-8edge.dat
1 16 10 0 -10 3.69552 0 1.53073 0 -1 0 1.53073 0 -3.69552 2-4edge.dat
1 16 10 -4 -10 -0.765367 0 -1.84776 0 1 0 -1.84776 0 0.765367 1-8ring2.dat
4 16 4.24 -4 -11.33 4.46 -4 -12.3 6.3 -4 -11.53 6 -4 -10.15
4 16 12.3 -4 -4.46 11.3 -4 -4.27 10.15 -4 -6.05 11.53 -4 -6.3
2 24 4.24 -4 -11.33 6 -4 -10.15
2 24 4.24 -4 -11.33 4.46 -4 -12.3
2 24 12.3 -4 -4.46 11.3 -4 -4.27
2 24 11.3 -4 -4.27 10.15 -4 -6.05
2 24 6 -4 -10.15 6.3 -4 -11.53
2 24 11.53 -4 -6.3 10.15 -4 -6.05
2 24 4.24 0 -11.33 6 0 -10.15
2 24 4.24 0 -11.33 4.46 0 -12.3
2 24 12.3 0 -4.46 11.3 0 -4.27
2 24 11.3 0 -4.27 10.15 0 -6.05
2 24 6 0 -10.15 6.3 0 -11.53
2 24 11.53 0 -6.3 10.15 0 -6.05
2 24 4.24 -4 -11.33 4.24 0 -11.33
2 24 11.3 -4 -4.27 11.3 0 -4.27
2 24 6 -4 -10.15 6 0 -10.15
2 24 10.15 -4 -6.05 10.15 0 -6.05
0
