0 Stud Tube Open Split (Fast-Draw)
0 Name: 8\stud16.dat
0 Author: Philippe Hurbain [Philo]
0 !LDRAW_ORG 8_Primitive UPDATE 2013-02
0 !LICENSE Redistributable under CCAL version 2.0 : see CAreadme.txt

0 BFC CERTIFY CCW

0 !HISTORY 2011-07-25 [PTadmin] Official Update 2011-01
0 !HISTORY 2013-12-23 [PTadmin] Official Update 2013-02

2 24 -7.357 0 1.5 -5.6 0 5.6
2 24 -7.357 -4 1.5 -5.6 -4 5.6
2 24 -5.357 0 1.5 -4.2 0 4.2
2 24 -5.357 -4 1.5 -4.2 -4 4.2
4 16 -5.357 -4 1.5 -4.2 -4 4.2 -5.6 -4 5.6 -7.357 -4 1.5
4 16 -7.357 -4 1.5 -5.6 -4 5.6 -5.6 0 5.6 -7.357 0 1.5
4 16 -5.357 0 1.5 -4.2 0 4.2 -4.2 -4 4.2 -5.357 -4 1.5
2 24 -5.6 0 5.6 0 0 8
2 24 -5.6 -4 5.6 0 -4 8
2 24 -4.2 0 4.2 0 0 6
2 24 -4.2 -4 4.2 0 -4 6
4 16 -4.2 -4 4.2 0 -4 6 0 -4 8 -5.6 -4 5.6
4 16 -5.6 0 5.6 -5.6 -4 5.6 0 -4 8 0 0 8
5 24 -5.6 -4 5.6 -5.6 0 5.6 0 -4 8 -8 -4 0
4 16 -4.2 0 4.2 0 0 6 0 -4 6 -4.2 -4 4.2
5 24 -4.2 -4 4.2 -4.2 0 4.2 0 -4 6 -6 -4 0
2 24 0 0 8 5.6 0 5.6
2 24 0 -4 8 5.6 -4 5.6
2 24 0 0 6 4.2 0 4.2
2 24 0 -4 6 4.2 -4 4.2
4 16 0 -4 6 4.2 -4 4.2 5.6 -4 5.6 0 -4 8
4 16 0 0 8 0 -4 8 5.6 -4 5.6 5.6 0 5.6
5 24 0 -4 8 0 0 8 5.6 -4 5.6 -5.6 -4 5.6
4 16 0 0 6 4.2 0 4.2 4.2 -4 4.2 0 -4 6
5 24 0 -4 6 0 0 6 4.2 -4 4.2 -4.2 -4 4.2
2 24 5.6 0 5.6 7.357 0 1.5
2 24 5.6 -4 5.6 7.357 -4 1.5
2 24 4.2 0 4.2 5.357 0 1.5
2 24 4.2 -4 4.2 5.357 -4 1.5
4 16 7.357 -4 1.5 5.6 -4 5.6 4.2 -4 4.2 5.357 -4 1.5
4 16 7.357 0 1.5 5.6 0 5.6 5.6 -4 5.6 7.357 -4 1.5
5 24 5.6 -4 5.6 5.6 0 5.6 8 -4 0 0 -4 8
4 16 5.357 -4 1.5 4.2 -4 4.2 4.2 0 4.2 5.357 0 1.5
5 24 4.2 -4 4.2 4.2 0 4.2 6 -4 0 0 -4 6
1 16 -6.357 -2 1.5 0 0 -1 2 0 0 0 1 0 rect.dat
1 16 6.357 -2 1.5 0 0 -1 2 0 0 0 1 0 rect.dat
2 24 -7.357 0 -1.5 -5.6 0 -5.6
2 24 -7.357 -4 -1.5 -5.6 -4 -5.6
2 24 -5.357 0 -1.5 -4.2 0 -4.2
2 24 -5.357 -4 -1.5 -4.2 -4 -4.2
4 16 -7.357 -4 -1.5 -5.6 -4 -5.6 -4.2 -4 -4.2 -5.357 -4 -1.5
4 16 -7.357 0 -1.5 -5.6 0 -5.6 -5.6 -4 -5.6 -7.357 -4 -1.5
4 16 -5.357 -4 -1.5 -4.2 -4 -4.2 -4.2 0 -4.2 -5.357 0 -1.5
2 24 -5.6 0 -5.6 0 0 -8
2 24 -5.6 -4 -5.6 0 -4 -8
2 24 -4.2 0 -4.2 0 0 -6
2 24 -4.2 -4 -4.2 0 -4 -6
4 16 -5.6 -4 -5.6 0 -4 -8 0 -4 -6 -4.2 -4 -4.2
4 16 0 0 -8 0 -4 -8 -5.6 -4 -5.6 -5.6 0 -5.6
5 24 -5.6 -4 -5.6 -5.6 0 -5.6 0 -4 -8 -8 -4 0
4 16 -4.2 -4 -4.2 0 -4 -6 0 0 -6 -4.2 0 -4.2
5 24 -4.2 -4 -4.2 -4.2 0 -4.2 0 -4 -6 -6 -4 0
2 24 0 0 -8 5.6 0 -5.6
2 24 0 -4 -8 5.6 -4 -5.6
2 24 0 0 -6 4.2 0 -4.2
2 24 0 -4 -6 4.2 -4 -4.2
4 16 0 -4 -8 5.6 -4 -5.6 4.2 -4 -4.2 0 -4 -6
4 16 5.6 0 -5.6 5.6 -4 -5.6 0 -4 -8 0 0 -8
5 24 0 -4 -8 0 0 -8 5.6 -4 -5.6 -5.6 -4 -5.6
4 16 0 -4 -6 4.2 -4 -4.2 4.2 0 -4.2 0 0 -6
5 24 0 -4 -6 0 0 -6 4.2 -4 -4.2 -4.2 -4 -4.2
2 24 5.6 0 -5.6 7.357 0 -1.5
2 24 5.6 -4 -5.6 7.357 -4 -1.5
2 24 4.2 0 -4.2 5.357 0 -1.5
2 24 4.2 -4 -4.2 5.357 -4 -1.5
4 16 5.357 -4 -1.5 4.2 -4 -4.2 5.6 -4 -5.6 7.357 -4 -1.5
4 16 7.357 -4 -1.5 5.6 -4 -5.6 5.6 0 -5.6 7.357 0 -1.5
5 24 5.6 -4 -5.6 5.6 0 -5.6 8 -4 0 0 -4 -8
4 16 5.357 0 -1.5 4.2 0 -4.2 4.2 -4 -4.2 5.357 -4 -1.5
5 24 4.2 -4 -4.2 4.2 0 -4.2 6 -4 0 0 -4 -6
1 16 -6.357 -2 -1.5 0 0 -1 2 0 0 0 -1 0 rect.dat
1 16 6.357 -2 -1.5 0 0 -1 2 0 0 0 -1 0 rect.dat
