0 Stud Tube Open with Extended Hole (Fast-Draw)
0 Name: 8\stud4h.dat
0 Author: Tim Gould [timgould]
0 !LDRAW_ORG 8_Primitive UPDATE 2013-02
0 !LICENSE Redistributable under CCAL version 2.0 : see CAreadme.txt

0 BFC CERTIFY CCW

0 !HISTORY 2012-02-13 [timgould] Modified from stu24.dat
0 !HISTORY 2012-03-30 [PTadmin] Official Update 2012-01
0 !HISTORY 2013-12-23 [PTadmin] Official Update 2013-02

2 24 8 0 0 5.6 0 -5.6
2 24 8 -4 0 5.6 -4 -5.6
2 24 6 4 0 4.2 4 -4.2
2 24 6 -4 0 4.2 -4 -4.2
4 16 6 -4 0 4.2 -4 -4.2 5.6 -4 -5.6 8 -4 0
4 16 8 0 0 8 -4 0 5.6 -4 -5.6 5.6 0 -5.6
5 24 8 -4 0 8 0 0 5.6 -4 -5.6 5.6 -4 5.6
4 16 6 4 0 4.2 4 -4.2 4.2 -4 -4.2 6 -4 0
5 24 6 -4 0 6 4 0 4.2 -4 -4.2 4.2 -4 4.2
2 24 5.6 0 -5.6 0 0 -8
2 24 5.6 -4 -5.6 0 -4 -8
2 24 4.2 4 -4.2 0 4 -6
2 24 4.2 -4 -4.2 0 -4 -6
4 16 4.2 -4 -4.2 0 -4 -6 0 -4 -8 5.6 -4 -5.6
4 16 5.6 0 -5.6 5.6 -4 -5.6 0 -4 -8 0 0 -8
5 24 5.6 -4 -5.6 5.6 0 -5.6 0 -4 -8 8 -4 0
4 16 4.2 4 -4.2 0 4 -6 0 -4 -6 4.2 -4 -4.2
5 24 4.2 -4 -4.2 4.2 4 -4.2 0 -4 -6 6 -4 0
2 24 0 0 -8 -5.6 0 -5.6
2 24 0 -4 -8 -5.6 -4 -5.6
2 24 0 4 -6 -4.2 4 -4.2
2 24 0 -4 -6 -4.2 -4 -4.2
4 16 0 -4 -6 -4.2 -4 -4.2 -5.6 -4 -5.6 0 -4 -8
4 16 0 0 -8 0 -4 -8 -5.6 -4 -5.6 -5.6 0 -5.6
5 24 0 -4 -8 0 0 -8 -5.6 -4 -5.6 5.6 -4 -5.6
4 16 0 4 -6 -4.2 4 -4.2 -4.2 -4 -4.2 0 -4 -6
5 24 0 -4 -6 0 4 -6 -4.2 -4 -4.2 4.2 -4 -4.2
2 24 -5.6 0 -5.6 -8 0 0
2 24 -5.6 -4 -5.6 -8 -4 0
2 24 -4.2 4 -4.2 -6 4 0
2 24 -4.2 -4 -4.2 -6 -4 0
4 16 -4.2 -4 -4.2 -6 -4 0 -8 -4 0 -5.6 -4 -5.6
4 16 -5.6 0 -5.6 -5.6 -4 -5.6 -8 -4 0 -8 0 0
5 24 -5.6 -4 -5.6 -5.6 0 -5.6 -8 -4 0 0 -4 -8
4 16 -4.2 4 -4.2 -6 4 0 -6 -4 0 -4.2 -4 -4.2
5 24 -4.2 -4 -4.2 -4.2 4 -4.2 -6 -4 0 0 -4 -6
2 24 -8 0 0 -5.6 0 5.6
2 24 -8 -4 0 -5.6 -4 5.6
2 24 -6 4 0 -4.2 4 4.2
2 24 -6 -4 0 -4.2 -4 4.2
4 16 -6 -4 0 -4.2 -4 4.2 -5.6 -4 5.6 -8 -4 0
4 16 -8 0 0 -8 -4 0 -5.6 -4 5.6 -5.6 0 5.6
5 24 -8 -4 0 -8 0 0 -5.6 -4 5.6 -5.6 -4 -5.6
4 16 -6 4 0 -4.2 4 4.2 -4.2 -4 4.2 -6 -4 0
5 24 -6 -4 0 -6 4 0 -4.2 -4 4.2 -4.2 -4 -4.2
2 24 -5.6 0 5.6 0 0 8
2 24 -5.6 -4 5.6 0 -4 8
2 24 -4.2 4 4.2 0 4 6
2 24 -4.2 -4 4.2 0 -4 6
4 16 -4.2 -4 4.2 0 -4 6 0 -4 8 -5.6 -4 5.6
4 16 -5.6 0 5.6 -5.6 -4 5.6 0 -4 8 0 0 8
5 24 -5.6 -4 5.6 -5.6 0 5.6 0 -4 8 -8 -4 0
4 16 -4.2 4 4.2 0 4 6 0 -4 6 -4.2 -4 4.2
5 24 -4.2 -4 4.2 -4.2 4 4.2 0 -4 6 -6 -4 0
2 24 0 0 8 5.6 0 5.6
2 24 0 -4 8 5.6 -4 5.6
2 24 0 4 6 4.2 4 4.2
2 24 0 -4 6 4.2 -4 4.2
4 16 0 -4 6 4.2 -4 4.2 5.6 -4 5.6 0 -4 8
4 16 0 0 8 0 -4 8 5.6 -4 5.6 5.6 0 5.6
5 24 0 -4 8 0 0 8 5.6 -4 5.6 -5.6 -4 5.6
4 16 0 4 6 4.2 4 4.2 4.2 -4 4.2 0 -4 6
5 24 0 -4 6 0 4 6 4.2 -4 4.2 -4.2 -4 4.2
2 24 5.6 0 5.6 8 0 0
2 24 5.6 -4 5.6 8 -4 0
2 24 4.2 4 4.2 6 4 0
2 24 4.2 -4 4.2 6 -4 0
4 16 4.2 -4 4.2 6 -4 0 8 -4 0 5.6 -4 5.6
4 16 5.6 0 5.6 5.6 -4 5.6 8 -4 0 8 0 0
5 24 5.6 -4 5.6 5.6 0 5.6 8 -4 0 0 -4 8
4 16 4.2 4 4.2 6 4 0 6 -4 0 4.2 -4 4.2
5 24 4.2 -4 4.2 4.2 4 4.2 6 -4 0 0 -4 6
0 
