0 Stud Tube Open Sloped (Fast-Draw)
0 Name: 8\stud4s.dat
0 Author: Guy Vivan [guyvivan]
0 !LDRAW_ORG 8_Primitive UPDATE 2013-02
0 !LICENSE Redistributable under CCAL version 2.0 : see CAreadme.txt

0 BFC CERTIFY CCW

0 !HELP For use between a stud4a and a sloped surface. It is enough
0 !HELP to know coordinates Y of the centre and that of the outside
0 !HELP circle. The difference of both coordinates is the height of
0 !HELP the primitive to be applied. Finally, this primitive can be
0 !HELP used with all the parts sloped using a STUD4A. H = Y center
0 !HELP sloped - Y common border. (Fast-Draw)

0 !HISTORY 2009-09-03 [PTadmin] Official Update 2009-02
0 !HISTORY 2013-12-23 [PTadmin] Official Update 2013-02

2 24 8 0 0 5.6 -0.3 5.6
2 24 5.6 -0.3 5.6 0 -1 8
2 24 0 -1 8 -5.6 -1.7 5.6
2 24 -5.6 -1.7 5.6 -8 -2 0
2 24 8 0 0 5.6 -0.3 -5.6
2 24 5.6 -0.3 -5.6 0 -1 -8
2 24 0 -1 -8 -5.6 -1.7 -5.6
2 24 -5.6 -1.7 -5.6 -8 -2 0
3 16 5.6 0 5.6 5.6 -0.3 5.6 8 0 0
4 16 5.6 0 5.6 0 0 8 0 -1 8 5.6 -0.3 5.6
4 16 0 0 8 -5.6 0 5.6 -5.6 -1.7 5.6 0 -1 8
4 16 -5.6 0 5.6 -8 0 0 -8 -2 0 -5.6 -1.7 5.6
3 16 8 0 0 5.6 -0.3 -5.6 5.6 0 -5.6
4 16 5.6 -0.3 -5.6 0 -1 -8 0 0 -8 5.6 0 -5.6
4 16 0 -1 -8 -5.6 -1.7 -5.6 -5.6 0 -5.6 0 0 -8
4 16 -5.6 -1.7 -5.6 -8 -2 0 -8 0 0 -5.6 0 -5.6
5 24 5.6 -0.3 5.6 5.6 0 5.6 8 0 0 0 0 8
5 24 0 -1 8 0 0 8 5.6 0 5.6 -5.6 0 5.6
5 24 -5.6 -1.7 5.6 -5.6 0 5.6 0 0 8 -8 0 0
5 24 -8 -2 0 -8 0 0 -5.6 0 5.6 -5.6 0 -5.6
5 24 5.6 -0.3 -5.6 5.6 0 -5.6 8 0 0 0 0 -8
5 24 0 -1 -8 0 0 -8 5.6 0 -5.6 -5.6 0 -5.6
5 24 -5.6 -1.7 -5.6 -5.6 0 -5.6 0 0 -8 -8 0 0
2 24 6 -0.25 0 4.2 -0.475 4.2
2 24 4.2 -0.475 4.2 0 -1 6
2 24 0 -1 6 -4.2 -1.525 4.2
2 24 -4.2 -1.525 4.2 -6 -1.75 0
2 24 6 -0.25 0 4.2 -0.475 -4.2
2 24 4.2 -0.475 -4.2 0 -1 -6
2 24 0 -1 -6 -4.2 -1.525 -4.2
2 24 -4.2 -1.525 -4.2 -6 -1.75 0
4 16 6 -0.25 0 4.2 -0.475 4.2 4.2 0 4.2 6 0 0
4 16 4.2 -0.475 4.2 0 -1 6 0 0 6 4.2 0 4.2
4 16 0 -1 6 -4.2 -1.525 4.2 -4.2 0 4.2 0 0 6
4 16 -4.2 -1.525 4.2 -6 -1.75 0 -6 0 0 -4.2 0 4.2
4 16 6 0 0 4.2 0 -4.2 4.2 -0.475 -4.2 6 -0.25 0
4 16 4.2 0 -4.2 0 0 -6 0 -1 -6 4.2 -0.475 -4.2
4 16 0 0 -6 -4.2 0 -4.2 -4.2 -1.525 -4.2 0 -1 -6
4 16 -4.2 0 -4.2 -6 0 0 -6 -1.75 0 -4.2 -1.525 -4.2
5 24 6 -0.25 0 6 0 0 4.2 0 4.2 4.2 0 -4.2
5 24 4.2 -0.475 4.2 4.2 0 4.2 0 0 6 6 0 0
5 24 4.2 -0.475 -4.2 4.2 0 -4.2 0 0 -6 6 0 0
5 24 0 -1 6 0 0 6 -4.2 0 4.2 4.2 0 4.2
5 24 0 -1 -6 0 0 -6 -4.2 0 -4.2 4.2 0 -4.2
5 24 -4.2 -1.525 4.2 -4.2 0 4.2 -6 0 0 0 0 6
5 24 -4.2 -1.525 -4.2 -4.2 0 -4.2 -6 0 0 0 0 -6
5 24 -6 -1.75 0 -6 0 0 -4.2 0 4.2 -4.2 0 -4.2
0
