0 Stud Tube Open 0.500 Sloped (Fast-Draw)
0 Name: 8\stud4s2.dat
0 Author: Greg Teft [gregteft]
0 !LDRAW_ORG 8_Primitive UPDATE 2013-02
0 !LICENSE Redistributable under CCAL version 2.0 : see CAreadme.txt

0 BFC CERTIFY CCW

0 !HELP For use between a stud4a and a half-sloped surface. It is enough
0 !HELP to know coordinates Y of the centre and that of the outside circle.
0 !HELP The difference of both coordinates is the height of the primitive
0 !HELP to be applied. Finally, this primitive can be used with all the
0 !HELP parts sloped using a STUD4A. H = Y center sloped - Y common border.
0 !HELP (Fast-Draw)

0 !HISTORY 2012-08-09 [PTadmin] Official Update 2012-02
0 !HISTORY 2013-12-23 [PTadmin] Official Update 2013-02

0 // help mostly quoted from stu24s by [guyvivian]

2 24 8 0 0 5.7 -0.3 5.7
2 24 5.7 -0.3 5.7 0 -1 8
2 24 0 -1 8 -5.7 -1 5.7
2 24 -5.7 -1 5.7 -8 -1 0
2 24 -8 -1 0 -5.7 -1 -5.7
2 24 -5.7 -1 -5.7 0 -1 -8
2 24 0 -1 -8 5.7 -0.3 -5.7
2 24 5.7 -0.3 -5.7 8 0 0
3 16 8 0 0 5.7 0 5.7 5.7 -0.3 5.7
3 16 5.7 -0.3 -5.7 5.7 0 -5.7 8 0 0
4 16 5.7 -0.3 5.7 5.7 0 5.7 0 0 8 0 -1 8
4 16 0 -1 8 0 0 8 -5.7 0 5.7 -5.7 -1 5.7
4 16 -5.7 -1 5.7 -5.7 0 5.7 -8 0 0 -8 -1 0
4 16 -8 -1 0 -8 0 0 -5.7 0 -5.7 -5.7 -1 -5.7
4 16 -5.7 -1 -5.7 -5.7 0 -5.7 0 0 -8 0 -1 -8
4 16 0 -1 -8 0 0 -8 5.7 0 -5.7 5.7 -0.3 -5.7
5 24 5.7 -0.3 5.7 5.7 0 5.7 8 0 0 0 0 8
5 24 0 -1 8 0 0 8 5.7 0 5.7 -5.7 0 5.7
5 24 -5.7 -1 5.7 -5.7 0 5.7 0 0 8 -8 0 0
5 24 -8 -1 0 -8 0 0 -5.7 0 5.7 -5.7 0 -5.7
5 24 -5.7 -1 -5.7 -5.7 0 -5.7 -8 0 0 0 0 -8
5 24 0 -1 -8 0 0 -8 -5.7 0 -5.7 5.7 0 -5.7
5 24 5.7 -0.3 -5.7 5.7 0 -5.7 0 0 -8 8 0 0

2 24 6 -0.2 0 4.2 -0.5 4.2
2 24 4.2 -0.5 4.2 0 -1 6
2 24 0 -1 6 -4.2 -1 4.2
2 24 -4.2 -1 4.2 -6 -1 0
2 24 -6 -1 0 -4.2 -1 -4.2
2 24 -4.2 -1 -4.2 0 -1 -6
2 24 0 -1 -6 4.2 -0.5 -4.2
2 24 4.2 -0.5 -4.2 6 -0.2 0
4 16 6 0 0 6 -0.2 0 4.2 -0.5 4.2 4.2 0 4.2
4 16 4.2 0 4.2 4.2 -0.5 4.2 0 -1 6 0 0 6
4 16 0 0 6 0 -1 6 -4.2 -1 4.2 -4.2 0 4.2
4 16 -4.2 0 4.2 -4.2 -1 4.2 -6 -1 0 -6 0 0
4 16 -6 0 0 -6 -1 0 -4.2 -1 -4.2 -4.2 0 -4.2
4 16 -4.2 0 -4.2 -4.2 -1 -4.2 0 -1 -6 0 0 -6
4 16 0 0 -6 0 -1 -6 4.2 -0.5 -4.2 4.2 0 -4.2
4 16 4.2 0 -4.2 4.2 -0.5 -4.2 6 -0.2 0 6 0 0
5 24 6 -0.2 0 6 0 0 4.2 0 -4.2 4.2 0 4.2
5 24 4.2 -0.5 4.2 4.2 0 4.2 6 0 0 0 0 6
5 24 0 -1 6 0 0 6 4.2 0 4.2 -4.2 0 4.2
5 24 -4.2 -1 4.2 -4.2 0 4.2 0 0 6 -6 0 0
5 24 -6 -1 0 -6 0 0 -4.2 0 4.2 -4.2 0 -4.2
5 24 -4.2 -1 -4.2 -4.2 0 -4.2 -6 0 0 0 0 -6
5 24 0 -1 -6 0 0 -6 -4.2 0 -4.2 4.2 0 -4.2
5 24 4.2 -0.5 -4.2 4.2 0 -4.2 0 0 -6 6 0 0
